0 1
0 2
0 3
0 18
0 19
1 0
1 4
1 18
1 19
2 0
2 3
2 6
2 23
3 0
3 2
3 4
3 7
4 1
4 3
4 5
4 8
5 4
5 9
5 24
5 29
6 2
6 7
6 23
6 27
6 28
7 3
7 6
7 8
7 10
8 4
8 7
8 9
8 11
9 5
9 8
9 11
9 29
10 7
10 28
10 33
10 34
11 8
11 9
11 34
11 35
12 13
12 17
12 42
12 43
13 12
13 14
13 18
13 43
14 13
14 15
14 19
14 44
15 14
15 20
15 44
15 45
16 17
16 22
16 47
16 49
17 12
17 16
17 18
17 23
18 0
18 1
18 13
18 17
19 0
19 1
19 14
19 20
20 15
20 19
20 21
20 24
20 45
21 20
21 25
21 48
21 50
22 16
22 23
22 26
22 47
22 49
23 2
23 6
23 17
23 22
24 5
24 20
24 25
24 29
25 21
25 24
25 30
25 50
26 22
26 27
26 31
26 51
27 6
27 26
27 28
27 32
28 6
28 10
28 27
28 32
28 33
29 5
29 9
29 24
29 30
29 35
30 25
30 29
30 36
30 52
31 26
31 32
31 51
31 53
32 27
32 28
32 31
32 33
32 37
33 10
33 28
33 32
33 34
33 38
34 10
34 11
34 33
34 35
34 39
35 11
35 29
35 34
35 36
35 40
36 30
36 35
36 52
36 54
37 32
37 38
37 56
37 57
38 33
38 37
38 39
38 57
39 34
39 38
39 40
39 58
40 35
40 39
40 58
40 59
41 42
41 47
41 61
41 62
41 67
42 12
42 41
42 43
42 47
43 12
43 13
43 42
43 44
43 63
44 14
44 15
44 43
44 45
44 64
45 15
45 20
45 44
45 46
46 45
46 48
46 65
46 66
46 68
47 16
47 22
47 41
47 42
47 49
48 21
48 46
48 50
48 68
49 16
49 22
49 47
49 69
50 21
50 25
50 48
50 52
50 70
51 26
51 31
51 53
51 71
52 30
52 36
52 50
52 54
52 72
53 31
53 51
53 55
53 56
53 73
54 36
54 52
54 59
54 60
54 74
55 53
55 56
55 73
55 75
55 76
56 37
56 53
56 55
56 57
57 37
57 38
57 56
57 58
57 77
58 39
58 40
58 57
58 59
58 78
59 40
59 54
59 58
59 60
60 54
60 59
60 74
60 79
60 80
61 41
61 62
61 67
61 81
62 41
62 61
62 63
62 82
63 43
63 62
63 64
63 83
64 44
64 63
64 65
64 84
65 46
65 64
65 66
65 85
65 86
66 46
66 65
66 68
66 86
67 41
67 61
67 69
67 87
68 46
68 48
68 66
68 70
68 88
69 49
69 67
69 71
69 89
70 50
70 68
70 72
70 90
71 51
71 69
71 73
71 91
72 52
72 70
72 74
72 92
73 53
73 55
73 71
73 75
73 93
74 54
74 60
74 72
74 80
74 94
75 55
75 73
75 76
75 95
76 55
76 75
76 77
76 96
77 57
77 76
77 78
77 97
78 58
78 77
78 79
78 98
79 60
79 78
79 80
79 99
79 100
80 60
80 74
80 79
80 100
81 61
81 82
81 87
81 101
82 62
82 81
82 83
82 87
82 102
83 63
83 82
83 84
83 103
84 64
84 83
84 85
84 104
85 65
85 84
85 86
85 105
85 106
86 65
86 66
86 85
86 88
86 106
87 67
87 81
87 82
87 89
87 107
88 68
88 86
88 90
88 108
89 69
89 87
89 91
89 109
90 70
90 88
90 92
90 110
91 71
91 89
91 93
91 111
92 72
92 90
92 94
92 112
93 73
93 91
93 95
93 113
94 74
94 92
94 100
94 114
95 75
95 93
95 96
95 115
96 76
96 95
96 97
96 115
96 116
97 77
97 96
97 98
97 117
98 78
98 97
98 99
98 118
99 79
99 98
99 100
99 119
99 120
100 79
100 80
100 94
100 99
100 120
101 81
101 102
101 107
101 121
102 82
102 101
102 103
102 107
102 122
103 83
103 102
103 104
103 123
104 84
104 103
104 105
104 124
105 85
105 104
105 106
105 125
105 126
106 85
106 86
106 105
106 108
106 126
107 87
107 101
107 102
107 109
107 127
108 88
108 106
108 110
108 128
109 89
109 107
109 111
109 129
110 90
110 108
110 112
110 130
111 91
111 109
111 113
111 131
112 92
112 110
112 114
112 132
113 93
113 111
113 115
113 133
114 94
114 112
114 120
114 134
115 95
115 96
115 113
115 116
115 135
116 96
116 115
116 117
116 136
117 97
117 116
117 118
117 137
118 98
118 117
118 119
118 138
119 99
119 118
119 120
119 139
119 140
120 99
120 100
120 114
120 119
120 140
121 101
121 122
121 127
121 141
122 102
122 121
122 123
122 142
123 103
123 122
123 124
123 143
124 104
124 123
124 125
124 144
125 105
125 124
125 126
125 145
125 146
126 105
126 106
126 125
126 128
126 146
127 107
127 121
127 129
127 147
128 108
128 126
128 130
128 148
129 109
129 127
129 131
129 149
130 110
130 128
130 132
130 150
131 111
131 129
131 133
131 151
132 112
132 130
132 134
132 152
133 113
133 131
133 135
133 153
134 114
134 132
134 140
134 154
135 115
135 133
135 136
135 155
136 116
136 135
136 137
136 156
137 117
137 136
137 138
137 157
138 118
138 137
138 139
138 158
139 119
139 138
139 140
139 159
139 160
140 119
140 120
140 134
140 139
140 160
141 121
141 142
141 147
141 161
142 122
142 141
142 143
142 162
143 123
143 142
143 144
143 163
144 124
144 143
144 145
144 164
145 125
145 144
145 146
145 165
146 125
146 126
146 145
146 148
146 166
147 127
147 141
147 149
147 167
148 128
148 146
148 150
148 168
149 129
149 147
149 151
149 169
150 130
150 148
150 152
150 170
151 131
151 149
151 153
151 171
152 132
152 150
152 154
152 172
153 133
153 151
153 155
153 173
154 134
154 152
154 160
154 174
155 135
155 153
155 156
155 175
156 136
156 155
156 157
156 176
157 137
157 156
157 158
157 177
158 138
158 157
158 159
158 178
159 139
159 158
159 160
159 179
160 139
160 140
160 154
160 159
160 180
161 141
161 162
161 167
161 181
162 142
162 161
162 163
162 182
162 183
163 143
163 162
163 164
163 183
164 144
164 163
164 165
164 184
165 145
165 164
165 166
165 185
166 146
166 165
166 168
166 186
167 147
167 161
167 169
167 187
168 148
168 166
168 170
168 188
169 149
169 167
169 171
169 189
170 150
170 168
170 172
170 190
171 151
171 169
171 173
171 191
172 152
172 170
172 174
172 192
173 153
173 171
173 175
173 193
174 154
174 172
174 180
174 194
175 155
175 173
175 176
175 195
176 156
176 175
176 177
176 196
177 157
177 176
177 178
177 197
178 158
178 177
178 179
178 198
179 159
179 178
179 180
179 199
180 160
180 174
180 179
180 200
181 161
181 182
181 187
181 201
182 162
182 181
182 183
182 202
182 203
183 162
183 163
183 182
183 184
183 203
184 164
184 183
184 185
184 204
185 165
185 184
185 186
185 205
186 166
186 185
186 188
186 206
187 167
187 181
187 189
187 207
188 168
188 186
188 190
188 208
189 169
189 187
189 191
189 209
190 170
190 188
190 192
190 210
191 171
191 189
191 193
191 211
192 172
192 190
192 194
192 212
193 173
193 191
193 195
193 213
194 174
194 192
194 200
194 214
195 175
195 193
195 196
195 215
196 176
196 195
196 197
196 216
197 177
197 196
197 198
197 216
197 217
198 178
198 197
198 199
198 218
199 179
199 198
199 200
199 219
200 180
200 194
200 199
200 220
201 181
201 202
201 207
201 221
202 182
202 201
202 203
202 222
203 182
203 183
203 202
203 204
203 223
204 184
204 203
204 205
204 224
205 185
205 204
205 206
205 225
206 186
206 205
206 208
206 226
207 187
207 201
207 209
207 227
208 188
208 206
208 210
208 228
209 189
209 207
209 211
209 229
210 190
210 208
210 212
210 230
211 191
211 209
211 213
211 231
212 192
212 210
212 214
212 232
213 193
213 211
213 215
213 233
214 194
214 212
214 220
214 234
215 195
215 213
215 216
215 235
216 196
216 197
216 215
216 217
216 236
217 197
217 216
217 218
217 237
218 198
218 217
218 219
218 238
219 199
219 218
219 220
219 239
220 200
220 214
220 219
220 240
221 201
221 222
221 227
221 241
222 202
222 221
222 223
222 242
223 203
223 222
223 224
223 243
224 204
224 223
224 225
224 244
225 205
225 224
225 226
225 245
226 206
226 225
226 228
226 246
227 207
227 221
227 229
227 247
228 208
228 226
228 230
228 248
229 209
229 227
229 231
229 249
230 210
230 228
230 232
230 250
231 211
231 229
231 233
231 251
232 212
232 230
232 234
232 252
233 213
233 231
233 235
233 253
234 214
234 232
234 240
234 254
235 215
235 233
235 236
235 255
236 216
236 235
236 237
236 256
237 217
237 236
237 238
237 257
238 218
238 237
238 239
238 258
239 219
239 238
239 240
239 259
240 220
240 234
240 239
240 260
241 221
241 242
241 247
241 261
242 222
242 241
242 243
242 262
243 223
243 242
243 244
243 263
244 224
244 243
244 245
244 264
245 225
245 244
245 246
245 265
246 226
246 245
246 248
246 266
247 227
247 241
247 249
247 267
248 228
248 246
248 250
248 268
249 229
249 247
249 251
249 269
250 230
250 248
250 252
250 270
251 231
251 249
251 253
251 271
252 232
252 250
252 254
252 272
253 233
253 251
253 255
253 273
254 234
254 252
254 260
254 274
255 235
255 253
255 256
255 275
256 236
256 255
256 257
256 276
257 237
257 256
257 258
257 277
258 238
258 257
258 259
258 278
259 239
259 258
259 260
259 279
260 240
260 254
260 259
260 280
261 241
261 262
261 267
261 281
261 282
261 287
262 242
262 261
262 263
262 281
262 282
263 243
263 262
263 264
263 283
263 284
264 244
264 263
264 265
264 284
265 245
265 264
265 266
265 285
265 286
266 246
266 265
266 268
266 285
266 286
266 288
267 247
267 261
267 269
267 281
267 287
268 248
268 266
268 270
268 286
268 288
269 249
269 267
269 271
269 289
270 250
270 268
270 272
270 290
271 251
271 269
271 273
271 291
272 252
272 270
272 274
272 292
273 253
273 271
273 275
273 293
273 295
274 254
274 272
274 280
274 294
274 300
275 255
275 273
275 276
275 293
275 295
275 296
276 256
276 275
276 277
276 295
276 296
277 257
277 276
277 278
277 297
277 298
278 258
278 277
278 279
278 298
279 259
279 278
279 280
279 299
279 300
280 260
280 274
280 279
280 294
280 300
281 261
281 262
281 267
281 282
281 287
281 301
282 261
282 262
282 281
282 283
282 302
283 263
283 282
283 284
283 303
283 304
284 263
284 264
284 283
284 303
284 304
285 265
285 266
285 286
285 305
286 265
286 266
286 268
286 285
286 288
286 306
287 261
287 267
287 281
287 289
287 307
288 266
288 268
288 286
288 290
288 308
289 269
289 287
289 291
289 309
290 270
290 288
290 292
290 310
291 271
291 289
291 293
291 311
292 272
292 290
292 294
292 312
293 273
293 275
293 291
293 295
293 311
293 315
294 274
294 280
294 292
294 300
294 312
294 320
295 273
295 275
295 276
295 293
295 296
295 315
296 275
296 276
296 295
296 297
296 316
297 277
297 296
297 298
297 317
297 318
298 277
298 278
298 297
298 317
298 318
299 279
299 300
299 319
299 320
300 274
300 279
300 280
300 294
300 299
300 320
301 281
301 302
301 307
301 321
302 282
302 301
302 307
302 321
302 322
303 283
303 284
303 304
303 323
304 283
304 284
304 303
304 324
305 285
305 306
305 308
305 325
305 326
306 286
306 305
306 308
306 326
307 287
307 301
307 302
307 309
307 321
307 327
308 288
308 305
308 306
308 310
308 326
308 330
309 289
309 307
309 311
309 331
310 290
310 308
310 312
310 332
311 291
311 293
311 309
311 333
312 292
312 294
312 310
312 334
313 315
313 316
313 335
313 339
314 319
314 320
314 338
314 344
315 293
315 295
315 313
315 316
315 339
316 296
316 313
316 315
316 339
316 340
317 297
317 298
317 318
317 341
318 297
318 298
318 317
318 342
319 299
319 314
319 320
319 343
319 344
320 294
320 299
320 300
320 314
320 319
320 344
321 301
321 302
321 307
321 322
321 327
321 328
322 302
322 321
322 327
322 328
322 345
323 303
323 324
323 345
323 346
324 304
324 323
324 347
324 348
325 305
325 326
325 329
325 330
325 348
326 305
326 306
326 308
326 325
326 329
326 330
327 307
327 321
327 322
327 328
328 321
328 322
328 327
328 345
328 349
328 350
329 325
329 326
329 330
329 348
329 353
329 354
330 308
330 325
330 326
330 329
330 354
331 309
331 333
331 349
331 355
332 310
332 334
332 354
332 358
333 311
333 331
333 359
333 363
334 312
334 332
334 362
334 368
335 313
335 336
335 339
335 340
335 363
336 335
336 339
336 340
336 363
336 364
336 369
337 338
337 343
337 344
337 367
337 368
337 372
338 314
338 337
338 343
338 344
338 368
339 313
339 315
339 316
339 335
339 336
339 340
340 316
340 335
340 336
340 339
341 317
341 342
341 369
341 370
342 318
342 341
342 371
342 372
343 319
343 337
343 338
343 344
343 372
344 314
344 319
344 320
344 337
344 338
344 343
345 322
345 323
345 328
345 346
345 350
345 351
345 385
346 323
346 345
346 347
346 351
347 324
347 346
347 348
347 352
348 324
348 325
348 329
348 347
348 352
348 353
349 328
349 331
349 350
349 355
349 356
349 385
350 328
350 345
350 349
350 373
350 385
351 345
351 346
351 352
351 374
352 347
352 348
352 351
352 375
353 329
353 348
353 354
353 376
354 329
354 330
354 332
354 353
354 357
354 358
355 331
355 349
355 356
355 359
356 349
356 355
356 360
356 377
356 391
357 354
357 358
357 361
357 378
358 332
358 354
358 357
358 362
359 333
359 355
359 360
359 363
360 356
360 359
360 379
360 393
361 357
361 362
361 380
361 394
362 334
362 358
362 361
362 368
363 333
363 335
363 336
363 359
363 364
363 386
364 336
364 363
364 369
364 381
364 386
365 366
365 369
365 370
365 382
366 365
366 371
366 372
366 383
367 337
367 368
367 372
367 384
368 334
368 337
368 338
368 362
368 367
368 372
369 336
369 341
369 364
369 365
369 370
369 386
370 341
370 365
370 369
370 371
371 342
371 366
371 370
371 372
372 337
372 342
372 343
372 366
372 367
372 368
372 371
373 350
373 377
373 385
373 387
374 351
374 375
374 388
374 389
375 352
375 374
375 376
375 388
375 389
375 401
376 353
376 375
376 378
376 390
377 356
377 373
377 379
377 391
377 393
377 403
378 357
378 376
378 380
378 392
378 394
378 404
379 360
379 377
379 381
379 391
379 393
379 405
380 361
380 378
380 384
380 394
380 398
380 406
381 364
381 379
381 386
381 395
382 365
382 383
382 396
382 397
382 408
383 366
383 382
383 384
383 396
383 397
384 367
384 380
384 383
384 398
385 345
385 349
385 350
385 373
385 387
386 363
386 364
386 369
386 381
386 395
387 373
387 385
387 391
387 399
388 374
388 375
388 389
388 400
389 374
389 375
389 388
389 390
389 401
390 376
390 389
390 392
390 402
391 356
391 377
391 379
391 387
391 393
391 403
392 378
392 390
392 394
392 404
393 360
393 377
393 379
393 391
393 395
393 405
394 361
394 378
394 380
394 392
394 398
394 406
395 381
395 386
395 393
395 407
396 382
396 383
396 397
396 408
397 382
397 383
397 396
397 398
397 409
398 380
398 384
398 394
398 397
398 410
399 387
399 400
399 403
399 416
400 388
400 399
400 401
400 417
401 375
401 389
401 400
401 402
401 418
402 390
402 401
402 404
402 419
403 377
403 391
403 399
403 405
403 422
404 378
404 392
404 402
404 406
404 423
405 379
405 393
405 403
405 407
405 426
406 380
406 394
406 404
406 410
406 427
407 395
407 405
407 408
407 430
408 382
408 396
408 407
408 409
408 431
409 397
409 408
409 410
409 432
410 398
410 406
410 409
410 433
411 412
411 416
411 417
411 439
411 440
412 411
412 413
412 417
412 440
413 412
413 414
413 418
413 441
414 413
414 418
414 419
414 441
414 442
414 445
415 416
415 421
415 422
415 443
415 444
416 399
416 411
416 415
416 417
416 444
417 400
417 411
417 412
417 416
417 418
418 401
418 413
418 414
418 417
419 402
419 414
419 420
419 445
420 419
420 423
420 424
420 446
420 448
421 415
421 422
421 425
421 447
422 403
422 415
422 421
422 426
423 404
423 420
423 424
423 427
424 420
424 423
424 428
424 448
425 421
425 426
425 429
425 449
426 405
426 422
426 425
426 429
427 406
427 423
427 428
427 434
428 424
428 427
428 434
428 450
429 425
429 426
429 430
429 451
429 452
430 407
430 429
430 435
430 452
431 408
431 432
431 435
431 436
432 409
432 431
432 433
432 437
432 438
433 410
433 432
433 434
433 438
433 453
434 427
434 428
434 433
434 450
434 453
434 454
435 430
435 431
435 436
435 452
435 455
435 456
436 431
436 435
436 437
436 456
437 432
437 436
437 438
437 457
438 432
438 433
438 437
438 457
438 458
439 411
439 440
439 443
439 444
439 466
440 411
440 412
440 439
440 461
441 413
441 414
441 442
441 462
442 414
442 441
442 445
442 446
442 467
443 415
443 439
443 444
443 447
443 466
444 415
444 416
444 439
444 443
444 466
445 414
445 419
445 442
445 446
445 467
446 420
446 442
446 445
446 448
446 467
447 421
447 443
447 449
447 469
448 420
448 424
448 446
448 470
449 425
449 447
449 451
449 471
450 428
450 434
450 454
450 472
451 429
451 449
451 452
451 455
451 474
452 429
452 430
452 435
452 451
452 455
452 474
453 433
453 434
453 454
453 458
453 475
454 434
454 450
454 453
454 458
454 475
455 435
455 451
455 452
455 456
455 474
456 435
456 436
456 455
456 479
457 437
457 438
457 458
457 480
458 438
458 453
458 454
458 457
458 475
459 460
459 465
459 466
459 483
459 484
459 489
460 459
460 461
460 465
460 466
460 483
460 484
461 440
461 460
461 462
461 485
462 441
462 461
462 463
462 486
463 462
463 464
463 467
463 468
463 487
463 488
464 463
464 467
464 468
464 487
464 488
464 494
465 459
465 460
465 466
465 469
465 489
466 439
466 443
466 444
466 459
466 460
466 465
467 442
467 445
467 446
467 463
467 464
467 468
468 463
468 464
468 467
468 470
468 494
469 447
469 465
469 471
469 495
470 448
470 468
470 472
470 500
471 449
471 469
471 473
471 501
472 450
472 470
472 506
472 512
473 471
473 474
473 477
473 478
473 507
473 513
474 451
474 452
474 455
474 473
474 477
474 478
475 453
475 454
475 458
475 476
475 481
475 482
476 475
476 481
476 482
476 512
476 518
477 473
477 474
477 478
477 507
477 508
477 513
477 514
478 473
478 474
478 477
478 479
478 513
478 514
479 456
479 478
479 480
479 515
480 457
480 479
480 481
480 516
481 475
481 476
481 480
481 482
481 517
481 518
482 475
482 476
482 481
482 512
482 517
482 518
483 459
483 460
483 484
483 489
483 490
484 459
484 460
484 483
484 485
484 490
485 461
485 484
485 486
485 491
486 462
486 485
486 487
486 492
487 463
487 464
487 486
487 488
487 493
488 463
488 464
488 487
488 493
488 494
489 459
489 465
489 483
489 490
489 495
490 483
490 484
490 489
490 491
491 485
491 490
491 497
491 615
491 618
491 627
492 486
492 493
492 498
492 616
492 619
492 628
493 487
493 488
493 492
493 494
494 464
494 468
494 488
494 493
494 500
495 469
495 489
495 496
495 501
496 495
496 497
496 617
496 618
496 621
497 491
497 496
497 615
497 617
497 618
498 492
498 616
498 619
498 620
499 500
499 505
499 619
499 620
499 624
500 470
500 494
500 499
500 506
501 471
501 495
501 502
501 507
502 501
502 503
502 617
502 621
502 622
503 502
503 509
503 621
503 622
503 625
504 510
504 623
504 624
504 626
505 499
505 506
505 620
505 623
505 624
506 472
506 500
506 505
506 512
507 473
507 477
507 501
507 508
507 513
508 477
508 507
508 513
508 514
509 503
509 515
509 622
509 625
509 637
510 504
510 511
510 516
510 623
510 626
510 638
511 510
511 512
511 517
511 518
512 472
512 476
512 482
512 506
512 511
512 518
513 473
513 477
513 478
513 507
513 508
513 514
514 477
514 478
514 508
514 513
514 515
515 479
515 509
515 514
515 516
516 480
516 510
516 515
516 517
517 481
517 482
517 511
517 516
517 518
518 476
518 481
518 482
518 511
518 512
518 517
519 521
519 523
519 525
519 641
519 642
520 522
520 524
520 526
520 643
520 644
521 519
521 525
521 645
521 646
522 520
522 526
522 647
522 648
523 519
523 524
523 525
523 527
524 520
524 523
524 526
524 528
525 519
525 521
525 523
525 529
526 520
526 522
526 524
526 530
527 523
527 528
527 529
527 531
528 524
528 527
528 530
528 532
529 525
529 527
529 530
529 533
530 526
530 528
530 529
530 534
531 527
531 532
531 533
531 535
532 528
532 531
532 534
532 536
533 529
533 531
533 534
533 537
534 530
534 532
534 533
534 538
535 531
535 536
535 537
535 539
536 532
536 535
536 538
536 540
537 533
537 535
537 538
537 541
538 534
538 536
538 537
538 542
539 535
539 540
539 541
539 543
540 536
540 539
540 542
540 544
541 537
541 539
541 542
541 545
542 538
542 540
542 541
542 546
543 539
543 544
543 545
543 547
544 540
544 543
544 546
544 548
545 541
545 543
545 546
545 549
546 542
546 544
546 545
546 550
547 543
547 548
547 549
547 551
548 544
548 547
548 550
548 552
549 545
549 547
549 550
549 553
550 546
550 548
550 549
550 554
551 547
551 552
551 553
551 555
552 548
552 551
552 554
552 556
553 549
553 551
553 554
553 557
554 550
554 552
554 553
554 558
555 551
555 556
555 557
555 559
556 552
556 555
556 558
556 560
557 553
557 555
557 558
557 561
558 554
558 556
558 557
558 562
559 555
559 560
559 561
559 563
560 556
560 559
560 562
560 564
561 557
561 559
561 562
561 565
562 558
562 560
562 561
562 566
563 559
563 564
563 565
563 567
564 560
564 563
564 566
564 568
565 561
565 563
565 566
565 569
566 562
566 564
566 565
566 570
567 563
567 568
567 569
567 571
568 564
568 567
568 570
568 572
569 565
569 567
569 570
569 573
570 566
570 568
570 569
570 574
571 567
571 572
571 573
571 575
572 568
572 571
572 574
572 576
573 569
573 571
573 574
573 577
574 570
574 572
574 573
574 578
575 571
575 576
575 577
575 579
576 572
576 575
576 578
576 580
577 573
577 575
577 578
577 581
578 574
578 576
578 577
578 582
579 575
579 580
579 581
579 583
580 576
580 579
580 582
580 584
581 577
581 579
581 582
581 585
582 578
582 580
582 581
582 586
583 579
583 584
583 585
583 587
584 580
584 583
584 586
584 588
585 581
585 583
585 586
585 589
586 582
586 584
586 585
586 590
587 583
587 588
587 589
587 591
588 584
588 587
588 590
588 592
589 585
589 587
589 590
589 593
590 586
590 588
590 589
590 594
591 587
591 592
591 593
591 595
592 588
592 591
592 594
592 596
593 589
593 591
593 594
593 597
594 590
594 592
594 593
594 598
595 591
595 596
595 597
595 599
596 592
596 595
596 598
596 600
597 593
597 595
597 598
597 601
598 594
598 596
598 597
598 602
599 595
599 600
599 601
599 603
600 596
600 599
600 602
600 604
601 597
601 599
601 602
601 605
602 598
602 600
602 601
602 606
603 599
603 604
603 605
603 607
604 600
604 603
604 606
604 608
605 601
605 603
605 606
605 609
606 602
606 604
606 605
606 610
607 603
607 608
607 609
607 611
608 604
608 607
608 610
608 611
608 612
609 605
609 607
609 610
609 611
609 613
610 606
610 608
610 609
610 611
610 614
611 607
611 608
611 609
611 610
611 612
611 613
611 614
612 608
612 611
612 613
612 614
613 609
613 611
613 612
613 614
614 610
614 611
614 612
614 613
615 491
615 497
615 618
615 627
616 492
616 498
616 619
616 628
617 496
617 497
617 502
617 618
617 621
617 629
618 491
618 496
618 497
618 615
618 617
618 630
619 492
619 498
619 499
619 616
619 620
620 498
620 499
620 505
620 619
620 624
620 632
621 496
621 502
621 503
621 617
621 622
621 633
622 502
622 503
622 509
622 621
622 625
622 634
623 504
623 505
623 510
623 624
623 626
624 499
624 504
624 505
624 620
624 623
624 636
625 503
625 509
625 622
625 637
626 504
626 510
626 623
626 638
627 491
627 615
627 628
627 630
627 639
628 492
628 616
628 627
628 631
628 640
629 617
629 630
629 633
629 641
630 618
630 627
630 629
630 639
630 642
631 628
631 632
631 640
631 643
632 620
632 631
632 636
632 644
633 621
633 629
633 634
633 645
634 622
634 633
634 637
634 646
634 649
635 636
635 638
635 647
635 650
636 624
636 632
636 635
636 648
637 509
637 625
637 634
637 649
638 510
638 626
638 635
638 650
639 627
639 630
639 640
639 642
640 628
640 631
640 639
640 643
641 519
641 629
641 642
641 645
642 519
642 630
642 639
642 641
643 520
643 631
643 640
643 644
644 520
644 632
644 643
644 648
645 521
645 633
645 641
645 646
646 521
646 634
646 645
646 649
647 522
647 635
647 648
647 650
648 522
648 636
648 644
648 647
649 634
649 637
649 646
649 650
650 635
650 638
650 647
650 649
