0 1
0 6
0 7
0 8
1 0
1 2
1 8
1 9
2 1
2 3
2 9
2 10
3 2
3 4
3 10
3 11
4 3
4 5
4 10
4 11
5 4
5 11
5 12
5 13
6 0
6 7
6 14
6 15
6 16
7 0
7 6
7 8
7 16
8 0
8 1
8 7
8 9
8 17
8 88
9 1
9 2
9 8
9 10
9 18
9 89
10 2
10 3
10 4
10 9
10 11
10 19
10 90
11 3
11 4
11 5
11 10
11 12
11 20
11 91
12 5
12 11
12 13
12 21
13 5
13 12
13 21
13 22
13 23
14 6
14 15
14 24
14 25
15 6
15 14
15 16
15 25
16 6
16 7
16 15
16 17
16 26
16 92
17 8
17 16
17 18
17 27
18 9
18 17
18 19
18 28
19 10
19 18
19 20
19 29
20 11
20 19
20 21
20 30
21 12
21 13
21 20
21 22
21 31
21 97
22 13
22 21
22 23
22 32
23 13
23 22
23 32
23 33
24 14
24 25
24 34
24 35
25 14
25 15
25 24
25 26
25 35
25 98
26 16
26 25
26 27
26 36
27 17
27 26
27 28
27 37
28 18
28 27
28 29
28 38
29 19
29 28
29 30
29 39
30 20
30 29
30 31
30 40
31 21
31 30
31 32
31 41
32 22
32 23
32 31
32 33
32 42
32 105
33 23
33 32
33 42
33 43
34 24
34 35
34 44
34 45
35 24
35 25
35 34
35 36
35 44
35 45
35 106
36 26
36 35
36 37
36 46
37 27
37 36
37 38
37 47
38 28
38 37
38 39
38 48
39 29
39 38
39 40
39 49
40 30
40 39
40 41
40 50
41 31
41 40
41 42
41 51
42 32
42 33
42 41
42 43
42 52
42 53
42 112
43 33
43 42
43 52
43 53
44 34
44 35
44 45
44 54
45 34
45 35
45 44
45 46
45 54
45 55
45 113
46 36
46 45
46 47
46 56
47 37
47 46
47 48
47 57
48 38
48 47
48 49
48 58
49 39
49 48
49 50
49 59
50 40
50 49
50 51
50 60
51 41
51 50
51 52
51 61
52 42
52 43
52 51
52 53
52 62
52 63
52 119
53 42
53 43
53 52
53 63
54 44
54 45
54 55
54 64
55 45
55 54
55 56
55 64
55 65
55 120
56 46
56 55
56 57
56 66
57 47
57 56
57 58
57 67
58 48
58 57
58 59
58 68
59 49
59 58
59 60
59 69
60 50
60 59
60 61
60 70
61 51
61 60
61 62
61 126
62 52
62 61
62 63
62 72
62 73
62 127
63 52
63 53
63 62
63 73
64 54
64 55
64 65
64 74
65 55
65 64
65 66
65 74
66 56
66 65
66 67
66 74
66 75
66 128
67 57
67 66
67 68
67 76
68 58
68 67
68 69
68 77
69 59
69 68
69 70
69 78
70 60
70 69
70 71
70 79
71 70
71 72
71 80
71 81
71 133
72 62
72 71
72 73
72 81
73 62
73 63
73 72
73 81
74 64
74 65
74 66
74 75
74 82
75 66
75 74
75 76
75 82
76 67
76 75
76 77
76 82
76 83
76 84
76 134
77 68
77 76
77 78
77 83
77 84
77 85
77 135
78 69
78 77
78 79
78 85
78 86
78 136
79 70
79 78
79 80
79 86
79 87
79 137
80 71
80 79
80 81
80 87
81 71
81 72
81 73
81 80
81 87
82 74
82 75
82 76
82 83
83 76
83 77
83 82
83 84
84 76
84 77
84 83
84 85
85 77
85 78
85 84
85 86
86 78
86 79
86 85
86 87
87 79
87 80
87 81
87 86
88 8
88 89
88 93
88 94
89 9
89 88
89 90
89 94
90 10
90 89
90 91
90 95
91 11
91 90
91 95
91 96
92 16
92 93
92 99
92 100
93 88
93 92
93 94
93 100
94 88
94 89
94 93
94 95
94 101
95 90
95 91
95 94
95 96
95 102
96 91
96 95
96 97
96 103
97 21
97 96
97 103
97 104
98 25
98 99
98 106
98 107
99 92
99 98
99 100
99 107
100 92
100 93
100 99
100 101
100 108
100 109
101 94
101 100
101 109
101 138
102 95
102 103
102 139
102 142
103 96
103 97
103 102
103 104
103 110
104 97
104 103
104 105
104 111
105 32
105 104
105 111
105 112
106 35
106 98
106 107
106 113
107 98
107 99
107 106
107 108
107 114
108 100
108 107
108 109
108 140
109 100
109 101
109 108
109 138
109 140
109 141
110 103
110 142
110 143
110 155
111 104
111 105
111 112
111 118
112 42
112 105
112 111
112 119
113 45
113 106
113 114
113 120
114 107
114 113
114 120
114 121
115 122
115 144
115 145
115 156
116 117
116 124
116 125
116 146
116 147
116 149
117 116
117 118
117 125
117 147
118 111
118 117
118 119
118 126
118 127
119 52
119 112
119 118
119 127
120 55
120 113
120 114
120 121
121 114
121 120
121 122
121 128
122 115
122 121
122 123
122 128
122 129
123 122
123 130
123 145
123 148
124 116
124 125
124 131
124 149
125 116
125 117
125 124
125 126
125 132
125 133
126 61
126 118
126 125
126 127
126 133
127 62
127 118
127 119
127 126
128 66
128 121
128 122
128 129
129 122
129 128
129 130
129 134
130 123
130 129
130 131
130 134
130 135
131 124
131 130
131 132
131 136
131 137
132 125
132 131
132 133
132 137
133 71
133 125
133 126
133 132
134 76
134 129
134 130
134 135
135 77
135 130
135 134
135 136
136 78
136 131
136 135
136 137
137 79
137 131
137 132
137 136
138 101
138 109
138 139
138 141
138 150
138 151
139 102
139 138
139 142
139 151
140 108
140 109
140 141
140 152
140 156
141 109
141 138
141 140
141 150
141 152
141 153
142 102
142 110
142 139
142 143
142 154
142 155
143 110
143 142
143 155
143 159
144 115
144 145
144 152
144 156
145 115
145 123
145 144
145 148
145 156
145 157
146 116
146 147
146 149
146 158
146 161
147 116
147 117
147 146
147 155
147 159
148 123
148 145
148 149
148 160
149 116
149 124
149 146
149 148
149 160
149 161
150 138
150 141
150 151
150 153
150 162
151 138
151 139
151 150
151 154
151 163
152 140
152 141
152 144
152 153
152 156
153 141
153 150
153 152
153 162
154 142
154 151
154 155
154 163
155 110
155 142
155 143
155 147
155 154
155 159
156 115
156 140
156 144
156 145
156 152
156 157
157 145
157 156
157 160
157 164
158 146
158 159
158 161
158 165
159 143
159 147
159 155
159 158
160 148
160 149
160 157
160 161
160 164
161 146
161 149
161 158
161 160
161 165
162 150
162 153
162 163
162 166
163 151
163 154
163 162
163 167
164 157
164 160
164 165
164 168
165 158
165 161
165 164
165 169
166 162
166 168
166 170
166 195
167 163
167 169
167 171
167 196
168 164
168 166
168 172
168 203
169 165
169 167
169 173
169 204
170 166
170 187
170 194
170 195
171 167
171 188
171 196
171 197
172 168
172 202
172 203
172 211
173 169
173 204
173 205
173 212
174 175
174 179
174 241
174 242
175 174
175 176
175 180
175 242
176 175
176 177
176 181
176 243
177 176
177 182
177 243
177 244
178 179
178 185
178 249
178 250
179 174
179 178
179 180
179 186
180 175
180 179
180 181
180 187
181 176
181 180
181 182
181 188
182 177
182 181
182 183
182 189
183 182
183 190
183 245
183 251
184 185
184 192
184 256
184 262
185 178
185 184
185 186
185 193
186 179
186 185
186 187
186 194
186 195
187 170
187 180
187 186
187 188
187 195
188 171
188 181
188 187
188 189
188 196
189 182
189 188
189 190
189 197
190 183
190 189
190 191
190 198
191 190
191 199
191 257
191 263
192 184
192 193
192 200
192 262
193 185
193 192
193 194
193 201
194 170
194 186
194 193
194 195
194 202
195 166
195 170
195 186
195 187
195 194
196 167
196 171
196 188
196 197
197 171
197 189
197 196
197 198
197 205
198 190
198 197
198 199
198 206
199 191
199 198
199 207
199 263
200 192
200 201
200 208
200 268
201 193
201 200
201 202
201 209
202 172
202 194
202 201
202 203
202 210
203 168
203 172
203 202
203 211
204 169
204 173
204 205
204 212
204 213
205 173
205 197
205 204
205 206
205 213
206 198
206 205
206 207
206 214
207 199
207 206
207 215
207 263
207 269
208 200
208 209
208 268
208 274
209 201
209 208
209 210
209 216
210 202
210 209
210 211
210 217
211 172
211 203
211 210
211 212
211 218
212 173
212 204
212 211
212 213
212 219
213 204
213 205
213 212
213 214
213 220
214 206
214 213
214 215
214 221
215 207
215 214
215 269
215 275
216 209
216 217
216 280
216 286
217 210
217 216
217 218
217 222
218 211
218 217
218 219
218 223
219 212
219 218
219 220
219 224
220 213
220 219
220 221
220 225
221 214
221 220
221 281
221 282
222 217
222 223
222 287
222 288
223 218
223 222
223 224
223 288
224 219
224 223
224 225
224 289
225 220
225 224
225 289
225 290
226 227
226 232
226 312
226 321
227 226
227 228
227 233
227 313
228 227
228 229
228 234
228 314
229 228
229 235
229 314
229 315
229 322
230 231
230 239
230 319
230 320
230 328
231 230
231 232
231 240
231 320
231 321
232 226
232 231
232 233
232 241
232 321
233 227
233 232
233 234
233 242
234 228
234 233
234 235
234 243
235 229
235 234
235 236
235 244
235 322
236 235
236 237
236 245
236 322
236 323
237 236
237 246
237 323
237 324
237 329
238 239
238 248
238 327
238 328
238 334
239 230
239 238
239 240
239 249
239 250
239 328
240 231
240 239
240 241
240 250
241 174
241 232
241 240
241 242
242 174
242 175
242 233
242 241
243 176
243 177
243 234
243 244
244 177
244 235
244 243
244 245
245 183
245 236
245 244
245 246
245 251
246 237
246 245
246 247
246 251
246 252
246 329
247 246
247 253
247 329
247 330
247 335
248 238
248 249
248 255
248 334
248 339
249 178
249 239
249 248
249 250
249 256
250 178
250 239
250 240
250 249
251 183
251 245
251 246
251 252
252 246
252 251
252 253
252 257
253 247
253 252
253 258
253 335
253 340
254 255
254 260
254 338
254 339
254 344
255 248
255 254
255 256
255 261
255 339
256 184
256 249
256 255
256 262
257 191
257 252
257 258
257 263
258 253
258 257
258 259
258 340
259 258
259 264
259 265
259 340
259 341
259 347
260 254
260 261
260 266
260 344
261 255
261 260
261 262
261 267
262 184
262 192
262 256
262 261
262 268
263 191
263 199
263 207
263 257
263 264
263 269
264 259
264 263
264 265
264 270
265 259
265 264
265 271
265 347
266 260
266 267
266 272
266 350
267 261
267 266
267 268
267 272
268 200
268 208
268 262
268 267
268 274
269 207
269 215
269 263
269 270
269 275
270 264
270 269
270 271
270 276
271 265
271 270
271 277
271 353
272 266
272 267
272 273
272 350
272 356
272 357
273 272
273 274
273 278
273 357
274 208
274 268
274 273
274 279
275 215
275 269
275 276
275 282
276 270
276 275
276 277
276 283
276 358
277 271
277 276
277 353
277 358
277 359
278 273
278 279
278 284
278 357
278 362
279 274
279 278
279 280
279 285
280 216
280 279
280 285
280 286
281 221
281 282
281 291
281 292
282 221
282 275
282 281
282 283
282 292
283 276
283 282
283 293
283 358
283 363
284 278
284 285
284 362
284 367
284 368
285 279
285 280
285 284
285 286
285 294
285 368
286 216
286 280
286 285
286 287
286 295
287 222
287 286
287 288
287 296
288 222
288 223
288 287
288 297
289 224
289 225
289 290
289 298
290 225
290 289
290 291
290 299
291 281
291 290
291 292
291 300
292 281
292 282
292 291
292 293
292 301
292 369
293 283
293 292
293 363
293 369
293 370
294 285
294 295
294 368
294 373
294 374
295 286
295 294
295 296
295 374
295 375
296 287
296 295
296 297
296 302
296 375
297 288
297 296
297 298
297 303
298 289
298 297
298 299
298 304
299 290
299 298
299 300
299 305
299 376
300 291
300 299
300 301
300 376
300 377
301 292
301 300
301 369
301 377
301 378
302 296
302 303
302 375
302 382
302 383
303 297
303 302
303 304
303 383
304 298
304 303
304 305
304 384
305 299
305 304
305 376
305 385
306 307
306 312
306 313
306 394
307 306
307 308
307 313
307 395
308 307
308 309
308 314
308 396
309 308
309 314
309 315
309 397
310 311
310 319
310 401
310 402
311 310
311 312
311 320
311 321
311 402
312 226
312 306
312 311
312 313
312 321
313 227
313 306
313 307
313 312
313 314
314 228
314 229
314 308
314 309
314 313
314 315
315 229
315 309
315 314
315 316
315 322
316 315
316 317
316 322
316 323
316 403
317 316
317 324
317 403
317 404
318 319
318 327
318 328
318 407
319 230
319 310
319 318
319 328
320 230
320 231
320 311
320 321
321 226
321 231
321 232
321 311
321 312
321 320
322 229
322 235
322 236
322 315
322 316
322 323
323 236
323 237
323 316
323 322
324 237
324 317
324 325
324 329
325 324
325 329
325 330
325 408
326 327
326 333
326 411
326 417
327 238
327 318
327 326
327 328
328 230
328 238
328 239
328 318
328 319
328 327
329 237
329 246
329 247
329 324
329 325
329 330
330 247
330 325
330 329
330 331
331 330
331 336
331 414
331 424
332 333
332 337
332 338
332 416
332 417
332 426
333 326
333 332
333 334
333 339
333 417
334 238
334 248
334 333
334 339
335 247
335 253
335 336
335 340
336 331
336 335
336 340
336 341
336 424
337 332
337 338
337 343
337 426
338 254
338 332
338 337
338 339
338 344
339 248
339 254
339 255
339 333
339 334
339 338
340 253
340 258
340 259
340 335
340 336
340 341
341 259
341 336
341 340
341 342
341 347
342 341
342 347
342 348
342 433
343 337
343 344
343 349
343 434
344 254
344 260
344 338
344 343
345 346
345 351
345 352
345 438
345 439
346 345
346 351
346 352
346 438
346 439
347 259
347 265
347 341
347 342
347 348
347 353
348 342
348 347
348 354
348 443
349 343
349 350
349 355
349 444
350 266
350 272
350 349
350 355
350 356
351 345
351 346
351 352
351 448
352 345
352 346
352 351
352 448
352 449
353 271
353 277
353 347
353 354
354 348
354 353
354 360
354 453
355 349
355 350
355 356
355 454
356 272
356 350
356 355
356 357
356 361
357 272
357 273
357 278
357 356
357 361
357 362
358 276
358 277
358 283
358 359
358 363
358 364
359 277
359 358
359 360
359 365
360 354
360 359
360 365
360 461
361 356
361 357
361 362
361 366
361 463
362 278
362 284
362 357
362 361
363 283
363 293
363 358
363 364
364 358
364 363
364 365
364 371
364 470
365 359
365 360
365 364
365 461
365 470
365 471
366 361
366 367
366 463
366 473
367 284
367 366
367 368
367 372
368 284
368 285
368 294
368 367
368 372
368 373
369 292
369 293
369 301
369 370
369 378
369 379
370 293
370 369
370 371
370 379
371 364
371 370
371 470
371 476
372 367
372 368
372 373
372 479
373 294
373 368
373 372
373 380
374 294
374 295
374 375
374 381
375 295
375 296
375 302
375 374
375 381
375 382
376 299
376 300
376 305
376 377
376 385
376 386
377 300
377 301
377 376
377 386
378 301
378 369
378 379
378 387
379 369
379 370
379 378
379 480
380 373
380 381
380 483
380 484
381 374
381 375
381 380
381 484
382 302
382 375
382 383
382 388
383 302
383 303
383 382
383 384
383 388
383 389
384 304
384 383
384 385
384 390
384 391
385 305
385 376
385 384
385 386
385 391
386 376
386 377
386 385
386 387
386 485
387 378
387 386
387 485
387 486
388 382
388 383
388 389
388 490
389 383
389 388
389 390
389 491
390 384
390 389
390 391
390 492
391 384
391 385
391 390
391 493
392 393
392 401
392 402
392 500
392 510
393 392
393 394
393 402
393 501
394 306
394 393
394 395
394 502
395 307
395 394
395 396
395 503
396 308
396 395
396 397
396 504
397 309
397 396
397 398
397 505
398 397
398 399
398 403
398 506
399 398
399 403
399 404
399 507
399 511
400 401
400 407
400 509
400 515
401 310
401 392
401 400
401 402
401 510
402 310
402 311
402 392
402 393
402 401
403 316
403 317
403 398
403 399
403 404
404 317
404 399
404 403
404 405
404 511
405 404
405 408
405 512
405 522
406 407
406 411
406 514
406 515
407 318
407 400
407 406
407 515
408 325
408 405
408 409
408 522
409 408
409 414
409 522
409 523
410 411
410 416
410 417
410 524
410 525
411 326
411 406
411 410
411 417
411 525
412 413
412 420
412 529
412 530
413 412
413 421
413 529
413 530
414 331
414 409
414 415
414 424
414 534
415 414
415 424
415 425
415 534
415 535
416 332
416 410
416 417
416 426
416 536
417 326
417 332
417 333
417 410
417 411
417 416
418 419
418 427
418 539
418 540
418 550
419 418
419 420
419 428
419 539
419 540
420 412
420 419
420 421
420 429
421 413
421 420
421 422
421 430
422 421
422 423
422 431
422 541
423 422
423 432
423 541
423 542
423 551
424 331
424 336
424 414
424 415
424 425
425 415
425 424
425 433
425 545
426 332
426 337
426 416
426 434
427 418
427 436
427 549
427 550
428 419
428 429
428 437
428 438
429 420
429 428
429 430
429 438
430 421
430 429
430 431
430 439
431 422
431 430
431 432
431 440
432 423
432 431
432 441
432 551
433 342
433 425
433 443
433 554
434 343
434 426
434 444
434 557
435 436
435 445
435 559
435 567
436 427
436 435
436 437
436 446
437 428
437 436
437 438
437 447
438 345
438 346
438 428
438 429
438 437
439 345
439 346
439 430
439 440
439 449
440 431
440 439
440 441
440 450
441 432
441 440
441 442
441 451
442 441
442 452
442 560
442 568
443 348
443 433
443 453
443 562
444 349
444 434
444 454
444 565
445 435
445 446
445 559
445 567
446 436
446 445
446 447
446 455
447 437
447 446
447 448
447 456
448 351
448 352
448 447
448 457
449 352
449 439
449 450
449 458
450 440
450 449
450 451
450 459
451 441
451 450
451 452
451 460
452 442
452 451
452 560
452 568
453 354
453 443
453 461
453 570
454 355
454 444
454 462
454 573
455 446
455 456
455 464
455 576
456 447
456 455
456 457
456 465
457 448
457 456
457 458
457 466
458 449
458 457
458 459
458 467
459 450
459 458
459 460
459 467
459 468
460 451
460 459
460 469
460 577
461 360
461 365
461 453
461 471
462 454
462 463
462 472
462 582
463 361
463 366
463 462
463 472
463 473
464 455
464 465
464 576
464 585
464 586
465 456
465 464
465 466
465 586
466 457
466 465
466 467
466 474
467 458
467 459
467 466
467 468
467 475
468 459
468 467
468 469
468 587
469 460
469 468
469 577
469 587
469 588
470 364
470 365
470 371
470 471
470 476
470 477
471 365
471 461
471 470
471 477
471 591
472 462
472 463
472 473
472 592
472 593
473 366
473 463
473 472
473 478
473 593
474 466
474 475
474 597
474 598
475 467
475 474
475 587
475 598
476 371
476 470
476 477
476 481
476 602
477 470
477 471
477 476
477 602
477 603
478 473
478 479
478 604
478 605
479 372
479 478
479 482
479 605
480 379
480 481
480 487
480 612
481 476
481 480
481 612
481 613
482 479
482 483
482 605
482 615
483 380
483 482
483 484
483 488
483 616
484 380
484 381
484 483
484 488
484 489
485 386
485 387
485 486
485 494
485 495
486 387
486 485
486 487
486 495
486 617
487 480
487 486
487 612
487 618
488 483
488 484
488 489
488 616
488 620
489 484
489 488
489 490
489 621
490 388
490 489
490 491
490 622
491 389
491 490
491 492
491 623
492 390
492 491
492 493
492 624
493 391
493 492
493 494
493 625
494 485
494 493
494 495
494 626
495 485
495 486
495 494
495 617
495 627
496 497
496 502
496 503
496 632
496 633
496 638
497 496
497 498
497 503
497 633
498 497
498 499
498 504
498 634
499 498
499 504
499 505
499 634
499 635
499 639
500 392
500 501
500 510
500 636
500 644
501 393
501 500
501 502
501 637
502 394
502 496
502 501
502 638
503 395
503 496
503 497
503 504
504 396
504 498
504 499
504 503
505 397
505 499
505 506
505 639
506 398
506 505
506 507
506 640
507 399
507 506
507 511
507 641
507 649
508 509
508 514
508 515
508 642
508 643
508 652
509 400
509 508
509 510
509 515
509 643
510 392
510 401
510 500
510 509
511 399
511 404
511 507
511 512
511 649
512 405
512 511
512 513
512 522
512 650
513 512
513 522
513 523
513 650
513 651
513 661
514 406
514 508
514 515
514 525
514 652
515 400
515 406
515 407
515 508
515 509
515 514
516 517
516 527
516 654
516 655
516 666
517 516
517 518
517 528
517 655
518 517
518 519
518 529
518 656
519 518
519 520
519 530
519 657
520 519
520 521
520 531
520 658
521 520
521 531
521 532
521 658
521 659
521 667
522 405
522 408
522 409
522 512
522 513
522 523
523 409
523 513
523 522
523 534
523 661
524 410
524 525
524 536
524 662
525 410
525 411
525 514
525 524
525 663
526 527
526 538
526 665
526 674
527 516
527 526
527 528
527 539
527 666
528 517
528 527
528 529
528 540
529 412
529 413
529 518
529 528
529 530
530 412
530 413
530 519
530 529
530 531
531 520
531 521
531 530
531 532
531 541
532 521
532 531
532 533
532 667
533 532
533 543
533 667
533 668
533 675
534 414
534 415
534 523
534 535
535 415
535 534
535 545
535 670
535 671
536 416
536 524
536 547
536 672
537 538
537 548
537 673
537 674
537 681
538 526
538 537
538 539
538 549
538 674
539 418
539 419
539 527
539 538
539 540
539 550
540 418
540 419
540 528
540 539
541 422
541 423
541 531
541 542
542 423
542 541
542 543
542 551
543 533
543 542
543 544
543 552
543 675
544 543
544 552
544 553
544 675
544 676
544 682
545 425
545 535
545 554
545 677
546 547
546 556
546 557
546 678
546 679
546 686
547 536
547 546
547 557
547 679
548 537
548 549
548 558
548 681
549 427
549 538
549 548
549 550
549 559
550 418
550 427
550 539
550 549
551 423
551 432
551 542
551 552
552 543
552 544
552 551
552 553
552 560
553 544
553 552
553 561
553 682
554 433
554 545
554 555
554 562
554 684
555 554
555 562
555 563
555 684
555 685
555 691
556 546
556 557
556 564
556 686
557 434
557 546
557 547
557 556
558 548
558 559
558 566
558 688
559 435
559 445
559 549
559 558
559 567
560 442
560 452
560 552
560 561
560 568
561 553
561 560
561 569
561 689
562 443
562 554
562 555
562 563
563 555
563 562
563 571
563 691
564 556
564 565
564 572
564 692
565 444
565 564
565 572
565 573
566 558
566 567
566 574
566 694
567 435
567 445
567 559
567 566
567 575
568 442
568 452
568 560
568 569
568 578
569 561
569 568
569 579
569 695
570 453
570 571
570 580
570 581
571 563
571 570
571 581
571 697
572 564
572 565
572 573
572 692
572 698
572 699
573 454
573 565
573 572
573 582
573 699
574 566
574 575
574 583
574 701
575 567
575 574
575 576
575 583
575 584
576 455
576 464
576 575
576 585
577 460
577 469
577 578
577 588
578 568
578 577
578 579
578 589
579 569
579 578
579 590
579 702
580 570
580 581
580 591
580 704
581 570
581 571
581 580
581 697
581 704
581 705
582 462
582 573
582 592
582 706
583 574
583 575
583 584
583 701
583 707
583 708
584 575
584 583
584 585
584 594
584 708
585 464
585 576
585 584
585 586
586 464
586 465
586 585
586 596
587 468
587 469
587 475
587 599
588 469
588 577
588 589
588 600
589 578
589 588
589 590
589 601
589 709
590 579
590 589
590 702
590 709
590 710
591 471
591 580
591 603
591 711
592 472
592 582
592 593
592 712
592 713
593 472
593 473
593 592
593 604
594 584
594 595
594 708
594 715
594 716
595 594
595 596
595 606
595 716
596 586
596 595
596 597
596 606
596 607
597 474
597 596
597 598
597 608
598 474
598 475
598 597
598 599
598 609
599 587
599 598
599 600
599 610
600 588
600 599
600 601
600 611
600 717
601 589
601 600
601 709
601 718
602 476
602 477
602 603
602 613
602 720
603 477
603 591
603 602
603 721
604 478
604 593
604 605
604 614
604 722
605 478
605 479
605 482
605 604
605 614
605 615
606 595
606 596
606 607
606 716
606 724
606 725
607 596
607 606
607 608
607 725
608 597
608 607
608 609
608 726
609 598
609 608
609 610
609 727
610 599
610 609
610 611
610 728
611 600
611 610
611 717
611 728
611 729
612 480
612 481
612 487
612 613
612 618
612 619
613 481
613 602
613 612
613 619
613 731
614 604
614 605
614 615
614 722
614 732
614 733
615 482
615 605
615 614
615 616
615 733
616 483
616 488
616 615
616 620
616 734
617 486
617 495
617 618
617 627
618 487
618 612
618 617
618 619
618 740
619 612
619 613
619 618
619 731
619 740
619 741
620 488
620 616
620 621
620 734
620 742
621 489
621 620
621 622
621 743
622 490
622 621
622 623
622 628
622 744
623 491
623 622
623 624
623 628
623 629
624 492
624 623
624 630
624 631
625 493
625 626
625 631
625 745
626 494
626 625
626 627
626 746
627 495
627 617
627 626
627 739
627 747
628 622
628 623
628 629
628 744
628 748
628 749
629 623
629 628
629 630
629 749
630 624
630 629
630 631
630 750
631 624
631 625
631 630
631 745
631 750
631 751
632 496
632 633
632 638
632 752
633 496
633 497
633 632
633 634
634 498
634 499
634 633
634 635
635 499
635 634
635 639
635 755
636 500
636 637
636 644
636 756
637 501
637 636
637 638
637 757
638 496
638 502
638 632
638 637
639 499
639 505
639 635
639 640
640 506
640 639
640 641
640 760
641 507
641 640
641 649
641 761
642 508
642 643
642 652
642 762
643 508
643 509
643 642
643 644
644 500
644 636
644 643
644 764
645 646
645 655
645 656
645 766
646 645
646 647
646 656
646 767
647 646
647 648
647 657
647 768
648 647
648 657
648 658
648 769
649 507
649 511
649 641
649 650
650 512
650 513
650 649
650 651
651 513
651 650
651 661
651 773
652 508
652 514
652 642
652 663
653 654
653 665
653 666
653 776
653 777
654 516
654 653
654 655
654 666
654 777
655 516
655 517
655 645
655 654
655 656
656 518
656 645
656 646
656 655
656 657
657 519
657 647
657 648
657 656
657 658
658 520
658 521
658 648
658 657
658 659
659 521
659 658
659 660
659 667
659 778
660 659
660 667
660 668
660 778
660 779
660 786
661 513
661 523
661 651
661 670
662 524
662 663
662 672
662 782
663 525
663 652
663 662
663 783
664 665
664 673
664 674
664 784
664 785
664 792
665 526
665 653
665 664
665 666
666 516
666 527
666 653
666 654
666 665
667 521
667 532
667 533
667 659
667 660
668 533
668 660
668 669
668 675
669 668
669 675
669 676
669 787
669 793
670 535
670 661
670 671
670 788
671 535
671 670
671 677
671 789
672 536
672 662
672 679
672 790
673 537
673 664
673 674
673 681
673 792
674 526
674 537
674 538
674 664
674 673
675 533
675 543
675 544
675 668
675 669
675 676
676 544
676 669
676 675
676 682
676 793
677 545
677 671
677 684
677 795
678 546
678 679
678 686
678 796
679 546
679 547
679 672
679 678
680 681
680 687
680 688
680 798
681 537
681 548
681 673
681 680
681 688
682 544
682 553
682 676
682 683
682 689
683 682
683 689
683 690
683 799
684 554
684 555
684 677
684 685
685 555
685 684
685 691
685 801
686 546
686 556
686 678
686 692
687 680
687 688
687 693
687 803
688 558
688 680
688 681
688 687
688 694
689 561
689 682
689 683
689 690
689 695
690 683
690 689
690 696
690 804
691 555
691 563
691 685
691 697
692 564
692 572
692 686
692 698
693 687
693 694
693 700
693 807
694 566
694 688
694 693
694 700
694 701
695 569
695 689
695 696
695 702
695 703
696 690
696 695
696 703
696 808
697 571
697 581
697 691
697 705
698 572
698 692
698 699
698 810
699 572
699 573
699 698
699 706
700 693
700 694
700 701
700 812
701 574
701 583
701 694
701 700
701 707
702 579
702 590
702 695
702 703
702 710
703 695
703 696
703 702
703 813
704 580
704 581
704 705
704 711
705 581
705 697
705 704
705 815
706 582
706 699
706 712
706 816
707 583
707 701
707 708
707 714
707 818
708 583
708 584
708 594
708 707
708 714
708 715
709 589
709 590
709 601
709 710
709 719
710 590
710 702
710 709
710 719
710 819
711 591
711 704
711 721
711 821
712 592
712 706
712 713
712 822
713 592
713 712
713 722
713 823
714 707
714 708
714 715
714 818
714 824
715 594
715 708
715 714
715 723
716 594
716 595
716 606
716 723
716 724
717 600
717 611
717 718
717 729
717 730
718 601
718 717
718 719
718 730
719 709
719 710
719 718
719 819
719 826
719 827
720 602
720 721
720 731
720 828
721 603
721 711
721 720
721 829
722 604
722 614
722 713
722 732
723 715
723 716
723 724
723 825
723 832
723 833
724 606
724 716
724 723
724 725
724 833
725 606
725 607
725 724
725 726
725 735
726 608
726 725
726 727
726 735
726 736
727 609
727 726
727 728
727 737
727 738
728 610
728 611
728 727
728 729
728 738
729 611
729 717
729 728
729 730
729 834
730 717
730 718
730 729
730 834
730 835
731 613
731 619
731 720
731 741
732 614
732 722
732 733
732 838
733 614
733 615
733 732
733 734
734 616
734 620
734 733
734 742
735 725
735 726
735 736
735 842
736 726
736 735
736 737
736 843
737 727
737 736
737 738
737 844
738 727
738 728
738 737
738 845
739 627
739 740
739 747
739 847
740 618
740 619
740 739
740 741
741 619
741 731
741 740
741 849
742 620
742 734
742 743
742 850
743 621
743 742
743 744
743 851
744 622
744 628
744 743
744 748
745 625
745 631
745 746
745 751
746 626
746 745
746 747
746 854
747 627
747 739
747 746
747 855
748 628
748 744
748 749
748 856
749 628
749 629
749 748
749 750
750 630
750 631
750 749
750 751
751 631
751 745
751 750
751 859
752 632
752 753
752 758
752 860
753 752
753 754
753 860
753 861
754 753
754 755
754 862
754 863
755 635
755 754
755 759
755 863
756 636
756 757
756 764
756 864
757 637
757 756
757 758
757 865
758 752
758 757
758 860
758 866
759 755
759 760
759 863
759 869
760 640
760 759
760 761
760 870
761 641
761 760
761 771
761 871
762 642
762 763
762 774
762 872
763 762
763 764
763 872
763 873
764 644
764 756
764 763
764 864
764 874
765 766
765 777
765 875
765 887
766 645
766 765
766 767
766 876
767 646
767 766
767 768
767 877
768 647
768 767
768 769
768 878
769 648
769 768
769 770
769 879
770 769
770 778
770 880
770 888
771 761
771 772
771 871
771 881
772 771
772 773
772 882
772 883
773 651
773 772
773 781
773 883
774 762
774 783
774 872
774 884
775 776
775 784
775 785
775 885
775 886
775 894
776 653
776 775
776 777
776 785
776 886
777 653
777 654
777 765
777 776
778 659
778 660
778 770
778 779
778 888
779 660
779 778
779 780
779 786
779 889
780 779
780 786
780 787
780 889
780 890
780 895
781 773
781 788
781 883
781 891
782 662
782 783
782 790
782 892
783 663
783 774
783 782
783 892
783 893
784 664
784 775
784 785
784 792
784 894
785 664
785 775
785 776
785 784
786 660
786 779
786 780
786 787
787 669
787 780
787 786
787 793
787 895
788 670
788 781
788 789
788 896
788 897
789 671
789 788
789 795
789 897
790 672
790 782
790 797
790 898
791 792
791 798
791 899
791 900
792 664
792 673
792 784
792 791
792 900
793 669
793 676
793 787
793 794
794 793
794 799
794 901
794 902
795 677
795 789
795 800
795 903
796 678
796 797
796 802
796 904
797 790
797 796
797 904
797 905
798 680
798 791
798 803
798 906
799 683
799 794
799 804
799 907
800 795
800 801
800 908
800 909
801 685
801 800
801 805
801 909
802 796
802 806
802 904
802 910
803 687
803 798
803 807
803 912
804 690
804 799
804 808
804 913
805 801
805 809
805 909
805 915
806 802
806 810
806 916
806 922
807 693
807 803
807 812
807 918
808 696
808 804
808 813
808 919
809 805
809 815
809 921
809 927
810 698
810 806
810 811
810 922
811 810
811 816
811 922
811 923
812 700
812 807
812 817
812 924
813 703
813 808
813 820
813 925
814 815
814 821
814 926
814 927
815 705
815 809
815 814
815 927
816 706
816 811
816 822
816 928
817 812
817 818
817 929
817 930
818 707
818 714
818 817
818 824
819 710
819 719
819 820
819 827
819 931
820 813
820 819
820 931
820 932
821 711
821 814
821 829
821 933
822 712
822 816
822 823
822 934
823 713
823 822
823 830
823 934
823 935
824 714
824 818
824 825
824 831
824 936
825 723
825 824
825 831
825 832
826 719
826 827
826 835
826 836
827 719
827 819
827 826
827 836
827 937
828 720
828 829
828 837
828 938
828 939
829 721
829 821
829 828
829 939
830 823
830 838
830 940
830 948
831 824
831 825
831 832
831 936
831 941
831 942
832 723
832 825
832 831
832 833
832 942
833 723
833 724
833 832
833 841
833 943
834 729
834 730
834 835
834 846
835 730
835 826
835 834
835 836
835 945
836 826
836 827
836 835
836 937
836 945
836 946
837 828
837 849
837 947
837 959
838 732
838 830
838 839
838 948
839 838
839 840
839 948
839 949
840 839
840 850
840 950
840 960
841 833
841 842
841 943
841 951
842 735
842 841
842 843
842 952
843 736
843 842
843 844
843 953
844 737
844 843
844 845
844 954
845 738
845 844
845 846
845 955
846 834
846 845
846 944
846 956
847 739
847 848
847 855
847 957
847 967
848 847
848 849
848 958
848 959
849 741
849 837
849 848
849 959
850 742
850 840
850 851
850 960
851 743
851 850
851 852
851 961
852 851
852 856
852 962
852 968
853 854
853 859
853 965
853 971
854 746
854 853
854 855
854 966
855 747
855 847
855 854
855 967
856 748
856 852
856 857
856 968
857 856
857 858
857 968
857 969
858 857
858 859
858 970
858 971
859 751
859 853
859 858
859 971
860 752
860 753
860 758
860 861
860 866
860 867
861 753
861 860
861 862
861 867
862 754
862 861
862 863
862 868
863 754
863 755
863 759
863 862
863 868
863 869
864 756
864 764
864 865
864 874
864 972
865 757
865 864
865 866
865 973
866 758
866 860
866 865
866 867
866 974
867 860
867 861
867 866
867 975
868 862
868 863
868 869
868 976
869 759
869 863
869 868
869 870
869 977
870 760
870 869
870 871
870 978
871 761
871 771
871 870
871 881
871 979
872 762
872 763
872 774
872 873
872 884
872 885
873 763
873 872
873 874
873 980
874 764
874 864
874 873
874 972
874 981
875 765
875 876
875 887
875 982
876 766
876 875
876 877
876 983
877 767
877 876
877 878
877 984
878 768
878 877
878 879
878 985
879 769
879 878
879 880
879 986
880 770
880 879
880 888
880 987
881 771
881 871
881 882
881 979
881 988
882 772
882 881
882 883
882 989
883 772
883 773
883 781
883 882
883 890
883 891
884 774
884 872
884 893
884 990
885 775
885 872
885 886
885 894
886 775
886 776
886 885
886 887
886 992
887 765
887 875
887 886
887 993
888 770
888 778
888 880
888 889
888 994
889 779
889 780
889 888
889 890
889 995
890 780
890 883
890 889
890 895
891 781
891 883
891 896
891 997
892 782
892 783
892 893
892 898
892 998
893 783
893 884
893 892
893 998
893 999
894 775
894 784
894 885
894 900
894 1000
895 780
895 787
895 890
895 901
895 1003
896 788
896 891
896 897
896 1004
896 1005
897 788
897 789
897 896
897 903
897 1005
898 790
898 892
898 905
898 1006
899 791
899 900
899 906
899 1007
900 791
900 792
900 894
900 899
900 1008
901 794
901 895
901 902
901 1009
902 794
902 901
902 907
902 1010
903 795
903 897
903 908
903 1011
904 796
904 797
904 802
904 905
904 910
904 911
905 797
905 898
905 904
905 911
905 1012
906 798
906 899
906 912
906 1013
907 799
907 902
907 913
907 1014
908 800
908 903
908 909
908 914
908 1015
909 800
909 801
909 805
909 908
909 914
909 915
910 802
910 904
910 911
910 916
911 904
911 905
911 910
911 1016
912 803
912 906
912 918
912 1017
913 804
913 907
913 919
913 1018
914 908
914 909
914 915
914 1019
915 805
915 909
915 914
915 921
916 806
916 910
916 917
916 922
917 916
917 922
917 923
917 1020
918 807
918 912
918 924
918 1021
919 808
919 913
919 925
919 1022
920 921
920 926
920 927
920 1023
921 809
921 915
921 920
921 927
922 806
922 810
922 811
922 916
922 917
922 923
923 811
923 917
923 922
923 928
923 1024
924 812
924 918
924 929
924 1025
925 813
925 919
925 932
925 1026
926 814
926 920
926 927
926 933
926 1027
927 809
927 814
927 815
927 920
927 921
927 926
928 816
928 923
928 934
928 1028
929 817
929 924
929 930
929 1029
930 817
930 929
930 936
930 1030
931 819
931 820
931 932
931 937
931 1031
932 820
932 925
932 931
932 1032
933 821
933 926
933 939
933 1033
934 822
934 823
934 928
934 935
934 1034
935 823
935 934
935 940
935 1034
935 1035
936 824
936 831
936 930
936 941
936 1036
937 827
937 836
937 931
937 946
937 1039
938 828
938 939
938 947
938 1040
938 1041
939 828
939 829
939 933
939 938
939 1041
940 830
940 935
940 948
940 1042
941 831
941 936
941 942
941 948
942 831
942 832
942 941
942 943
942 1044
943 833
943 841
943 942
943 951
943 1045
944 846
944 945
944 956
944 1046
945 835
945 836
945 944
945 946
945 1047
946 836
946 937
946 945
946 959
947 837
947 938
947 959
947 1049
948 830
948 838
948 839
948 940
948 941
948 949
949 839
949 948
949 950
949 1050
950 840
950 949
950 960
950 1051
950 1060
951 841
951 943
951 952
951 1052
952 842
952 951
952 953
952 1053
953 843
953 952
953 954
953 1054
954 844
954 953
954 955
954 1055
955 845
955 954
955 956
955 1056
956 846
956 944
956 955
956 1057
957 847
957 958
957 967
957 1058
957 1067
958 848
958 957
958 959
958 1059
959 837
959 848
959 849
959 946
959 947
959 958
960 840
960 850
960 950
960 961
960 1060
961 851
961 960
961 962
961 1061
962 852
962 961
962 963
962 968
962 1062
963 962
963 968
963 969
963 1063
964 965
964 970
964 971
964 1064
965 853
965 964
965 966
965 971
965 1065
966 854
966 965
966 967
966 1066
967 847
967 855
967 957
967 966
967 1067
968 852
968 856
968 857
968 962
968 963
968 969
969 857
969 963
969 968
969 970
970 858
970 964
970 969
970 971
971 853
971 858
971 859
971 964
971 965
971 970
972 864
972 874
972 973
972 981
973 865
973 972
973 974
973 1068
974 866
974 973
974 975
974 1069
975 867
975 974
975 976
975 1070
976 868
976 975
976 977
976 1071
977 869
977 976
977 978
977 1072
978 870
978 977
978 979
978 1073
979 871
979 881
979 978
979 988
980 873
980 981
980 991
980 1074
981 874
981 972
981 980
981 1075
982 875
982 983
982 993
982 1076
983 876
983 982
983 984
983 1077
984 877
984 983
984 985
984 1078
985 878
985 984
985 986
985 1079
986 879
986 985
986 987
986 1080
987 880
987 986
987 994
987 1081
988 881
988 979
988 989
988 1082
989 882
989 988
989 996
989 1083
990 884
990 991
990 999
990 1084
991 980
991 990
991 1001
991 1074
991 1084
992 886
992 993
992 1001
992 1086
993 887
993 982
993 992
993 1087
994 888
994 987
994 995
994 1088
995 889
995 994
995 1002
995 1089
996 989
996 997
996 1002
996 1083
996 1091
997 891
997 996
997 1004
997 1091
998 892
998 893
998 999
998 1006
999 893
999 990
999 998
999 1092
1000 894
1000 1001
1000 1008
1000 1093
1001 991
1001 992
1001 1000
1001 1086
1001 1093
1001 1094
1002 995
1002 996
1002 1003
1002 1089
1002 1095
1002 1096
1003 895
1003 1002
1003 1009
1003 1096
1004 896
1004 997
1004 1005
1004 1097
1005 896
1005 897
1005 1004
1005 1011
1006 898
1006 998
1006 1012
1006 1098
1007 899
1007 1008
1007 1013
1007 1099
1008 900
1008 1000
1008 1007
1008 1100
1009 901
1009 1003
1009 1010
1009 1101
1010 902
1010 1009
1010 1014
1010 1102
1011 903
1011 1005
1011 1015
1011 1103
1012 905
1012 1006
1012 1016
1012 1104
1013 906
1013 1007
1013 1017
1013 1105
1014 907
1014 1010
1014 1018
1014 1106
1015 908
1015 1011
1015 1019
1015 1107
1016 911
1016 1012
1016 1020
1016 1108
1017 912
1017 1013
1017 1021
1017 1109
1018 913
1018 1014
1018 1022
1018 1110
1019 914
1019 1015
1019 1023
1019 1111
1020 917
1020 1016
1020 1024
1020 1112
1021 918
1021 1017
1021 1025
1021 1113
1022 919
1022 1018
1022 1026
1022 1114
1023 920
1023 1019
1023 1027
1023 1115
1024 923
1024 1020
1024 1028
1024 1116
1025 924
1025 1021
1025 1029
1025 1117
1026 925
1026 1022
1026 1032
1026 1118
1027 926
1027 1023
1027 1033
1027 1119
1028 928
1028 1024
1028 1034
1028 1120
1029 929
1029 1025
1029 1030
1029 1121
1030 930
1030 1029
1030 1036
1030 1122
1031 931
1031 1032
1031 1039
1031 1123
1032 932
1032 1026
1032 1031
1032 1124
1033 933
1033 1027
1033 1041
1033 1125
1034 934
1034 935
1034 1028
1034 1035
1035 935
1035 1034
1035 1042
1035 1126
1036 936
1036 1030
1036 1037
1036 1127
1037 1036
1037 1043
1037 1044
1037 1127
1037 1128
1037 1134
1038 1039
1038 1047
1038 1048
1038 1129
1038 1130
1038 1137
1039 937
1039 1031
1039 1038
1039 1130
1040 938
1040 1041
1040 1049
1040 1131
1041 938
1041 939
1041 1033
1041 1040
1042 940
1042 1035
1042 1043
1042 1132
1043 1037
1043 1042
1043 1050
1043 1132
1043 1140
1044 942
1044 1037
1044 1045
1044 1134
1045 943
1045 1044
1045 1052
1045 1135
1046 944
1046 1047
1046 1057
1046 1136
1047 945
1047 1038
1047 1046
1047 1137
1048 1038
1048 1049
1048 1059
1048 1139
1048 1149
1049 947
1049 1040
1049 1048
1049 1139
1050 949
1050 1043
1050 1051
1050 1140
1051 950
1051 1050
1051 1060
1051 1141
1052 951
1052 1045
1052 1053
1052 1142
1053 952
1053 1052
1053 1054
1053 1143
1054 953
1054 1053
1054 1055
1054 1144
1055 954
1055 1054
1055 1056
1055 1145
1056 955
1056 1055
1056 1057
1056 1146
1057 956
1057 1046
1057 1056
1057 1147
1058 957
1058 1059
1058 1067
1058 1148
1059 958
1059 1048
1059 1058
1059 1149
1060 950
1060 960
1060 1051
1060 1061
1061 961
1061 1060
1061 1062
1061 1150
1062 962
1062 1061
1062 1063
1062 1151
1063 963
1063 1062
1063 1064
1063 1152
1064 964
1064 1063
1064 1065
1064 1153
1065 965
1065 1064
1065 1066
1065 1154
1066 966
1066 1065
1066 1067
1066 1155
1067 957
1067 967
1067 1058
1067 1066
1068 973
1068 1069
1068 1076
1068 1156
1069 974
1069 1068
1069 1070
1069 1156
1069 1157
1070 975
1070 1069
1070 1071
1070 1078
1070 1158
1071 976
1071 1070
1071 1072
1071 1079
1071 1159
1072 977
1072 1071
1072 1073
1072 1080
1072 1160
1073 978
1073 1072
1073 1080
1073 1081
1074 980
1074 991
1074 1075
1074 1085
1075 981
1075 1074
1075 1076
1075 1161
1076 982
1076 1068
1076 1075
1076 1077
1076 1087
1076 1156
1076 1162
1077 983
1077 1076
1077 1078
1077 1156
1078 984
1078 1070
1078 1077
1078 1079
1079 985
1079 1071
1079 1078
1079 1165
1080 986
1080 1072
1080 1073
1080 1081
1080 1160
1080 1166
1081 987
1081 1073
1081 1080
1081 1082
1081 1088
1081 1167
1082 988
1082 1081
1082 1083
1082 1168
1083 989
1083 996
1083 1082
1083 1090
1084 990
1084 991
1084 1085
1084 1092
1085 1074
1085 1084
1085 1094
1085 1169
1086 992
1086 1001
1086 1087
1086 1094
1087 993
1087 1076
1087 1086
1087 1171
1088 994
1088 1081
1088 1089
1088 1176
1089 995
1089 1002
1089 1088
1089 1095
1090 1083
1090 1091
1090 1095
1090 1178
1091 996
1091 997
1091 1090
1091 1097
1092 999
1092 1084
1092 1099
1092 1179
1093 1000
1093 1001
1093 1094
1093 1100
1094 1001
1094 1085
1094 1086
1094 1093
1094 1181
1095 1002
1095 1089
1095 1090
1095 1096
1095 1182
1096 1002
1096 1003
1096 1095
1096 1101
1097 1004
1097 1091
1097 1102
1097 1184
1098 1006
1098 1099
1098 1104
1098 1105
1099 1007
1099 1092
1099 1098
1099 1100
1099 1105
1099 1185
1100 1008
1100 1093
1100 1099
1100 1186
1101 1009
1101 1096
1101 1102
1101 1187
1102 1010
1102 1097
1102 1101
1102 1103
1102 1106
1102 1188
1102 1189
1103 1011
1103 1102
1103 1107
1103 1189
1104 1012
1104 1098
1104 1108
1104 1190
1105 1013
1105 1098
1105 1099
1105 1109
1105 1190
1105 1191
1106 1014
1106 1102
1106 1110
1106 1189
1107 1015
1107 1103
1107 1111
1107 1189
1107 1195
1108 1016
1108 1104
1108 1109
1108 1112
1108 1196
1109 1017
1109 1105
1109 1108
1109 1113
1110 1018
1110 1106
1110 1111
1110 1114
1111 1019
1111 1107
1111 1110
1111 1115
1111 1201
1112 1020
1112 1108
1112 1113
1112 1116
1112 1202
1113 1021
1113 1109
1113 1112
1113 1203
1114 1022
1114 1110
1114 1115
1114 1206
1115 1023
1115 1111
1115 1114
1115 1119
1115 1207
1116 1024
1116 1112
1116 1120
1116 1208
1116 1214
1117 1025
1117 1121
1117 1209
1117 1214
1118 1026
1118 1119
1118 1124
1118 1125
1118 1212
1118 1213
1119 1027
1119 1115
1119 1118
1119 1125
1119 1213
1120 1028
1120 1116
1120 1121
1120 1214
1121 1029
1121 1117
1121 1120
1121 1122
1121 1126
1121 1214
1121 1215
1122 1030
1122 1121
1122 1127
1122 1216
1123 1031
1123 1124
1123 1130
1123 1217
1124 1032
1124 1118
1124 1123
1124 1125
1124 1131
1124 1218
1125 1033
1125 1118
1125 1119
1125 1124
1126 1035
1126 1121
1126 1132
1126 1219
1127 1036
1127 1037
1127 1122
1127 1128
1128 1037
1128 1127
1128 1133
1128 1134
1128 1221
1129 1038
1129 1130
1129 1137
1129 1138
1129 1222
1130 1038
1130 1039
1130 1123
1130 1129
1131 1040
1131 1124
1131 1139
1131 1224
1132 1042
1132 1043
1132 1126
1132 1133
1133 1128
1133 1132
1133 1140
1133 1225
1134 1037
1134 1044
1134 1128
1134 1135
1135 1045
1135 1134
1135 1142
1135 1227
1136 1046
1136 1137
1136 1147
1136 1232
1137 1038
1137 1047
1137 1129
1137 1136
1138 1129
1138 1139
1138 1149
1138 1234
1139 1048
1139 1049
1139 1131
1139 1138
1140 1043
1140 1050
1140 1133
1140 1141
1141 1051
1141 1140
1141 1142
1141 1235
1142 1052
1142 1135
1142 1141
1142 1143
1142 1150
1142 1236
1143 1053
1143 1142
1143 1144
1143 1150
1143 1237
1143 1243
1144 1054
1144 1143
1144 1145
1144 1152
1145 1055
1145 1144
1145 1153
1145 1239
1146 1056
1146 1147
1146 1240
1146 1247
1147 1057
1147 1136
1147 1146
1147 1148
1147 1155
1147 1241
1147 1247
1148 1058
1148 1147
1148 1149
1148 1242
1149 1048
1149 1059
1149 1138
1149 1148
1150 1061
1150 1142
1150 1143
1150 1151
1151 1062
1151 1150
1151 1152
1151 1243
1152 1063
1152 1144
1152 1151
1152 1153
1152 1244
1153 1064
1153 1145
1153 1152
1153 1154
1153 1245
1154 1065
1154 1153
1154 1155
1154 1246
1154 1247
1155 1066
1155 1147
1155 1154
1155 1247
1156 1068
1156 1069
1156 1076
1156 1077
1156 1157
1156 1162
1156 1163
1157 1069
1157 1156
1157 1158
1157 1163
1158 1070
1158 1157
1158 1159
1158 1164
1159 1071
1159 1158
1159 1160
1159 1165
1160 1072
1160 1080
1160 1159
1160 1166
1161 1075
1161 1162
1161 1170
1161 1248
1162 1076
1162 1156
1162 1161
1162 1249
1163 1156
1163 1157
1163 1164
1163 1172
1163 1173
1164 1158
1164 1163
1164 1165
1164 1173
1165 1079
1165 1159
1165 1164
1165 1166
1165 1174
1166 1080
1166 1160
1166 1165
1166 1167
1166 1174
1166 1175
1167 1081
1167 1166
1167 1168
1167 1255
1168 1082
1168 1167
1168 1177
1168 1255
1169 1085
1169 1170
1169 1180
1169 1181
1169 1256
1170 1161
1170 1169
1170 1171
1170 1181
1170 1248
1170 1257
1171 1087
1171 1170
1171 1172
1171 1248
1172 1163
1172 1171
1172 1173
1172 1259
1173 1163
1173 1164
1173 1172
1173 1251
1173 1259
1173 1260
1174 1165
1174 1166
1174 1175
1174 1252
1174 1261
1174 1262
1175 1166
1175 1174
1175 1176
1175 1262
1176 1088
1176 1175
1176 1177
1176 1255
1177 1168
1177 1176
1177 1178
1177 1182
1177 1255
1178 1090
1178 1177
1178 1182
1178 1183
1178 1265
1179 1092
1179 1180
1179 1185
1179 1266
1180 1169
1180 1179
1180 1181
1180 1186
1180 1266
1181 1094
1181 1169
1181 1170
1181 1180
1181 1268
1182 1095
1182 1177
1182 1178
1182 1183
1182 1271
1183 1178
1183 1182
1183 1184
1183 1187
1183 1272
1183 1273
1184 1097
1184 1183
1184 1188
1184 1273
1185 1099
1185 1179
1185 1191
1185 1266
1186 1100
1186 1180
1186 1192
1186 1266
1187 1101
1187 1183
1187 1193
1187 1273
1188 1102
1188 1184
1188 1189
1188 1279
1189 1102
1189 1103
1189 1106
1189 1107
1189 1188
1189 1194
1189 1195
1190 1104
1190 1105
1190 1191
1190 1196
1191 1105
1191 1185
1191 1190
1191 1192
1191 1197
1191 1198
1192 1186
1192 1191
1192 1198
1192 1281
1193 1187
1193 1194
1193 1199
1193 1282
1194 1189
1194 1193
1194 1195
1194 1199
1194 1200
1195 1107
1195 1189
1195 1194
1195 1201
1196 1108
1196 1190
1196 1197
1196 1202
1197 1191
1197 1196
1197 1198
1197 1203
1198 1191
1198 1192
1198 1197
1198 1281
1198 1284
1198 1285
1199 1193
1199 1194
1199 1200
1199 1282
1199 1286
1199 1287
1200 1194
1200 1199
1200 1201
1200 1206
1201 1111
1201 1195
1201 1200
1201 1207
1202 1112
1202 1196
1202 1203
1202 1208
1203 1113
1203 1197
1203 1202
1203 1204
1203 1209
1204 1203
1204 1209
1204 1210
1204 1288
1204 1289
1204 1293
1205 1206
1205 1211
1205 1212
1205 1290
1205 1291
1205 1294
1206 1114
1206 1200
1206 1205
1206 1207
1206 1212
1207 1115
1207 1201
1207 1206
1207 1213
1208 1116
1208 1202
1208 1209
1208 1214
1209 1117
1209 1203
1209 1204
1209 1208
1209 1210
1209 1214
1210 1204
1210 1209
1210 1216
1210 1293
1211 1205
1211 1212
1211 1217
1211 1294
1212 1118
1212 1205
1212 1206
1212 1211
1212 1213
1212 1218
1213 1118
1213 1119
1213 1207
1213 1212
1214 1116
1214 1117
1214 1120
1214 1121
1214 1208
1214 1209
1214 1215
1215 1121
1215 1214
1215 1219
1215 1296
1216 1122
1216 1210
1216 1220
1216 1302
1217 1123
1217 1211
1217 1223
1217 1309
1218 1124
1218 1212
1218 1224
1218 1309
1219 1126
1219 1215
1219 1220
1219 1302
1220 1216
1220 1219
1220 1221
1220 1225
1220 1302
1220 1303
1221 1128
1221 1220
1221 1225
1221 1226
1221 1304
1222 1129
1222 1223
1222 1233
1222 1234
1222 1307
1223 1217
1223 1222
1223 1224
1223 1234
1223 1309
1224 1131
1224 1218
1224 1223
1224 1309
1225 1133
1225 1220
1225 1221
1225 1226
1225 1310
1226 1221
1226 1225
1226 1227
1226 1235
1226 1320
1227 1135
1227 1226
1227 1228
1227 1320
1228 1227
1228 1229
1228 1237
1228 1313
1229 1228
1229 1237
1229 1238
1229 1313
1229 1314
1229 1323
1230 1231
1230 1239
1230 1240
1230 1315
1230 1316
1230 1324
1230 1325
1231 1230
1231 1232
1231 1240
1231 1316
1232 1136
1232 1231
1232 1233
1232 1327
1233 1222
1233 1232
1233 1234
1233 1242
1233 1318
1233 1327
1234 1138
1234 1222
1234 1223
1234 1233
1234 1319
1235 1141
1235 1226
1235 1236
1235 1320
1236 1142
1236 1235
1236 1237
1236 1320
1237 1143
1237 1228
1237 1229
1237 1236
1237 1238
1237 1243
1238 1229
1238 1237
1238 1239
1238 1244
1239 1145
1239 1230
1239 1238
1239 1240
1239 1245
1240 1146
1240 1230
1240 1231
1240 1239
1240 1246
1240 1247
1241 1147
1241 1242
1241 1247
1241 1326
1242 1148
1242 1233
1242 1241
1242 1327
1243 1143
1243 1151
1243 1237
1243 1244
1244 1152
1244 1238
1244 1243
1244 1245
1245 1153
1245 1239
1245 1244
1245 1246
1246 1154
1246 1240
1246 1245
1246 1247
1247 1146
1247 1147
1247 1154
1247 1155
1247 1240
1247 1241
1247 1246
1248 1161
1248 1170
1248 1171
1248 1249
1248 1257
1249 1162
1249 1248
1249 1250
1249 1258
1249 1328
1250 1249
1250 1251
1250 1259
1250 1329
1251 1173
1251 1250
1251 1252
1251 1260
1252 1174
1252 1251
1252 1253
1252 1261
1253 1252
1253 1254
1253 1262
1253 1332
1253 1333
1254 1253
1254 1255
1254 1263
1254 1333
1255 1167
1255 1168
1255 1176
1255 1177
1255 1254
1255 1264
1256 1169
1256 1257
1256 1267
1256 1268
1257 1170
1257 1248
1257 1256
1257 1334
1258 1249
1258 1259
1258 1269
1258 1328
1259 1172
1259 1173
1259 1250
1259 1258
1259 1260
1260 1173
1260 1251
1260 1259
1260 1261
1261 1174
1261 1252
1261 1260
1261 1338
1262 1174
1262 1175
1262 1253
1262 1333
1263 1254
1263 1270
1263 1333
1263 1340
1264 1255
1264 1265
1264 1270
1264 1341
1265 1178
1265 1264
1265 1271
1265 1272
1266 1179
1266 1180
1266 1185
1266 1186
1266 1267
1266 1274
1267 1256
1267 1266
1267 1276
1267 1342
1268 1181
1268 1256
1268 1269
1268 1276
1269 1258
1269 1268
1269 1334
1269 1344
1270 1263
1270 1264
1270 1271
1270 1341
1270 1347
1271 1182
1271 1265
1271 1270
1271 1277
1272 1183
1272 1265
1272 1273
1272 1349
1273 1183
1273 1184
1273 1187
1273 1272
1273 1279
1274 1266
1274 1275
1274 1280
1274 1350
1275 1274
1275 1276
1275 1350
1275 1351
1276 1267
1276 1268
1276 1275
1276 1342
1276 1352
1277 1271
1277 1278
1277 1349
1277 1353
1278 1277
1278 1279
1278 1282
1278 1355
1279 1188
1279 1273
1279 1278
1279 1283
1279 1355
1280 1274
1280 1281
1280 1284
1280 1350
1280 1356
1281 1192
1281 1198
1281 1280
1281 1285
1282 1193
1282 1199
1282 1278
1282 1283
1282 1286
1283 1279
1283 1282
1283 1287
1283 1355
1283 1361
1284 1198
1284 1280
1284 1285
1284 1288
1285 1198
1285 1281
1285 1284
1285 1289
1286 1199
1286 1282
1286 1287
1286 1290
1287 1199
1287 1283
1287 1286
1287 1291
1288 1204
1288 1284
1288 1289
1288 1366
1289 1204
1289 1285
1289 1288
1289 1367
1290 1205
1290 1286
1290 1291
1290 1368
1291 1205
1291 1287
1291 1290
1291 1295
1292 1293
1292 1296
1292 1370
1292 1376
1293 1204
1293 1210
1293 1292
1293 1297
1294 1205
1294 1211
1294 1295
1294 1381
1295 1291
1295 1294
1295 1301
1295 1375
1295 1381
1296 1215
1296 1292
1296 1297
1296 1302
1296 1376
1297 1293
1297 1296
1297 1298
1297 1376
1298 1297
1298 1304
1298 1378
1298 1382
1299 1300
1299 1307
1299 1308
1299 1379
1299 1389
1300 1299
1300 1301
1300 1380
1300 1381
1301 1295
1301 1300
1301 1309
1301 1381
1302 1216
1302 1219
1302 1220
1302 1296
1302 1303
1303 1220
1303 1302
1303 1310
1303 1382
1304 1221
1304 1298
1304 1305
1304 1310
1305 1304
1305 1311
1305 1312
1305 1384
1305 1390
1306 1307
1306 1317
1306 1387
1306 1397
1307 1222
1307 1299
1307 1306
1307 1319
1308 1299
1308 1309
1308 1319
1308 1389
1309 1217
1309 1218
1309 1223
1309 1224
1309 1301
1309 1308
1310 1225
1310 1303
1310 1304
1310 1311
1311 1305
1311 1310
1311 1320
1311 1390
1312 1305
1312 1321
1312 1391
1312 1398
1313 1228
1313 1229
1313 1314
1313 1322
1314 1229
1314 1313
1314 1315
1314 1323
1315 1230
1315 1314
1315 1324
1315 1394
1316 1230
1316 1231
1316 1317
1316 1325
1317 1306
1317 1316
1317 1326
1317 1403
1318 1233
1318 1319
1318 1327
1318 1397
1319 1234
1319 1307
1319 1308
1319 1318
1320 1226
1320 1227
1320 1235
1320 1236
1320 1311
1320 1321
1321 1312
1321 1320
1321 1322
1321 1398
1322 1313
1322 1321
1322 1323
1322 1398
1322 1399
1323 1229
1323 1314
1323 1322
1323 1324
1324 1230
1324 1315
1324 1323
1324 1325
1325 1230
1325 1316
1325 1324
1325 1326
1325 1402
1326 1241
1326 1317
1326 1325
1326 1327
1326 1403
1327 1232
1327 1233
1327 1242
1327 1318
1327 1326
1328 1249
1328 1258
1328 1329
1328 1335
1329 1250
1329 1328
1329 1330
1329 1336
1330 1329
1330 1331
1330 1337
1330 1404
1331 1330
1331 1332
1331 1338
1331 1405
1332 1253
1332 1331
1332 1333
1332 1339
1333 1253
1333 1254
1333 1262
1333 1263
1333 1332
1333 1339
1333 1340
1334 1257
1334 1269
1334 1335
1334 1343
1334 1406
1335 1328
1335 1334
1335 1344
1335 1406
1335 1407
1336 1329
1336 1337
1336 1345
1336 1408
1337 1330
1337 1336
1337 1404
1337 1409
1338 1261
1338 1331
1338 1339
1338 1405
1338 1410
1339 1332
1339 1333
1339 1338
1339 1346
1339 1411
1340 1263
1340 1333
1340 1341
1340 1347
1341 1264
1341 1270
1341 1340
1341 1348
1341 1413
1342 1267
1342 1276
1342 1343
1342 1351
1342 1414
1343 1334
1343 1342
1343 1406
1343 1414
1343 1415
1344 1269
1344 1335
1344 1345
1344 1406
1345 1336
1345 1344
1345 1407
1345 1417
1346 1339
1346 1347
1346 1412
1346 1420
1347 1270
1347 1340
1347 1346
1347 1413
1347 1421
1348 1341
1348 1349
1348 1413
1348 1422
1348 1423
1349 1272
1349 1277
1349 1348
1349 1354
1349 1423
1350 1274
1350 1275
1350 1280
1350 1351
1350 1356
1351 1275
1351 1342
1351 1350
1351 1352
1352 1276
1352 1351
1352 1358
1352 1414
1352 1425
1353 1277
1353 1359
1353 1423
1353 1428
1354 1349
1354 1355
1354 1423
1354 1429
1355 1278
1355 1279
1355 1283
1355 1354
1355 1361
1356 1280
1356 1350
1356 1357
1356 1362
1357 1356
1357 1358
1357 1363
1357 1430
1358 1352
1358 1357
1358 1424
1358 1430
1358 1431
1359 1353
1359 1360
1359 1429
1359 1432
1359 1433
1360 1359
1360 1361
1360 1364
1360 1433
1361 1283
1361 1355
1361 1360
1361 1365
1362 1356
1362 1363
1362 1366
1362 1434
1363 1357
1363 1362
1363 1434
1363 1435
1364 1360
1364 1365
1364 1438
1364 1439
1365 1361
1365 1364
1365 1369
1365 1439
1366 1288
1366 1362
1366 1367
1366 1370
1366 1440
1367 1289
1367 1366
1367 1440
1367 1441
1368 1290
1368 1369
1368 1444
1368 1445
1369 1365
1369 1368
1369 1375
1369 1445
1370 1292
1370 1366
1370 1371
1370 1376
1371 1370
1371 1372
1371 1377
1371 1446
1372 1371
1372 1378
1372 1446
1372 1447
1372 1450
1373 1374
1373 1379
1373 1448
1373 1449
1373 1455
1374 1373
1374 1375
1374 1381
1374 1449
1375 1295
1375 1369
1375 1374
1375 1381
1376 1292
1376 1296
1376 1297
1376 1370
1376 1377
1377 1371
1377 1376
1377 1382
1377 1450
1377 1456
1378 1298
1378 1372
1378 1451
1378 1456
1379 1299
1379 1373
1379 1380
1379 1454
1379 1465
1380 1300
1380 1379
1380 1381
1380 1389
1381 1294
1381 1295
1381 1300
1381 1301
1381 1374
1381 1375
1381 1380
1382 1298
1382 1303
1382 1377
1382 1383
1382 1456
1383 1382
1383 1390
1383 1456
1383 1457
1383 1466
1384 1305
1384 1385
1384 1391
1384 1458
1384 1466
1385 1384
1385 1392
1385 1459
1385 1467
1386 1387
1386 1395
1386 1462
1386 1472
1387 1306
1387 1386
1387 1396
1387 1473
1388 1389
1388 1397
1388 1464
1388 1465
1388 1473
1389 1299
1389 1308
1389 1380
1389 1388
1389 1465
1390 1305
1390 1311
1390 1383
1390 1391
1390 1466
1391 1312
1391 1384
1391 1390
1391 1398
1392 1385
1392 1393
1392 1399
1392 1468
1393 1392
1393 1400
1393 1469
1393 1474
1394 1315
1394 1401
1394 1470
1394 1475
1395 1386
1395 1396
1395 1402
1395 1471
1396 1387
1396 1395
1396 1397
1396 1403
1396 1472
1396 1473
1397 1306
1397 1318
1397 1388
1397 1396
1397 1473
1398 1312
1398 1321
1398 1322
1398 1391
1398 1399
1399 1322
1399 1392
1399 1398
1399 1400
1400 1393
1400 1399
1400 1401
1400 1474
1401 1394
1401 1400
1401 1402
1401 1475
1402 1325
1402 1395
1402 1401
1402 1403
1403 1317
1403 1326
1403 1396
1403 1402
1404 1330
1404 1337
1404 1405
1404 1409
1405 1331
1405 1338
1405 1404
1405 1410
1406 1334
1406 1335
1406 1343
1406 1344
1406 1407
1406 1415
1406 1416
1407 1335
1407 1345
1407 1406
1407 1416
1407 1476
1408 1336
1408 1409
1408 1417
1408 1477
1409 1337
1409 1404
1409 1408
1409 1418
1409 1478
1410 1338
1410 1405
1410 1411
1410 1419
1410 1479
1411 1339
1411 1410
1411 1420
1411 1480
1412 1346
1412 1413
1412 1421
1412 1481
1413 1341
1413 1347
1413 1348
1413 1412
1413 1422
1414 1342
1414 1343
1414 1352
1414 1415
1414 1424
1414 1425
1415 1343
1415 1406
1415 1414
1415 1482
1416 1406
1416 1407
1416 1426
1416 1483
1417 1345
1417 1408
1417 1418
1417 1476
1417 1477
1417 1484
1418 1409
1418 1417
1418 1478
1418 1485
1419 1410
1419 1420
1419 1479
1419 1486
1420 1346
1420 1411
1420 1419
1420 1480
1420 1481
1420 1487
1421 1347
1421 1412
1421 1427
1421 1481
1421 1488
1422 1348
1422 1413
1422 1423
1422 1489
1423 1348
1423 1349
1423 1353
1423 1354
1423 1422
1423 1428
1423 1429
1424 1358
1424 1414
1424 1425
1424 1430
1424 1490
1425 1352
1425 1414
1425 1424
1425 1426
1425 1491
1426 1416
1426 1425
1426 1482
1426 1492
1427 1421
1427 1428
1427 1489
1427 1494
1427 1495
1428 1353
1428 1423
1428 1427
1428 1429
1428 1496
1429 1354
1429 1359
1429 1423
1429 1428
1429 1497
1430 1357
1430 1358
1430 1424
1430 1431
1430 1498
1431 1358
1431 1430
1431 1436
1431 1490
1431 1498
1431 1499
1432 1359
1432 1433
1432 1437
1432 1497
1432 1502
1432 1503
1433 1359
1433 1360
1433 1432
1433 1503
1434 1362
1434 1363
1434 1435
1434 1440
1435 1363
1435 1434
1435 1436
1435 1504
1436 1431
1436 1435
1436 1504
1436 1505
1437 1432
1437 1438
1437 1506
1437 1507
1438 1364
1438 1437
1438 1439
1438 1507
1439 1364
1439 1365
1439 1438
1439 1445
1440 1366
1440 1367
1440 1434
1440 1441
1441 1367
1441 1440
1441 1442
1441 1508
1442 1441
1442 1447
1442 1508
1442 1509
1443 1444
1443 1448
1443 1510
1443 1511
1444 1368
1444 1443
1444 1445
1444 1511
1445 1368
1445 1369
1445 1439
1445 1444
1446 1371
1446 1372
1446 1447
1446 1512
1447 1372
1447 1442
1447 1446
1447 1512
1447 1513
1447 1518
1448 1373
1448 1443
1448 1449
1448 1516
1448 1517
1448 1525
1449 1373
1449 1374
1449 1448
1449 1455
1449 1517
1450 1372
1450 1377
1450 1451
1450 1456
1450 1518
1451 1378
1451 1450
1451 1452
1451 1456
1451 1519
1452 1451
1452 1458
1452 1520
1452 1521
1452 1526
1453 1454
1453 1463
1453 1523
1453 1533
1454 1379
1454 1453
1454 1455
1454 1465
1454 1524
1455 1373
1455 1449
1455 1454
1455 1465
1455 1525
1456 1377
1456 1378
1456 1382
1456 1383
1456 1450
1456 1451
1456 1457
1457 1383
1457 1456
1457 1466
1457 1526
1458 1384
1458 1452
1458 1467
1458 1527
1458 1534
1459 1385
1459 1460
1459 1468
1459 1528
1459 1534
1459 1535
1460 1459
1460 1469
1460 1529
1460 1536
1461 1462
1461 1470
1461 1530
1461 1537
1462 1386
1462 1461
1462 1471
1462 1531
1462 1538
1462 1539
1463 1453
1463 1472
1463 1473
1463 1532
1464 1388
1464 1465
1464 1473
1464 1533
1465 1379
1465 1388
1465 1389
1465 1454
1465 1455
1465 1464
1466 1383
1466 1384
1466 1390
1466 1457
1466 1467
1467 1385
1467 1458
1467 1466
1467 1534
1468 1392
1468 1459
1468 1469
1468 1535
1469 1393
1469 1460
1469 1468
1469 1474
1469 1536
1470 1394
1470 1461
1470 1471
1470 1475
1470 1537
1471 1395
1471 1462
1471 1470
1471 1538
1472 1386
1472 1396
1472 1463
1472 1473
1472 1539
1473 1387
1473 1388
1473 1396
1473 1397
1473 1463
1473 1464
1473 1472
1474 1393
1474 1400
1474 1469
1474 1475
1475 1394
1475 1401
1475 1470
1475 1474
1476 1407
1476 1417
1476 1477
1476 1483
1476 1493
1477 1408
1477 1417
1477 1476
1477 1478
1477 1484
1478 1409
1478 1418
1478 1477
1478 1485
1479 1410
1479 1419
1479 1480
1479 1486
1480 1411
1480 1420
1480 1479
1480 1481
1480 1487
1481 1412
1481 1420
1481 1421
1481 1480
1481 1487
1481 1488
1482 1415
1482 1426
1482 1483
1482 1491
1482 1492
1483 1416
1483 1476
1483 1482
1483 1493
1484 1417
1484 1477
1484 1485
1484 1493
1485 1418
1485 1478
1485 1484
1485 1486
1486 1419
1486 1479
1486 1485
1486 1487
1487 1420
1487 1480
1487 1481
1487 1486
1487 1494
1488 1421
1488 1481
1488 1489
1488 1494
1489 1422
1489 1427
1489 1488
1489 1495
1489 1496
1490 1424
1490 1431
1490 1491
1490 1498
1490 1499
1490 1500
1491 1425
1491 1482
1491 1490
1491 1500
1492 1426
1492 1482
1492 1493
1492 1500
1493 1476
1493 1483
1493 1484
1493 1492
1494 1427
1494 1487
1494 1488
1494 1495
1495 1427
1495 1489
1495 1494
1495 1501
1496 1428
1496 1489
1496 1497
1496 1501
1497 1429
1497 1432
1497 1496
1497 1501
1497 1502
1497 1503
1498 1430
1498 1431
1498 1490
1498 1499
1498 1504
1499 1431
1499 1490
1499 1498
1499 1500
1499 1505
1500 1490
1500 1491
1500 1492
1500 1499
1501 1495
1501 1496
1501 1497
1501 1502
1502 1432
1502 1497
1502 1501
1502 1503
1502 1506
1503 1432
1503 1433
1503 1497
1503 1502
1503 1507
1504 1435
1504 1436
1504 1498
1504 1505
1505 1436
1505 1499
1505 1504
1505 1509
1506 1437
1506 1502
1506 1507
1506 1510
1507 1437
1507 1438
1507 1503
1507 1506
1508 1441
1508 1442
1508 1509
1508 1512
1509 1442
1509 1505
1509 1508
1509 1513
1510 1443
1510 1506
1510 1511
1510 1516
1511 1443
1511 1444
1511 1510
1511 1517
1512 1446
1512 1447
1512 1508
1512 1513
1512 1518
1513 1447
1513 1509
1513 1512
1513 1514
1513 1518
1514 1513
1514 1518
1514 1519
1514 1520
1515 1516
1515 1523
1515 1524
1515 1525
1516 1448
1516 1510
1516 1515
1516 1517
1516 1525
1517 1448
1517 1449
1517 1511
1517 1516
1517 1525
1518 1447
1518 1450
1518 1512
1518 1513
1518 1514
1518 1519
1519 1451
1519 1514
1519 1518
1519 1526
1520 1452
1520 1514
1520 1521
1520 1526
1521 1452
1521 1520
1521 1527
1521 1528
1522 1523
1522 1531
1522 1532
1522 1539
1523 1453
1523 1515
1523 1522
1523 1533
1524 1454
1524 1515
1524 1525
1524 1533
1525 1448
1525 1455
1525 1515
1525 1516
1525 1517
1525 1524
1526 1452
1526 1457
1526 1519
1526 1520
1526 1527
1527 1458
1527 1521
1527 1526
1527 1534
1528 1459
1528 1521
1528 1529
1528 1534
1528 1535
1529 1460
1529 1528
1529 1530
1529 1536
1530 1461
1530 1529
1530 1531
1530 1537
1531 1462
1531 1522
1531 1530
1531 1538
1531 1539
1532 1463
1532 1522
1532 1533
1532 1539
1533 1453
1533 1464
1533 1523
1533 1524
1533 1532
1534 1458
1534 1459
1534 1467
1534 1527
1534 1528
1534 1535
1535 1459
1535 1468
1535 1528
1535 1534
1535 1536
1536 1460
1536 1469
1536 1529
1536 1535
1537 1461
1537 1470
1537 1530
1537 1538
1538 1462
1538 1471
1538 1531
1538 1537
1538 1539
1539 1462
1539 1472
1539 1522
1539 1531
1539 1532
1539 1538
