0 1
0 2
0 3
0 12
0 13
1 0
1 2
1 3
1 13
2 0
2 1
2 6
2 12
2 15
3 0
3 1
3 4
3 7
3 16
4 3
4 5
4 8
4 17
5 4
5 8
5 9
5 18
6 2
6 7
6 14
6 15
6 20
6 21
7 3
7 6
7 16
7 21
7 26
8 4
8 5
8 9
8 10
8 11
8 22
9 5
9 8
9 11
9 18
9 23
10 8
10 11
10 22
10 27
10 28
11 8
11 9
11 10
11 27
11 28
12 0
12 2
12 13
12 15
12 35
13 0
13 1
13 12
13 16
14 6
14 15
14 19
14 20
14 37
15 2
15 6
15 12
15 14
15 20
16 3
16 7
16 13
16 17
16 39
17 4
17 16
17 22
17 40
18 5
18 9
18 22
18 23
18 41
18 44
19 14
19 20
19 24
19 37
19 42
20 6
20 14
20 15
20 19
20 21
20 25
21 6
21 7
21 20
21 26
22 8
22 10
22 17
22 18
22 23
22 43
23 9
23 18
23 22
23 44
24 19
24 25
24 29
24 45
24 49
25 20
25 24
25 26
25 30
26 7
26 21
26 25
26 27
27 10
27 11
27 26
27 28
27 32
28 10
28 11
28 27
28 47
29 24
29 30
29 45
29 48
29 49
29 50
30 25
30 29
30 31
30 50
30 54
31 30
31 32
31 33
31 34
31 56
32 27
32 31
32 34
32 51
33 31
33 34
33 55
33 56
34 31
34 32
34 33
34 51
34 55
34 56
35 12
35 36
35 38
35 64
36 35
36 38
36 39
36 65
37 14
37 19
37 38
37 42
38 35
38 36
38 37
38 64
39 16
39 36
39 40
39 68
40 17
40 39
40 41
40 43
41 18
41 40
41 43
41 44
41 73
42 19
42 37
42 45
42 71
43 22
43 40
43 41
43 72
44 18
44 23
44 41
44 73
45 24
45 29
45 42
45 49
45 74
46 47
46 51
46 75
46 76
47 28
47 46
47 75
47 76
48 29
48 49
48 52
48 53
48 77
49 24
49 29
49 45
49 48
50 29
50 30
50 53
50 54
51 32
51 34
51 46
51 56
51 78
52 48
52 53
52 57
52 77
52 79
53 48
53 50
53 52
53 54
53 58
54 30
54 50
54 53
54 59
55 33
55 34
55 56
55 60
56 31
56 33
56 34
56 51
56 55
56 81
57 52
57 58
57 79
57 82
57 83
58 53
58 57
58 61
58 84
59 54
59 60
59 61
59 62
59 63
60 55
60 59
60 63
60 80
60 85
61 58
61 59
61 62
61 84
61 88
62 59
62 61
62 63
62 89
62 90
62 96
63 59
63 60
63 62
63 85
63 89
63 90
64 35
64 38
64 65
64 67
64 105
65 36
65 64
65 68
65 105
65 106
65 109
66 67
66 71
66 107
66 108
66 113
67 64
67 66
67 105
67 108
68 39
68 65
68 69
68 106
68 109
69 68
69 70
69 72
69 110
70 69
70 72
70 73
70 111
70 116
71 42
71 66
71 74
71 107
71 112
71 113
72 43
72 69
72 70
72 110
72 111
72 115
73 41
73 44
73 70
73 111
73 116
74 45
74 71
74 77
74 117
75 46
75 47
75 76
75 78
75 120
75 121
76 46
76 47
76 75
76 120
76 121
77 48
77 52
77 74
77 79
77 122
78 51
78 75
78 81
78 126
79 52
79 57
79 77
79 83
80 60
80 81
80 85
80 131
81 56
81 78
81 80
81 131
82 57
82 83
82 86
82 87
83 57
83 79
83 82
83 87
84 58
84 61
84 87
84 88
85 60
85 63
85 80
85 90
86 82
86 87
86 92
86 135
87 82
87 83
87 84
87 86
87 88
87 93
88 61
88 84
88 87
88 94
89 62
89 63
89 90
89 95
89 96
90 62
90 63
90 85
90 89
90 96
91 92
91 97
91 98
91 137
91 138
91 141
92 86
92 91
92 93
92 97
92 135
92 137
92 138
93 87
93 92
93 94
93 99
94 88
94 93
94 95
94 100
95 89
95 94
95 96
95 101
96 62
96 89
96 90
96 95
97 91
97 92
97 98
97 137
97 141
97 142
98 91
98 97
98 99
98 142
98 143
99 93
99 98
99 102
99 143
100 94
100 101
100 103
100 104
100 150
101 95
101 100
101 104
101 144
102 99
102 103
102 143
102 148
103 100
103 102
103 104
103 149
103 150
104 100
104 101
104 103
104 144
104 149
104 150
105 64
105 65
105 67
105 106
105 108
106 65
106 68
106 105
106 109
107 66
107 71
107 108
107 112
107 113
108 66
108 67
108 105
108 107
108 113
109 65
109 68
109 106
109 110
109 114
110 69
110 72
110 109
110 111
111 70
111 72
111 73
111 110
111 115
111 116
112 71
112 107
112 113
112 117
113 66
113 71
113 107
113 108
113 112
113 114
113 118
114 109
114 113
114 115
114 119
115 72
115 111
115 114
115 116
115 120
115 121
116 70
116 73
116 111
116 115
117 74
117 112
117 118
117 123
118 113
118 117
118 119
118 124
119 114
119 118
119 120
119 125
120 75
120 76
120 115
120 119
120 121
120 126
121 75
121 76
121 115
121 120
122 77
122 123
122 127
122 128
122 192
123 117
123 122
123 124
123 128
123 193
124 118
124 123
124 125
124 129
125 119
125 124
125 126
125 130
125 131
126 78
126 120
126 125
126 131
127 122
127 133
127 192
127 193
128 122
128 123
128 129
128 192
128 193
129 124
129 128
129 194
129 195
130 125
130 131
130 134
130 195
131 80
131 81
131 125
131 126
131 130
132 133
132 135
132 196
132 197
133 127
133 132
133 192
133 196
133 197
134 130
134 136
134 195
134 200
135 86
135 92
135 132
135 138
135 201
136 134
136 140
136 200
136 204
136 205
136 211
137 91
137 92
137 97
137 138
137 141
138 91
138 92
138 135
138 137
139 140
139 144
139 210
139 211
140 136
140 139
140 205
140 211
141 91
141 97
141 137
141 142
141 146
142 97
142 98
142 141
142 146
142 147
143 98
143 99
143 102
143 147
143 148
144 101
144 104
144 139
144 150
145 146
145 151
145 152
145 216
145 217
145 220
146 141
146 142
146 145
146 152
147 142
147 143
147 148
147 153
148 102
148 143
148 147
148 154
148 155
149 103
149 104
149 150
149 155
150 100
150 103
150 104
150 144
150 149
151 145
151 152
151 156
151 220
152 145
152 146
152 151
152 153
152 157
153 147
153 152
153 154
153 158
154 148
154 153
154 155
154 159
154 160
155 148
155 149
155 154
155 160
156 151
156 157
156 162
156 222
157 152
157 156
157 158
157 163
158 153
158 157
158 159
158 164
159 154
159 158
159 160
159 165
159 223
160 154
160 155
160 159
160 224
161 162
161 166
161 167
161 225
161 226
162 156
162 161
162 163
162 167
162 225
162 226
163 157
163 162
163 164
163 168
164 158
164 163
164 165
164 169
165 159
165 164
165 170
165 223
165 227
166 161
166 167
166 172
166 173
166 228
167 161
167 162
167 166
167 173
167 229
168 163
168 169
168 230
168 231
169 164
169 168
169 170
169 175
169 176
169 231
170 165
170 169
170 176
170 232
170 238
171 172
171 177
171 233
171 234
172 166
172 171
172 173
172 234
172 235
173 166
173 167
173 172
173 235
174 175
174 180
174 181
174 236
175 169
175 174
175 176
175 181
175 237
176 169
176 170
176 175
176 232
176 237
176 238
177 171
177 178
177 182
177 239
178 177
178 179
178 183
178 240
179 178
179 183
179 184
179 240
179 241
180 174
180 181
180 185
180 186
180 242
181 174
181 175
181 180
181 186
181 243
182 177
182 183
182 187
182 244
183 178
183 179
183 182
183 184
183 187
183 188
184 179
184 183
184 185
184 189
184 245
185 180
185 184
185 186
185 190
185 246
186 180
186 181
186 185
186 243
186 246
186 247
187 182
187 183
187 188
187 248
188 183
188 187
188 189
188 249
189 184
189 188
189 190
189 191
190 185
190 189
190 191
190 251
191 189
191 190
191 250
191 253
192 122
192 127
192 128
192 133
192 193
193 123
193 127
193 128
193 192
193 194
193 198
194 129
194 193
194 195
194 198
194 199
195 129
195 130
195 134
195 194
195 199
195 200
196 132
196 133
196 197
196 201
196 202
197 132
197 133
197 196
197 202
198 193
198 194
198 199
198 203
199 194
199 195
199 198
199 200
200 134
200 136
200 195
200 199
200 205
201 135
201 196
201 202
201 207
202 196
202 197
202 201
202 203
202 208
203 198
203 202
203 204
203 209
204 136
204 203
204 205
204 210
204 211
205 136
205 140
205 200
205 204
205 211
206 207
206 212
206 254
206 255
207 201
207 206
207 254
207 255
208 202
208 209
208 213
208 256
208 259
209 203
209 208
209 213
209 214
210 139
210 204
210 211
210 215
211 136
211 139
211 140
211 204
211 205
211 210
212 206
212 254
212 257
212 258
213 208
213 209
213 214
213 256
213 259
214 209
214 213
214 215
214 260
214 261
215 210
215 214
215 219
215 261
215 267
216 145
216 217
216 220
216 262
217 145
217 216
217 262
217 263
218 219
218 221
218 266
218 267
219 215
219 218
219 260
219 261
219 266
219 267
220 145
220 151
220 216
220 222
220 268
221 218
221 224
221 266
221 272
222 156
222 220
222 226
222 273
223 159
223 165
223 224
223 227
223 277
224 160
224 221
224 223
224 276
224 277
225 161
225 162
225 226
225 228
225 229
225 278
226 161
226 162
226 222
226 225
226 278
227 165
227 223
227 232
227 282
228 166
228 225
228 234
228 283
229 167
229 225
229 230
229 284
230 168
230 229
230 231
230 236
230 285
231 168
231 169
231 230
231 236
231 285
232 170
232 176
232 227
232 238
232 287
233 171
233 234
233 239
233 288
234 171
234 172
234 228
234 233
234 235
234 288
235 172
235 173
235 234
235 290
236 174
236 230
236 231
236 242
236 291
237 175
237 176
237 238
237 243
237 293
238 170
238 176
238 232
238 237
238 293
239 177
239 233
239 244
239 294
240 178
240 179
240 241
240 295
240 296
241 179
241 240
241 245
241 296
242 180
242 236
242 245
242 247
243 181
243 186
243 237
243 247
244 182
244 239
244 248
244 299
244 304
245 184
245 241
245 242
245 296
245 301
246 185
246 186
246 247
246 251
247 186
247 242
247 243
247 246
247 303
248 187
248 244
248 249
248 304
249 188
249 248
249 252
249 253
249 308
250 191
250 251
250 253
250 309
251 190
251 246
251 250
251 307
252 249
252 253
252 308
252 309
253 191
253 249
253 250
253 252
253 309
254 206
254 207
254 212
254 255
254 257
254 258
255 206
255 207
255 254
255 256
255 258
256 208
256 213
256 255
256 259
257 212
257 254
257 258
257 263
258 212
258 254
258 255
258 257
258 264
259 208
259 213
259 256
259 265
260 214
260 219
260 261
260 267
261 214
261 215
261 219
261 260
261 266
261 267
262 216
262 217
262 263
262 268
262 269
263 217
263 257
263 262
263 264
263 269
264 258
264 263
264 265
264 270
265 259
265 264
265 266
265 271
266 218
266 219
266 221
266 261
266 265
266 267
266 272
267 215
267 218
267 219
267 260
267 261
267 266
268 220
268 262
268 269
268 273
269 262
269 263
269 268
269 270
269 274
270 264
270 269
270 271
270 275
271 265
271 270
271 272
271 276
271 277
272 221
272 266
272 271
272 277
273 222
273 268
273 274
273 279
274 269
274 273
274 275
274 280
275 270
275 274
275 276
275 281
276 224
276 271
276 275
276 277
276 282
277 223
277 224
277 271
277 272
277 276
278 225
278 226
278 279
278 283
278 284
279 273
279 278
279 280
279 284
280 274
280 279
280 281
280 285
281 275
281 280
281 282
281 286
282 227
282 276
282 281
282 287
283 228
283 278
283 284
283 289
283 290
284 229
284 278
284 279
284 283
284 290
285 230
285 231
285 280
285 286
286 281
286 285
286 287
286 292
286 293
287 232
287 282
287 286
287 293
288 233
288 234
288 289
288 294
289 283
289 288
289 290
289 295
290 235
290 283
290 284
290 289
291 236
291 292
291 297
291 298
292 286
292 291
292 293
292 298
293 237
293 238
293 286
293 287
293 292
294 239
294 288
294 295
294 299
295 240
295 289
295 294
295 296
295 300
296 240
296 241
296 245
296 295
296 300
296 301
297 291
297 298
297 302
297 303
298 291
298 292
298 297
298 303
299 244
299 294
299 300
299 304
300 295
300 296
300 299
300 301
300 305
301 245
301 296
301 300
301 302
302 297
302 301
302 303
302 307
303 247
303 297
303 298
303 302
304 244
304 248
304 299
304 305
305 300
305 304
305 306
305 308
306 305
306 307
306 308
306 309
307 251
307 302
307 306
307 309
308 249
308 252
308 305
308 306
308 309
309 250
309 252
309 253
309 306
309 307
309 308
310 318
310 1017
310 1030
310 1031
311 312
311 319
311 1018
311 1031
311 1032
312 311
312 320
312 1019
312 1032
313 314
313 321
313 1020
313 1033
314 313
314 321
314 322
314 1020
314 1021
314 1033
314 1034
315 328
315 1027
315 1044
315 1045
316 317
316 329
316 1028
316 1045
316 1046
317 316
317 330
317 1029
317 1046
318 310
318 319
318 331
318 1030
319 311
319 318
319 320
319 332
319 1031
320 312
320 319
320 333
320 1032
321 313
321 314
321 334
321 1033
322 314
322 323
322 335
322 1034
323 322
323 336
323 1035
323 1047
324 337
324 1036
324 1047
324 1048
325 338
325 1037
325 1048
325 1049
326 343
326 1042
326 1057
326 1058
327 328
327 344
327 1043
327 1058
328 315
328 327
328 329
328 345
328 1044
329 316
329 328
329 330
329 346
329 1045
329 1046
330 317
330 329
330 331
330 347
330 1046
331 318
331 330
331 332
331 348
332 319
332 331
332 333
332 349
333 320
333 332
333 334
333 350
334 321
334 333
334 335
334 351
335 322
335 334
335 336
335 352
336 323
336 335
336 337
336 353
336 1047
337 324
337 336
337 354
337 1047
337 1048
338 325
338 339
338 355
338 1049
339 338
339 356
339 1050
339 1059
340 357
340 1051
340 1059
340 1060
341 342
341 361
341 1055
341 1056
341 1066
341 1067
342 341
342 343
342 362
342 1056
342 1067
343 326
343 342
343 363
343 1057
343 1058
344 327
344 345
344 364
344 1058
345 328
345 344
345 346
345 365
346 329
346 345
346 347
346 366
347 330
347 346
347 348
347 367
348 331
348 347
348 349
348 368
349 332
349 348
349 350
349 369
350 333
350 349
350 351
350 370
351 334
351 350
351 352
351 371
352 335
352 351
352 353
352 372
353 336
353 352
353 354
353 373
354 337
354 353
354 355
354 374
355 338
355 354
355 356
355 375
356 339
356 355
356 357
356 376
356 1059
357 340
357 356
357 377
357 1059
357 1060
358 359
358 378
358 1061
358 1068
359 358
359 378
359 379
359 1061
359 1062
359 1068
359 1069
360 382
360 1065
360 1074
360 1075
361 341
361 362
361 383
361 1066
361 1067
361 1075
362 342
362 361
362 363
362 384
362 1067
363 343
363 362
363 364
363 385
364 344
364 363
364 365
364 386
365 345
365 364
365 366
365 387
366 346
366 365
366 367
366 388
367 347
367 366
367 368
367 389
368 348
368 367
368 369
368 390
369 349
369 368
369 370
369 391
370 350
370 369
370 371
370 392
371 351
371 370
371 372
371 393
372 352
372 371
372 373
372 394
372 1932
373 353
373 372
373 374
373 395
374 354
374 373
374 375
374 396
375 355
375 374
375 376
375 397
376 356
376 375
376 377
376 398
377 357
377 376
377 378
377 399
378 358
378 359
378 377
378 400
378 1068
379 359
379 380
379 401
379 1069
379 1076
380 379
380 1069
380 1070
380 1076
381 382
381 405
381 1073
381 1082
381 1083
382 360
382 381
382 383
382 406
382 1074
382 1075
383 361
383 382
383 384
383 407
383 1075
384 362
384 383
384 385
384 408
385 363
385 384
385 386
385 409
386 364
386 385
386 387
386 410
387 365
387 386
387 388
387 411
388 366
388 387
388 389
388 412
389 367
389 388
389 390
389 413
390 368
390 389
390 391
390 414
391 369
391 390
391 392
391 415
392 370
392 391
392 393
392 416
393 371
393 392
393 394
393 417
393 1932
394 372
394 393
394 395
394 418
394 1932
395 373
395 394
395 396
395 419
396 374
396 395
396 397
396 420
397 375
397 396
397 398
397 421
398 376
398 397
398 399
398 422
399 377
399 398
399 400
399 423
400 378
400 399
400 401
400 424
401 379
401 400
401 402
401 425
401 1076
402 401
402 403
402 426
402 1076
402 1077
402 1084
403 402
403 1077
403 1078
403 1084
404 405
404 429
404 430
404 1081
404 1082
404 1089
404 1090
405 381
405 404
405 406
405 1082
405 1083
406 382
406 405
406 407
406 431
406 1083
407 383
407 406
407 408
407 432
408 384
408 407
408 409
408 433
409 385
409 408
409 410
409 434
410 386
410 409
410 411
410 435
411 387
411 410
411 412
411 436
412 388
412 411
412 413
412 437
413 389
413 412
413 414
413 438
414 390
414 413
414 415
414 439
415 391
415 414
415 416
415 440
416 392
416 415
416 417
416 441
417 393
417 416
417 418
417 442
418 394
418 417
418 419
418 443
418 1932
419 395
419 418
419 420
419 444
420 396
420 419
420 421
420 445
421 397
421 420
421 422
421 446
422 398
422 421
422 423
422 447
423 399
423 422
423 424
423 448
424 400
424 423
424 425
424 449
425 401
425 424
425 426
425 450
426 402
426 425
426 427
426 451
426 1084
427 426
427 428
427 452
427 1084
427 1085
427 1091
428 427
428 1085
428 1086
428 1091
429 404
429 430
429 1089
429 1090
430 404
430 429
430 431
430 456
430 1090
431 406
431 430
431 432
431 457
432 407
432 431
432 433
432 458
433 408
433 432
433 434
433 459
434 409
434 433
434 435
434 460
435 410
435 434
435 436
435 461
436 411
436 435
436 437
436 462
437 412
437 436
437 438
437 463
438 413
438 437
438 439
438 464
439 414
439 438
439 440
439 465
440 415
440 439
440 441
440 466
441 416
441 440
441 442
441 467
442 417
442 441
442 443
442 468
443 418
443 442
443 444
443 469
444 419
444 443
444 445
444 470
445 420
445 444
445 446
445 471
446 421
446 445
446 447
446 472
447 422
447 446
447 448
447 473
448 423
448 447
448 449
448 474
449 424
449 448
449 450
449 475
450 425
450 449
450 451
450 476
451 426
451 450
451 452
451 477
452 427
452 451
452 453
452 478
452 1091
453 452
453 479
453 1091
453 1092
453 1097
454 455
454 1095
454 1096
454 1102
455 454
455 456
455 482
455 1096
455 1102
456 430
456 455
456 457
456 483
457 431
457 456
457 458
457 484
458 432
458 457
458 459
458 485
459 433
459 458
459 460
459 486
460 434
460 459
460 461
460 487
461 435
461 460
461 462
461 488
462 436
462 461
462 463
462 489
463 437
463 462
463 464
463 490
464 438
464 463
464 465
464 491
465 439
465 464
465 466
465 492
466 440
466 465
466 467
466 493
467 441
467 466
467 468
467 494
468 442
468 467
468 469
468 495
469 443
469 468
469 470
469 496
470 444
470 469
470 471
470 497
471 445
471 470
471 472
471 498
472 446
472 471
472 473
472 499
473 447
473 472
473 474
473 500
474 448
474 473
474 475
474 501
475 449
475 474
475 476
475 502
476 450
476 475
476 477
476 503
477 451
477 476
477 478
477 504
478 452
478 477
478 479
478 505
479 453
479 478
479 480
479 1097
480 479
480 507
480 1097
480 1098
480 1103
481 482
481 509
481 1101
481 1102
481 1107
482 455
482 481
482 483
482 510
482 1102
483 456
483 482
483 484
483 511
484 457
484 483
484 485
484 512
485 458
485 484
485 486
485 513
486 459
486 485
486 487
486 514
487 460
487 486
487 488
487 515
488 461
488 487
488 489
488 516
489 462
489 488
489 490
489 517
490 463
490 489
490 491
490 518
491 464
491 490
491 492
491 519
492 465
492 491
492 493
492 520
493 466
493 492
493 494
493 521
494 467
494 493
494 495
494 522
495 468
495 494
495 496
495 523
496 469
496 495
496 497
496 524
497 470
497 496
497 498
497 525
498 471
498 497
498 499
498 526
499 472
499 498
499 500
499 527
500 473
500 499
500 501
500 528
501 474
501 500
501 502
501 529
502 475
502 501
502 503
502 530
503 476
503 502
503 504
503 531
504 477
504 503
504 505
504 532
505 478
505 504
505 506
505 533
506 505
506 507
506 534
506 1103
507 480
507 506
507 1103
507 1104
508 509
508 537
508 1106
508 1107
508 1112
509 481
509 508
509 510
509 538
509 1107
510 482
510 509
510 511
510 539
511 483
511 510
511 512
511 540
512 484
512 511
512 513
512 541
513 485
513 512
513 514
513 542
514 486
514 513
514 515
514 543
515 487
515 514
515 516
515 544
516 488
516 515
516 517
516 545
517 489
517 516
517 518
517 546
518 490
518 517
518 519
518 547
519 491
519 518
519 520
519 548
520 492
520 519
520 521
520 549
521 493
521 520
521 522
521 550
522 494
522 521
522 523
522 551
523 495
523 522
523 524
523 552
524 496
524 523
524 525
524 553
525 497
525 524
525 526
525 554
526 498
526 525
526 527
526 555
527 499
527 526
527 528
527 556
528 500
528 527
528 529
528 557
529 501
529 528
529 530
529 558
530 502
530 529
530 531
530 559
531 503
531 530
531 532
531 560
532 504
532 531
532 533
532 561
533 505
533 532
533 534
533 562
534 506
534 533
534 535
534 563
535 534
535 536
535 564
535 1108
536 535
536 1108
536 1109
536 1113
537 508
537 538
537 1111
537 1112
538 509
538 537
538 539
538 1112
539 510
539 538
539 540
539 568
540 511
540 539
540 541
540 569
541 512
541 540
541 542
541 570
542 513
542 541
542 543
542 571
543 514
543 542
543 544
543 572
544 515
544 543
544 545
544 573
545 516
545 544
545 546
545 574
546 517
546 545
546 547
546 575
547 518
547 546
547 548
547 576
548 519
548 547
548 549
548 577
549 520
549 548
549 550
549 578
550 521
550 549
550 551
550 579
551 522
551 550
551 552
551 580
552 523
552 551
552 553
552 581
553 524
553 552
553 554
553 582
554 525
554 553
554 555
554 583
555 526
555 554
555 556
555 584
556 527
556 555
556 557
556 585
557 528
557 556
557 558
557 586
558 529
558 557
558 559
558 587
559 530
559 558
559 560
559 588
560 531
560 559
560 561
560 589
561 532
561 560
561 562
561 590
562 533
562 561
562 563
562 591
563 534
563 562
563 564
563 592
564 535
564 563
564 565
564 593
564 1113
565 564
565 1113
565 1114
565 1119
566 567
566 1117
566 1118
566 1124
567 566
567 568
567 596
567 1118
567 1124
568 539
568 567
568 569
568 597
569 540
569 568
569 570
569 598
570 541
570 569
570 571
570 599
571 542
571 570
571 572
571 600
572 543
572 571
572 573
572 601
573 544
573 572
573 574
573 602
574 545
574 573
574 575
574 603
575 546
575 574
575 576
575 604
576 547
576 575
576 577
576 605
577 548
577 576
577 578
577 606
578 549
578 577
578 579
578 607
579 550
579 578
579 580
579 608
580 551
580 579
580 581
580 609
581 552
581 580
581 582
581 610
582 553
582 581
582 583
582 611
583 554
583 582
583 584
583 612
584 555
584 583
584 585
584 613
585 556
585 584
585 586
585 614
586 557
586 585
586 587
586 615
587 558
587 586
587 588
587 616
588 559
588 587
588 589
588 617
589 560
589 588
589 590
589 618
590 561
590 589
590 591
590 619
591 562
591 590
591 592
591 620
592 563
592 591
592 593
592 621
593 564
593 592
593 594
593 622
593 1119
593 1125
594 593
594 1119
594 1120
594 1125
595 596
595 624
595 1123
595 1124
596 567
596 595
596 597
596 625
596 1124
597 568
597 596
597 598
597 626
598 569
598 597
598 599
598 627
599 570
599 598
599 600
599 628
600 571
600 599
600 601
600 629
601 572
601 600
601 602
601 630
602 573
602 601
602 603
602 631
603 574
603 602
603 604
603 632
604 575
604 603
604 605
604 633
605 576
605 604
605 606
605 634
606 577
606 605
606 607
606 635
607 578
607 606
607 608
607 636
607 637
608 579
608 607
608 609
608 637
609 580
609 608
609 610
609 638
610 581
610 609
610 611
610 639
611 582
611 610
611 612
611 640
612 583
612 611
612 613
612 641
613 584
613 612
613 614
613 642
614 585
614 613
614 615
614 643
615 586
615 614
615 616
615 644
616 587
616 615
616 617
616 645
617 588
617 616
617 618
617 646
618 589
618 617
618 619
618 647
619 590
619 618
619 620
619 648
620 591
620 619
620 621
620 649
621 592
621 620
621 622
621 650
622 593
622 621
622 623
622 651
622 1125
623 622
623 652
623 1125
623 1126
624 595
624 625
624 653
624 1129
625 596
625 624
625 626
625 654
626 597
626 625
626 627
626 655
627 598
627 626
627 628
627 656
628 599
628 627
628 629
628 657
629 600
629 628
629 630
629 658
630 601
630 629
630 631
630 659
631 602
631 630
631 632
631 660
632 603
632 631
632 633
632 661
633 604
633 632
633 634
633 662
634 605
634 633
634 635
634 663
635 606
635 634
635 636
635 664
636 607
636 635
636 637
636 665
637 607
637 608
637 636
637 638
637 666
638 609
638 637
638 639
638 667
639 610
639 638
639 640
639 667
639 668
640 611
640 639
640 641
640 669
641 612
641 640
641 642
641 670
642 613
642 641
642 643
642 671
643 614
643 642
643 644
643 672
644 615
644 643
644 645
644 673
645 616
645 644
645 646
645 674
646 617
646 645
646 647
646 675
647 618
647 646
647 648
647 676
648 619
648 647
648 649
648 677
649 620
649 648
649 650
649 678
650 621
650 649
650 651
650 679
651 622
651 650
651 652
651 680
652 623
652 651
652 681
652 1130
652 1134
653 624
653 654
653 682
653 1133
654 625
654 653
654 655
654 683
655 626
655 654
655 656
655 684
656 627
656 655
656 657
656 685
657 628
657 656
657 658
657 686
658 629
658 657
658 659
658 687
659 630
659 658
659 660
659 688
660 631
660 659
660 661
660 689
661 632
661 660
661 662
661 690
662 633
662 661
662 663
662 691
663 634
663 662
663 664
663 692
664 635
664 663
664 665
664 693
665 636
665 664
665 666
665 694
666 637
666 665
666 694
666 695
667 638
667 639
667 668
667 696
668 639
668 667
668 669
668 697
669 640
669 668
669 670
669 698
670 641
670 669
670 671
670 699
671 642
671 670
671 672
671 700
672 643
672 671
672 673
672 701
673 644
673 672
673 674
673 702
674 645
674 673
674 675
674 703
675 646
675 674
675 676
675 704
676 647
676 675
676 677
676 705
677 648
677 676
677 678
677 706
678 649
678 677
678 679
678 707
679 650
679 678
679 680
679 708
680 651
680 679
680 681
680 709
681 652
681 680
681 710
681 1134
682 653
682 683
682 711
682 1137
683 654
683 682
683 684
683 712
684 655
684 683
684 685
684 713
685 656
685 684
685 686
685 714
686 657
686 685
686 687
686 715
687 658
687 686
687 688
687 716
688 659
688 687
688 689
688 717
689 660
689 688
689 690
689 718
690 661
690 689
690 691
690 719
691 662
691 690
691 692
691 720
692 663
692 691
692 693
692 721
693 664
693 692
693 694
693 722
694 665
694 666
694 693
694 695
694 723
695 666
695 694
695 696
695 724
696 667
696 695
696 697
696 725
697 668
697 696
697 698
697 726
698 669
698 697
698 699
698 727
699 670
699 698
699 700
699 728
700 671
700 699
700 701
700 729
701 672
701 700
701 702
701 730
702 673
702 701
702 703
702 731
703 674
703 702
703 704
703 732
704 675
704 703
704 705
704 733
705 676
705 704
705 706
705 734
706 677
706 705
706 707
706 735
707 678
707 706
707 708
707 736
708 679
708 707
708 709
708 737
709 680
709 708
709 710
709 738
710 681
710 709
710 739
710 1138
711 682
711 712
711 740
711 1141
711 1142
712 683
712 711
712 713
712 741
712 1142
713 684
713 712
713 714
713 742
714 685
714 713
714 715
714 743
715 686
715 714
715 716
715 744
716 687
716 715
716 717
716 745
717 688
717 716
717 718
717 746
718 689
718 717
718 719
718 747
719 690
719 718
719 720
719 748
720 691
720 719
720 721
720 749
721 692
721 720
721 722
721 750
722 693
722 721
722 723
722 751
723 694
723 722
723 724
723 752
724 695
724 723
724 725
724 753
725 696
725 724
725 726
725 754
726 697
726 725
726 727
726 755
727 698
727 726
727 728
727 756
728 699
728 727
728 729
728 757
729 700
729 728
729 730
729 758
730 701
730 729
730 731
730 759
731 702
731 730
731 732
731 760
732 703
732 731
732 733
732 761
733 704
733 732
733 734
733 762
734 705
734 733
734 735
734 763
735 706
735 734
735 736
735 764
736 707
736 735
736 737
736 765
737 708
737 736
737 738
737 766
738 709
738 737
738 739
738 767
738 1143
739 710
739 738
739 768
739 1143
739 1144
740 711
740 741
740 1142
740 1147
740 1148
741 712
741 740
741 742
741 1148
742 713
742 741
742 743
742 771
743 714
743 742
743 744
743 772
744 715
744 743
744 745
744 773
745 716
745 744
745 746
745 774
746 717
746 745
746 747
746 775
747 718
747 746
747 748
747 776
748 719
748 747
748 749
748 777
749 720
749 748
749 750
749 778
750 721
750 749
750 751
750 779
751 722
751 750
751 752
751 780
752 723
752 751
752 753
752 781
753 724
753 752
753 754
753 782
754 725
754 753
754 755
754 783
755 726
755 754
755 756
755 784
756 727
756 755
756 757
756 785
757 728
757 756
757 758
757 786
758 729
758 757
758 759
758 787
759 730
759 758
759 760
759 788
760 731
760 759
760 761
760 789
761 732
761 760
761 762
761 790
762 733
762 761
762 763
762 791
763 734
763 762
763 764
763 792
764 735
764 763
764 765
764 793
765 736
765 764
765 766
765 794
766 737
766 765
766 767
766 795
767 738
767 766
767 768
767 1143
767 1149
768 739
768 767
768 1143
768 1149
768 1150
769 770
769 798
769 1153
769 1154
770 769
770 771
770 798
770 1154
771 742
771 770
771 772
771 800
772 743
772 771
772 773
772 801
773 744
773 772
773 774
773 802
774 745
774 773
774 775
774 803
775 746
775 774
775 776
775 804
776 747
776 775
776 777
776 805
777 748
777 776
777 778
777 806
778 749
778 777
778 779
778 807
779 750
779 778
779 780
779 808
780 751
780 779
780 781
780 809
781 752
781 780
781 782
781 810
782 753
782 781
782 783
782 811
783 754
783 782
783 784
783 812
784 755
784 783
784 785
784 813
785 756
785 784
785 786
785 814
786 757
786 785
786 787
786 815
787 758
787 786
787 788
787 816
788 759
788 787
788 789
788 817
789 760
789 788
789 790
789 818
790 761
790 789
790 791
790 819
791 762
791 790
791 792
791 820
792 763
792 791
792 793
792 821
793 764
793 792
793 794
793 822
794 765
794 793
794 795
794 823
795 766
795 794
795 796
795 824
796 795
796 797
796 826
796 1155
797 796
797 826
797 1155
797 1156
798 769
798 770
798 799
798 1153
798 1154
798 1158
798 1159
799 798
799 800
799 1159
799 1160
800 771
800 799
800 801
800 828
800 1160
801 772
801 800
801 802
801 829
802 773
802 801
802 803
802 830
803 774
803 802
803 804
803 831
804 775
804 803
804 805
804 832
805 776
805 804
805 806
805 833
806 777
806 805
806 807
806 834
807 778
807 806
807 808
807 835
808 779
808 807
808 809
808 836
809 780
809 808
809 810
809 837
810 781
810 809
810 811
810 838
811 782
811 810
811 812
811 839
812 783
812 811
812 813
812 840
813 784
813 812
813 814
813 841
814 785
814 813
814 815
814 842
815 786
815 814
815 816
815 843
816 787
816 815
816 817
816 844
817 788
817 816
817 818
817 845
818 789
818 817
818 819
818 846
819 790
819 818
819 820
819 847
820 791
820 819
820 821
820 848
821 792
821 820
821 822
821 849
822 793
822 821
822 823
822 850
823 794
823 822
823 824
823 851
824 795
824 823
824 825
824 852
824 1161
825 824
825 826
825 853
825 1161
825 1162
826 796
826 797
826 825
826 1155
826 1156
826 1162
826 1163
827 828
827 854
827 1160
827 1165
827 1166
828 800
828 827
828 829
828 855
828 1160
828 1166
829 801
829 828
829 830
829 856
830 802
830 829
830 831
830 857
831 803
831 830
831 832
831 858
832 804
832 831
832 833
832 859
833 805
833 832
833 834
833 860
834 806
834 833
834 835
834 861
835 807
835 834
835 836
835 862
836 808
836 835
836 837
836 863
837 809
837 836
837 838
837 864
838 810
838 837
838 839
838 865
839 811
839 838
839 840
839 866
840 812
840 839
840 841
840 867
841 813
841 840
841 842
841 868
842 814
842 841
842 843
842 869
843 815
843 842
843 844
843 870
844 816
844 843
844 845
844 871
845 817
845 844
845 846
845 872
846 818
846 845
846 847
846 873
847 819
847 846
847 848
847 874
848 820
848 847
848 849
848 875
849 821
849 848
849 850
849 876
850 822
850 849
850 851
850 877
851 823
851 850
851 852
851 878
852 824
852 851
852 853
852 879
852 1161
852 1167
853 825
853 852
853 880
853 1161
853 1167
853 1168
854 827
854 855
854 1166
854 1171
854 1172
855 828
855 854
855 856
855 1166
855 1172
855 1173
856 829
856 855
856 857
856 882
856 1173
857 830
857 856
857 858
857 883
858 831
858 857
858 859
858 884
859 832
859 858
859 860
859 885
860 833
860 859
860 861
860 886
861 834
861 860
861 862
861 887
862 835
862 861
862 863
862 888
863 836
863 862
863 864
863 889
864 837
864 863
864 865
864 890
865 838
865 864
865 866
865 891
866 839
866 865
866 867
866 892
867 840
867 866
867 868
867 893
868 841
868 867
868 869
868 894
869 842
869 868
869 870
869 895
870 843
870 869
870 871
870 896
871 844
871 870
871 872
871 897
872 845
872 871
872 873
872 898
873 846
873 872
873 874
873 899
874 847
874 873
874 875
874 900
875 848
875 874
875 876
875 901
876 849
876 875
876 877
876 902
877 850
877 876
877 878
877 903
878 851
878 877
878 879
878 904
878 1174
879 852
879 878
879 880
879 1174
879 1175
880 853
880 879
880 1167
880 1175
880 1176
881 882
881 1173
881 1179
881 1180
882 856
882 881
882 883
882 1173
882 1180
883 857
883 882
883 884
883 907
884 858
884 883
884 885
884 908
885 859
885 884
885 886
885 909
886 860
886 885
886 887
886 910
887 861
887 886
887 888
887 911
888 862
888 887
888 889
888 912
889 863
889 888
889 890
889 913
890 864
890 889
890 891
890 914
891 865
891 890
891 892
891 915
892 866
892 891
892 893
892 916
893 867
893 892
893 894
893 917
894 868
894 893
894 895
894 918
895 869
895 894
895 896
895 919
896 870
896 895
896 897
896 920
897 871
897 896
897 898
897 921
898 872
898 897
898 899
898 922
899 873
899 898
899 900
899 923
900 874
900 899
900 901
900 924
901 875
901 900
901 902
901 925
902 876
902 901
902 903
902 926
903 877
903 902
903 904
903 927
904 878
904 903
904 905
904 1174
904 1181
905 904
905 1174
905 1181
905 1182
906 907
906 929
906 1185
906 1186
907 883
907 906
907 908
907 929
907 1186
908 884
908 907
908 909
908 931
909 885
909 908
909 910
909 932
910 886
910 909
910 911
910 933
911 887
911 910
911 912
911 934
912 888
912 911
912 913
912 935
913 889
913 912
913 914
913 936
914 890
914 913
914 915
914 937
915 891
915 914
915 916
915 938
916 892
916 915
916 917
916 939
917 893
917 916
917 918
917 940
918 894
918 917
918 919
918 941
919 895
919 918
919 920
919 942
920 896
920 919
920 921
920 943
921 897
921 920
921 922
921 944
922 898
922 921
922 923
922 945
923 899
923 922
923 924
923 946
924 900
924 923
924 925
924 947
925 901
925 924
925 926
925 948
926 902
926 925
926 927
926 949
927 903
927 926
927 928
927 951
927 1187
928 927
928 951
928 1187
928 1188
929 906
929 907
929 930
929 1185
929 1186
929 1191
930 929
930 952
930 1192
930 1193
931 908
931 932
931 952
931 953
931 1193
931 1194
932 909
932 931
932 933
932 954
932 1194
933 910
933 932
933 934
933 955
934 911
934 933
934 935
934 956
935 912
935 934
935 936
935 957
936 913
936 935
936 937
936 958
937 914
937 936
937 938
937 959
938 915
938 937
938 939
938 960
939 916
939 938
939 940
939 961
940 917
940 939
940 941
940 962
941 918
941 940
941 942
941 963
942 919
942 941
942 943
942 964
943 920
943 942
943 944
943 965
944 921
944 943
944 945
944 966
945 922
945 944
945 946
945 967
946 923
946 945
946 947
946 968
947 924
947 946
947 948
947 969
948 925
948 947
948 949
948 970
948 1195
949 926
949 948
949 971
949 972
949 1195
949 1196
950 951
950 972
950 1187
950 1197
951 927
951 928
951 950
951 1187
951 1188
951 1197
951 1198
952 930
952 931
952 953
952 1192
952 1193
952 1200
953 931
953 952
953 1193
953 1194
953 1201
954 932
954 973
954 1194
954 1202
954 1203
955 933
955 956
955 974
955 1203
956 934
956 955
956 957
956 975
957 935
957 956
957 958
957 976
958 936
958 957
958 959
958 977
959 937
959 958
959 960
959 978
960 938
960 959
960 961
960 979
961 939
961 960
961 962
961 980
962 940
962 961
962 963
962 981
963 941
963 962
963 964
963 982
964 942
964 963
964 965
964 983
965 943
965 964
965 966
965 984
966 944
966 965
966 967
966 985
967 945
967 966
967 968
967 986
968 946
968 967
968 969
968 987
969 947
969 968
969 970
969 988
969 1204
970 948
970 969
970 989
970 1195
970 1204
970 1205
971 949
971 972
971 1195
971 1196
971 1206
972 949
972 950
972 971
972 1196
972 1197
972 1206
972 1207
973 954
973 1202
973 1203
973 1210
974 955
974 990
974 1203
974 1211
975 956
975 976
975 990
975 991
975 1212
975 1213
976 957
976 975
976 977
976 992
976 1213
977 958
977 976
977 978
977 993
978 959
978 977
978 979
978 994
979 960
979 978
979 980
979 995
980 961
980 979
980 981
980 996
981 962
981 980
981 982
981 997
982 963
982 981
982 983
982 998
983 964
983 982
983 984
983 999
984 965
984 983
984 985
984 1000
985 966
985 984
985 986
985 1001
986 967
986 985
986 987
986 1002
986 1214
987 968
987 986
987 1003
987 1004
987 1214
987 1215
988 969
988 1004
988 1204
988 1216
989 970
989 1204
989 1205
989 1217
990 974
990 975
990 991
990 1211
990 1212
990 1220
991 975
991 990
991 1212
991 1213
991 1221
992 976
992 993
992 1213
992 1222
993 977
993 992
993 1005
993 1223
994 978
994 995
994 1006
994 1224
995 979
995 994
995 996
995 1007
995 1225
996 980
996 995
996 997
996 1008
996 1226
997 981
997 996
997 998
997 1009
997 1227
998 982
998 997
998 999
998 1010
998 1228
999 983
999 998
999 1000
999 1011
999 1229
1000 984
1000 999
1000 1012
1000 1230
1001 985
1001 1002
1001 1013
1001 1231
1002 986
1002 1001
1002 1214
1002 1232
1003 987
1003 1004
1003 1214
1003 1215
1003 1233
1004 987
1004 988
1004 1003
1004 1215
1004 1216
1004 1233
1004 1234
1005 993
1005 1006
1005 1223
1005 1224
1005 1238
1006 994
1006 1005
1006 1224
1006 1239
1007 995
1007 1008
1007 1225
1007 1240
1008 996
1008 1007
1008 1009
1008 1226
1008 1241
1009 997
1009 1008
1009 1227
1009 1242
1010 998
1010 1011
1010 1228
1010 1243
1011 999
1011 1010
1011 1228
1011 1229
1011 1244
1012 1000
1012 1013
1012 1230
1012 1245
1013 1001
1013 1012
1013 1231
1013 1246
1014 1015
1014 1027
1014 1267
1014 1283
1014 1284
1015 1014
1015 1016
1015 1028
1015 1268
1015 1284
1016 1015
1016 1017
1016 1029
1016 1269
1017 310
1017 1016
1017 1018
1017 1030
1017 1270
1018 311
1018 1017
1018 1019
1018 1031
1018 1271
1019 312
1019 1018
1019 1032
1019 1272
1020 313
1020 314
1020 1021
1020 1033
1021 314
1021 1020
1021 1022
1021 1034
1021 1274
1022 1021
1022 1023
1022 1035
1022 1275
1023 1022
1023 1024
1023 1036
1023 1276
1023 1285
1024 1023
1024 1037
1024 1277
1024 1285
1024 1286
1025 1026
1025 1042
1025 1281
1025 1293
1025 1294
1026 1025
1026 1043
1026 1282
1026 1294
1027 315
1027 1014
1027 1028
1027 1044
1027 1283
1028 316
1028 1015
1028 1027
1028 1029
1028 1045
1028 1284
1029 317
1029 1016
1029 1028
1029 1046
1030 310
1030 318
1030 1017
1030 1031
1031 310
1031 311
1031 319
1031 1018
1031 1030
1032 311
1032 312
1032 320
1032 1019
1033 313
1033 314
1033 321
1033 1020
1034 314
1034 322
1034 1021
1034 1035
1035 323
1035 1022
1035 1034
1035 1047
1036 324
1036 1023
1036 1037
1036 1048
1036 1285
1037 325
1037 1024
1037 1036
1037 1049
1038 1039
1038 1050
1038 1287
1038 1295
1039 1038
1039 1051
1039 1288
1039 1295
1039 1296
1040 1041
1040 1055
1040 1291
1040 1302
1040 1303
1041 1040
1041 1042
1041 1056
1041 1303
1042 326
1042 1025
1042 1041
1042 1057
1043 327
1043 1026
1043 1058
1043 1294
1044 315
1044 328
1044 1027
1044 1045
1045 315
1045 316
1045 329
1045 1028
1045 1044
1045 1046
1046 316
1046 317
1046 329
1046 330
1046 1029
1046 1045
1047 323
1047 324
1047 336
1047 337
1047 1035
1047 1048
1048 324
1048 325
1048 337
1048 1036
1048 1047
1049 325
1049 338
1049 1037
1049 1050
1050 339
1050 1038
1050 1049
1050 1059
1050 1295
1051 340
1051 1039
1051 1052
1051 1060
1052 1051
1052 1053
1052 1061
1052 1304
1053 1052
1053 1062
1053 1298
1053 1304
1053 1305
1054 1055
1054 1065
1054 1301
1054 1311
1055 341
1055 1040
1055 1054
1055 1056
1055 1066
1056 341
1056 342
1056 1041
1056 1055
1056 1067
1057 326
1057 343
1057 1042
1057 1058
1058 326
1058 327
1058 343
1058 344
1058 1043
1058 1057
1059 339
1059 340
1059 356
1059 357
1059 1050
1059 1060
1060 340
1060 357
1060 1051
1060 1059
1061 358
1061 359
1061 1052
1061 1062
1061 1068
1062 359
1062 1053
1062 1061
1062 1063
1062 1069
1063 1062
1063 1070
1063 1312
1063 1313
1064 1065
1064 1073
1064 1309
1064 1318
1065 360
1065 1054
1065 1064
1065 1074
1066 341
1066 361
1066 1055
1066 1067
1067 341
1067 342
1067 361
1067 362
1067 1056
1067 1066
1068 358
1068 359
1068 378
1068 1061
1069 359
1069 379
1069 380
1069 1062
1069 1070
1069 1076
1070 380
1070 1063
1070 1069
1070 1071
1070 1312
1071 1070
1071 1077
1071 1078
1071 1314
1072 1073
1072 1081
1072 1317
1072 1324
1073 381
1073 1064
1073 1072
1073 1082
1074 360
1074 382
1074 1065
1074 1075
1075 360
1075 361
1075 382
1075 383
1075 1074
1076 379
1076 380
1076 401
1076 402
1076 1069
1077 402
1077 403
1077 1071
1077 1078
1077 1084
1078 403
1078 1071
1078 1077
1078 1079
1079 1078
1079 1086
1079 1320
1079 1325
1080 1081
1080 1088
1080 1323
1080 1330
1081 404
1081 1072
1081 1080
1081 1082
1082 381
1082 404
1082 405
1082 1073
1082 1081
1082 1083
1083 381
1083 405
1083 406
1083 1082
1084 402
1084 403
1084 426
1084 427
1084 1077
1085 427
1085 428
1085 1086
1085 1325
1086 428
1086 1079
1086 1085
1086 1087
1086 1325
1087 1086
1087 1092
1087 1093
1087 1327
1087 1331
1088 1080
1088 1089
1088 1095
1088 1329
1088 1330
1089 404
1089 429
1089 1088
1089 1090
1090 404
1090 429
1090 430
1090 1089
1091 427
1091 428
1091 452
1091 453
1092 453
1092 1087
1092 1093
1092 1097
1093 1087
1093 1092
1093 1098
1093 1331
1094 1095
1094 1100
1094 1334
1094 1335
1094 1340
1095 454
1095 1088
1095 1094
1095 1096
1096 454
1096 455
1096 1095
1096 1102
1097 453
1097 479
1097 480
1097 1092
1097 1098
1098 480
1098 1093
1098 1097
1098 1099
1098 1336
1099 1098
1099 1105
1099 1336
1099 1337
1099 1341
1100 1094
1100 1101
1100 1339
1100 1340
1101 481
1101 1100
1101 1102
1101 1340
1102 454
1102 455
1102 481
1102 482
1102 1096
1102 1101
1103 480
1103 506
1103 507
1103 1104
1104 507
1104 1103
1104 1105
1104 1341
1105 1099
1105 1104
1105 1109
1105 1341
1105 1342
1106 508
1106 1107
1106 1111
1106 1345
1107 481
1107 508
1107 509
1107 1106
1108 535
1108 536
1108 1109
1108 1113
1109 536
1109 1105
1109 1108
1109 1346
1110 1111
1110 1116
1110 1348
1110 1349
1110 1354
1111 537
1111 1106
1111 1110
1111 1112
1111 1349
1112 508
1112 537
1112 538
1112 1111
1113 536
1113 564
1113 565
1113 1108
1113 1114
1114 565
1114 1113
1114 1115
1114 1350
1115 1114
1115 1121
1115 1350
1115 1351
1115 1355
1116 1110
1116 1117
1116 1122
1116 1353
1116 1354
1117 566
1117 1116
1117 1118
1117 1354
1118 566
1118 567
1118 1117
1118 1124
1119 565
1119 593
1119 594
1119 1120
1119 1125
1120 594
1120 1119
1120 1121
1120 1355
1121 1115
1121 1120
1121 1127
1121 1355
1121 1356
1122 1116
1122 1123
1122 1128
1122 1359
1123 595
1123 1122
1123 1124
1123 1129
1124 566
1124 567
1124 595
1124 596
1124 1118
1124 1123
1125 593
1125 594
1125 622
1125 623
1125 1119
1125 1126
1126 623
1126 1125
1126 1127
1126 1130
1127 1121
1127 1126
1127 1131
1127 1360
1128 1122
1128 1129
1128 1132
1128 1363
1129 624
1129 1123
1129 1128
1129 1133
1130 652
1130 1126
1130 1131
1130 1134
1131 1127
1131 1130
1131 1135
1131 1364
1132 1128
1132 1133
1132 1136
1132 1367
1133 653
1133 1129
1133 1132
1133 1137
1134 652
1134 681
1134 1130
1134 1135
1134 1138
1135 1131
1135 1134
1135 1139
1135 1368
1136 1132
1136 1137
1136 1140
1136 1371
1137 682
1137 1133
1137 1136
1137 1141
1138 710
1138 1134
1138 1139
1138 1144
1139 1135
1139 1138
1139 1145
1139 1372
1140 1136
1140 1141
1140 1146
1140 1375
1140 1376
1141 711
1141 1137
1141 1140
1141 1142
1141 1376
1142 711
1142 712
1142 740
1142 1141
1142 1148
1143 738
1143 739
1143 767
1143 768
1143 1144
1143 1149
1144 739
1144 1138
1144 1143
1144 1145
1144 1377
1145 1139
1145 1144
1145 1151
1145 1377
1145 1378
1146 1140
1146 1147
1146 1152
1146 1376
1146 1381
1147 740
1147 1146
1147 1148
1147 1381
1148 740
1148 741
1148 1142
1148 1147
1149 767
1149 768
1149 1143
1149 1150
1150 768
1150 1149
1150 1151
1150 1382
1151 1145
1151 1150
1151 1157
1151 1377
1151 1382
1151 1383
1152 1146
1152 1153
1152 1381
1152 1384
1152 1385
1153 769
1153 798
1153 1152
1153 1154
1153 1158
1153 1385
1154 769
1154 770
1154 798
1154 1153
1155 796
1155 797
1155 826
1155 1156
1156 797
1156 826
1156 1155
1156 1157
1156 1163
1156 1386
1157 1151
1157 1156
1157 1382
1157 1386
1157 1387
1158 798
1158 1153
1158 1159
1158 1164
1158 1389
1159 798
1159 799
1159 1158
1159 1160
1160 799
1160 800
1160 827
1160 828
1160 1159
1160 1166
1161 824
1161 825
1161 852
1161 853
1161 1162
1161 1167
1162 825
1162 826
1162 1161
1162 1163
1162 1168
1163 826
1163 1156
1163 1162
1163 1169
1164 1158
1164 1165
1164 1170
1164 1394
1165 827
1165 1164
1165 1166
1165 1394
1166 827
1166 828
1166 854
1166 855
1166 1160
1166 1165
1167 852
1167 853
1167 880
1167 1161
1167 1168
1168 853
1168 1162
1168 1167
1168 1169
1169 1163
1169 1168
1169 1177
1169 1395
1169 1396
1170 1164
1170 1171
1170 1393
1170 1394
1170 1398
1170 1399
1171 854
1171 1170
1171 1172
1171 1178
1172 854
1172 855
1172 1171
1172 1173
1173 855
1173 856
1173 881
1173 882
1173 1172
1173 1180
1174 878
1174 879
1174 904
1174 905
1174 1175
1174 1181
1175 879
1175 880
1175 1174
1175 1176
1176 880
1176 1175
1176 1177
1176 1183
1177 1169
1177 1176
1177 1395
1177 1400
1177 1401
1178 1171
1178 1179
1178 1403
1178 1404
1179 881
1179 1178
1179 1180
1179 1184
1180 881
1180 882
1180 1173
1180 1179
1181 904
1181 905
1181 1174
1181 1182
1182 905
1182 1181
1182 1183
1182 1189
1183 1176
1183 1182
1183 1405
1183 1406
1184 1179
1184 1185
1184 1190
1184 1409
1184 1410
1185 906
1185 929
1185 1184
1185 1186
1185 1191
1186 906
1186 907
1186 929
1186 1185
1187 927
1187 928
1187 950
1187 951
1188 928
1188 951
1188 1189
1188 1198
1189 1182
1189 1188
1189 1411
1189 1412
1190 1184
1190 1191
1190 1410
1190 1414
1190 1415
1191 929
1191 1185
1191 1190
1191 1199
1192 930
1192 952
1192 1193
1192 1200
1193 930
1193 931
1193 952
1193 953
1193 1192
1194 931
1194 932
1194 953
1194 954
1194 1201
1194 1202
1195 948
1195 949
1195 970
1195 971
1195 1196
1195 1205
1195 1206
1196 949
1196 971
1196 972
1196 1195
1197 950
1197 951
1197 972
1197 1198
1197 1207
1198 951
1198 1188
1198 1197
1198 1208
1199 1191
1199 1200
1199 1416
1199 1420
1200 952
1200 1192
1200 1199
1200 1201
1201 953
1201 1194
1201 1200
1201 1202
1201 1209
1202 954
1202 973
1202 1194
1202 1201
1202 1210
1203 954
1203 955
1203 973
1203 974
1203 1211
1204 969
1204 970
1204 988
1204 989
1204 1205
1204 1216
1205 970
1205 989
1205 1195
1205 1204
1205 1217
1206 971
1206 972
1206 1195
1206 1218
1207 972
1207 1197
1207 1208
1207 1417
1208 1198
1208 1207
1208 1417
1208 1425
1209 1201
1209 1210
1209 1422
1209 1427
1210 973
1210 1202
1210 1209
1210 1219
1211 974
1211 990
1211 1203
1211 1220
1212 975
1212 990
1212 991
1212 1213
1212 1221
1213 975
1213 976
1213 991
1213 992
1213 1212
1213 1222
1214 986
1214 987
1214 1002
1214 1003
1214 1215
1214 1232
1215 987
1215 1003
1215 1004
1215 1214
1215 1233
1216 988
1216 1004
1216 1204
1216 1234
1217 989
1217 1205
1217 1218
1217 1235
1218 1206
1218 1217
1218 1423
1218 1432
1219 1210
1219 1220
1219 1428
1219 1429
1220 990
1220 1211
1220 1219
1220 1429
1221 991
1221 1212
1221 1222
1221 1236
1221 1437
1222 992
1222 1213
1222 1221
1222 1223
1222 1237
1222 1438
1223 993
1223 1005
1223 1222
1223 1238
1224 994
1224 1005
1224 1006
1224 1239
1225 995
1225 1007
1225 1226
1225 1240
1226 996
1226 1008
1226 1225
1226 1227
1226 1241
1227 997
1227 1009
1227 1226
1227 1242
1228 998
1228 1010
1228 1011
1228 1243
1229 999
1229 1011
1229 1230
1229 1244
1230 1000
1230 1012
1230 1229
1230 1245
1231 1001
1231 1013
1231 1232
1231 1246
1232 1002
1232 1214
1232 1231
1232 1247
1232 1439
1233 1003
1233 1004
1233 1215
1233 1248
1234 1004
1234 1216
1234 1235
1234 1430
1235 1217
1235 1234
1235 1430
1235 1431
1236 1221
1236 1437
1236 1438
1236 1446
1237 1222
1237 1238
1237 1438
1237 1447
1238 1005
1238 1223
1238 1237
1238 1448
1239 1006
1239 1224
1239 1249
1239 1449
1240 1007
1240 1225
1240 1250
1240 1450
1241 1008
1241 1226
1241 1251
1241 1451
1242 1009
1242 1227
1242 1252
1242 1452
1243 1010
1243 1228
1243 1253
1243 1453
1244 1011
1244 1229
1244 1254
1244 1454
1245 1012
1245 1230
1245 1246
1245 1255
1245 1455
1246 1013
1246 1231
1246 1245
1246 1247
1246 1456
1247 1232
1247 1246
1247 1439
1247 1457
1248 1233
1248 1439
1248 1440
1248 1458
1249 1239
1249 1449
1249 1450
1249 1463
1250 1240
1250 1251
1250 1450
1250 1451
1250 1464
1251 1241
1251 1250
1251 1451
1251 1465
1252 1242
1252 1253
1252 1452
1252 1466
1253 1243
1253 1252
1253 1254
1253 1452
1253 1453
1253 1467
1254 1244
1254 1253
1254 1453
1254 1454
1254 1468
1255 1245
1255 1454
1255 1455
1255 1469
1256 1257
1256 1268
1256 1269
1256 1476
1256 1477
1256 1491
1256 1492
1257 1256
1257 1269
1257 1477
1257 1492
1258 1270
1258 1478
1258 1493
1258 1494
1259 1260
1259 1271
1259 1479
1259 1494
1260 1259
1260 1272
1260 1480
1260 1495
1261 1262
1261 1273
1261 1481
1261 1495
1261 1496
1262 1261
1262 1273
1262 1274
1262 1482
1262 1496
1262 1497
1263 1264
1263 1275
1263 1483
1263 1498
1264 1263
1264 1275
1264 1276
1264 1483
1264 1484
1264 1498
1264 1499
1265 1266
1265 1281
1265 1282
1265 1488
1265 1489
1265 1506
1265 1507
1266 1265
1266 1282
1266 1489
1266 1507
1267 1014
1267 1283
1267 1284
1267 1490
1268 1015
1268 1256
1268 1284
1268 1491
1269 1016
1269 1256
1269 1257
1269 1492
1270 1017
1270 1258
1270 1271
1270 1493
1271 1018
1271 1259
1271 1270
1271 1272
1271 1494
1272 1019
1272 1260
1272 1271
1272 1495
1273 1261
1273 1262
1273 1274
1273 1496
1274 1021
1274 1262
1274 1273
1274 1497
1275 1022
1275 1263
1275 1264
1275 1498
1276 1023
1276 1264
1276 1277
1276 1285
1276 1499
1277 1024
1277 1276
1277 1286
1277 1500
1277 1508
1278 1279
1278 1287
1278 1501
1278 1508
1278 1509
1279 1278
1279 1287
1279 1501
1279 1502
1279 1509
1279 1510
1280 1292
1280 1293
1280 1505
1280 1516
1281 1025
1281 1265
1281 1293
1281 1294
1282 1026
1282 1265
1282 1266
1282 1294
1282 1507
1283 1014
1283 1027
1283 1267
1283 1284
1284 1014
1284 1015
1284 1028
1284 1267
1284 1268
1284 1283
1285 1023
1285 1024
1285 1036
1285 1276
1285 1286
1286 1024
1286 1277
1286 1285
1286 1508
1287 1038
1287 1278
1287 1279
1287 1295
1287 1509
1288 1039
1288 1289
1288 1295
1288 1296
1289 1288
1289 1296
1289 1297
1289 1511
1289 1517
1290 1291
1290 1301
1290 1302
1290 1514
1290 1524
1291 1040
1291 1290
1291 1302
1291 1303
1291 1515
1291 1524
1292 1280
1292 1293
1292 1303
1292 1516
1293 1025
1293 1280
1293 1281
1293 1292
1293 1294
1294 1025
1294 1026
1294 1043
1294 1281
1294 1282
1294 1293
1295 1038
1295 1039
1295 1050
1295 1287
1295 1288
1295 1296
1296 1039
1296 1288
1296 1289
1296 1295
1296 1297
1297 1289
1297 1296
1297 1304
1297 1517
1298 1053
1298 1299
1298 1304
1298 1305
1298 1518
1298 1525
1299 1298
1299 1305
1299 1519
1299 1525
1300 1301
1300 1309
1300 1310
1300 1522
1300 1532
1301 1054
1301 1290
1301 1300
1301 1310
1301 1311
1302 1040
1302 1290
1302 1291
1302 1303
1302 1311
1302 1524
1303 1040
1303 1041
1303 1291
1303 1292
1303 1302
1304 1052
1304 1053
1304 1297
1304 1298
1304 1305
1305 1053
1305 1298
1305 1299
1305 1304
1305 1525
1306 1307
1306 1312
1306 1313
1306 1533
1307 1306
1307 1313
1307 1314
1307 1527
1307 1533
1308 1309
1308 1317
1308 1318
1308 1530
1308 1539
1309 1064
1309 1300
1309 1308
1309 1310
1309 1318
1309 1532
1310 1300
1310 1301
1310 1309
1310 1311
1310 1532
1311 1054
1311 1301
1311 1302
1311 1310
1312 1063
1312 1070
1312 1306
1312 1313
1313 1063
1313 1306
1313 1307
1313 1312
1313 1314
1313 1533
1314 1071
1314 1307
1314 1313
1314 1315
1314 1319
1315 1314
1315 1319
1315 1320
1315 1535
1315 1540
1316 1322
1316 1323
1316 1537
1316 1545
1317 1072
1317 1308
1317 1318
1317 1324
1317 1539
1318 1064
1318 1308
1318 1309
1318 1317
1318 1324
1318 1539
1319 1314
1319 1315
1319 1320
1319 1540
1320 1079
1320 1315
1320 1319
1320 1321
1320 1540
1321 1320
1321 1326
1321 1327
1321 1542
1321 1546
1322 1316
1322 1323
1322 1544
1322 1545
1323 1080
1323 1316
1323 1322
1323 1324
1323 1330
1323 1545
1324 1072
1324 1317
1324 1318
1324 1323
1325 1079
1325 1085
1325 1086
1325 1326
1326 1321
1326 1325
1326 1327
1326 1546
1327 1087
1327 1321
1327 1326
1327 1331
1327 1332
1327 1546
1327 1547
1328 1329
1328 1550
1328 1551
1328 1557
1329 1088
1329 1328
1329 1330
1329 1551
1329 1557
1330 1080
1330 1088
1330 1323
1330 1329
1331 1087
1331 1093
1331 1327
1331 1332
1332 1327
1332 1331
1332 1333
1332 1552
1333 1332
1333 1336
1333 1552
1333 1553
1334 1094
1334 1335
1334 1339
1334 1556
1334 1557
1335 1094
1335 1334
1335 1340
1335 1557
1336 1098
1336 1099
1336 1333
1336 1337
1336 1341
1337 1099
1337 1336
1337 1341
1337 1342
1337 1558
1338 1339
1338 1344
1338 1345
1338 1560
1338 1561
1338 1566
1339 1100
1339 1334
1339 1338
1339 1340
1339 1561
1340 1094
1340 1100
1340 1101
1340 1335
1340 1339
1341 1099
1341 1104
1341 1105
1341 1336
1341 1337
1341 1342
1342 1105
1342 1337
1342 1341
1342 1343
1342 1346
1342 1562
1343 1342
1343 1346
1343 1347
1343 1562
1343 1563
1343 1567
1344 1338
1344 1345
1344 1348
1344 1565
1344 1566
1345 1106
1345 1338
1345 1344
1345 1566
1346 1109
1346 1342
1346 1343
1346 1347
1346 1567
1347 1343
1347 1346
1347 1567
1347 1568
1348 1110
1348 1344
1348 1349
1348 1353
1348 1571
1349 1110
1349 1111
1349 1348
1349 1354
1350 1114
1350 1115
1350 1351
1350 1355
1351 1115
1351 1350
1351 1356
1351 1572
1352 1353
1352 1358
1352 1359
1352 1574
1352 1575
1352 1578
1352 1579
1353 1116
1353 1348
1353 1352
1353 1354
1353 1575
1354 1110
1354 1116
1354 1117
1354 1349
1354 1353
1355 1115
1355 1120
1355 1121
1355 1350
1355 1356
1356 1121
1356 1351
1356 1355
1356 1357
1356 1576
1357 1356
1357 1360
1357 1361
1357 1576
1357 1577
1357 1580
1357 1581
1358 1352
1358 1359
1358 1362
1358 1578
1358 1579
1358 1583
1359 1122
1359 1352
1359 1358
1359 1579
1360 1127
1360 1357
1360 1361
1360 1364
1360 1580
1361 1357
1361 1360
1361 1580
1361 1581
1362 1358
1362 1363
1362 1366
1362 1582
1362 1583
1363 1128
1363 1362
1363 1367
1363 1583
1364 1131
1364 1360
1364 1365
1364 1584
1365 1364
1365 1369
1365 1584
1365 1585
1366 1362
1366 1367
1366 1586
1366 1587
1367 1132
1367 1363
1367 1366
1367 1587
1368 1135
1368 1369
1368 1372
1368 1588
1369 1365
1369 1368
1369 1588
1369 1589
1370 1371
1370 1374
1370 1590
1370 1591
1371 1136
1371 1370
1371 1374
1371 1591
1372 1139
1372 1368
1372 1373
1372 1379
1372 1592
1373 1372
1373 1379
1373 1592
1373 1593
1374 1370
1374 1371
1374 1375
1374 1591
1374 1594
1374 1595
1375 1140
1375 1374
1375 1376
1375 1380
1375 1595
1376 1140
1376 1141
1376 1146
1376 1375
1376 1380
1376 1381
1377 1144
1377 1145
1377 1151
1377 1378
1377 1382
1377 1383
1378 1145
1378 1377
1378 1379
1378 1596
1379 1372
1379 1373
1379 1378
1379 1592
1379 1596
1379 1597
1380 1375
1380 1376
1380 1381
1380 1599
1381 1146
1381 1147
1381 1152
1381 1376
1381 1380
1381 1385
1382 1150
1382 1151
1382 1157
1382 1377
1382 1383
1382 1386
1383 1151
1383 1377
1383 1382
1383 1600
1384 1152
1384 1385
1384 1388
1384 1603
1385 1152
1385 1153
1385 1381
1385 1384
1386 1156
1386 1157
1386 1382
1386 1387
1387 1157
1387 1386
1387 1391
1387 1604
1388 1384
1388 1389
1388 1392
1388 1607
1388 1608
1389 1158
1389 1388
1389 1392
1389 1608
1390 1391
1390 1396
1390 1397
1390 1609
1391 1387
1391 1390
1391 1397
1391 1609
1391 1610
1392 1388
1392 1389
1392 1393
1392 1608
1392 1612
1392 1613
1393 1170
1393 1392
1393 1394
1393 1613
1394 1164
1394 1165
1394 1170
1394 1393
1395 1169
1395 1177
1395 1396
1395 1401
1396 1169
1396 1390
1396 1395
1396 1397
1396 1614
1397 1390
1397 1391
1397 1396
1397 1609
1397 1614
1397 1615
1398 1170
1398 1399
1398 1402
1398 1617
1398 1618
1399 1170
1399 1398
1399 1402
1399 1403
1399 1618
1400 1177
1400 1401
1400 1407
1400 1619
1401 1177
1401 1395
1401 1400
1401 1407
1401 1619
1401 1620
1402 1398
1402 1399
1402 1403
1402 1618
1402 1622
1402 1623
1403 1178
1403 1399
1403 1402
1403 1404
1403 1623
1404 1178
1404 1403
1404 1408
1404 1409
1405 1183
1405 1406
1405 1412
1405 1413
1406 1183
1406 1405
1406 1407
1406 1413
1406 1624
1407 1400
1407 1401
1407 1406
1407 1619
1407 1624
1407 1625
1408 1404
1408 1409
1408 1627
1408 1628
1409 1184
1409 1404
1409 1408
1409 1410
1409 1628
1410 1184
1410 1190
1410 1409
1410 1414
1410 1415
1411 1189
1411 1412
1411 1418
1411 1419
1412 1189
1412 1405
1412 1411
1412 1413
1412 1629
1413 1405
1413 1406
1413 1412
1413 1629
1413 1630
1414 1190
1414 1410
1414 1415
1414 1633
1414 1634
1415 1190
1415 1410
1415 1414
1415 1416
1415 1420
1415 1634
1416 1199
1416 1415
1416 1420
1416 1421
1417 1207
1417 1208
1417 1418
1417 1424
1417 1425
1418 1411
1418 1417
1418 1419
1418 1425
1418 1635
1419 1411
1419 1418
1419 1635
1419 1636
1420 1199
1420 1415
1420 1416
1420 1421
1421 1416
1421 1420
1421 1422
1421 1426
1421 1640
1422 1209
1422 1421
1422 1426
1422 1427
1423 1218
1423 1424
1423 1432
1423 1433
1424 1417
1424 1423
1424 1425
1424 1433
1424 1641
1425 1208
1425 1417
1425 1418
1425 1424
1426 1421
1426 1422
1426 1640
1426 1645
1427 1209
1427 1422
1427 1434
1427 1646
1427 1647
1428 1219
1428 1429
1428 1435
1428 1647
1429 1219
1429 1220
1429 1428
1429 1435
1429 1436
1430 1234
1430 1235
1430 1431
1430 1441
1430 1442
1431 1235
1431 1430
1431 1442
1431 1443
1431 1648
1432 1218
1432 1423
1432 1433
1432 1443
1432 1648
1433 1423
1433 1424
1433 1432
1433 1641
1434 1427
1434 1646
1434 1647
1434 1653
1435 1428
1435 1429
1435 1436
1435 1444
1435 1647
1436 1429
1436 1435
1436 1444
1436 1445
1436 1655
1437 1221
1437 1236
1437 1438
1437 1446
1438 1222
1438 1236
1438 1237
1438 1437
1438 1447
1439 1232
1439 1247
1439 1248
1439 1440
1439 1457
1439 1458
1440 1248
1440 1439
1440 1458
1440 1459
1441 1430
1441 1459
1441 1460
1441 1656
1442 1430
1442 1431
1442 1460
1442 1648
1443 1431
1443 1432
1443 1648
1443 1649
1443 1658
1444 1435
1444 1436
1444 1445
1444 1654
1444 1655
1444 1661
1445 1436
1445 1444
1445 1446
1445 1655
1445 1662
1446 1236
1446 1437
1446 1445
1446 1663
1447 1237
1447 1438
1447 1461
1447 1664
1447 1665
1448 1238
1448 1461
1448 1462
1448 1665
1449 1239
1449 1249
1449 1450
1449 1463
1450 1240
1450 1249
1450 1250
1450 1449
1450 1464
1451 1241
1451 1250
1451 1251
1451 1465
1452 1242
1452 1252
1452 1253
1452 1466
1453 1243
1453 1253
1453 1254
1453 1467
1454 1244
1454 1254
1454 1255
1454 1468
1455 1245
1455 1255
1455 1456
1455 1469
1456 1246
1456 1455
1456 1457
1456 1470
1456 1666
1457 1247
1457 1439
1457 1456
1457 1471
1457 1667
1458 1248
1458 1439
1458 1440
1458 1459
1458 1668
1459 1440
1459 1441
1459 1458
1459 1460
1459 1656
1459 1669
1460 1441
1460 1442
1460 1459
1460 1656
1460 1657
1460 1670
1461 1447
1461 1448
1461 1462
1461 1664
1461 1665
1461 1674
1462 1448
1462 1461
1462 1463
1462 1665
1462 1675
1463 1249
1463 1449
1463 1462
1463 1676
1464 1250
1464 1450
1464 1465
1464 1677
1465 1251
1465 1451
1465 1464
1465 1678
1466 1252
1466 1452
1466 1472
1466 1679
1467 1253
1467 1453
1467 1468
1467 1680
1468 1254
1468 1454
1468 1467
1468 1681
1469 1255
1469 1455
1469 1470
1469 1682
1470 1456
1470 1469
1470 1666
1470 1683
1471 1457
1471 1666
1471 1667
1471 1684
1472 1466
1472 1679
1472 1680
1472 1691
1473 1480
1473 1700
1473 1711
1473 1712
1474 1475
1474 1489
1474 1490
1474 1706
1474 1707
1474 1723
1474 1724
1475 1474
1475 1490
1475 1707
1475 1724
1475 1725
1476 1256
1476 1477
1476 1491
1476 1708
1476 1725
1477 1256
1477 1257
1477 1476
1477 1492
1477 1709
1478 1258
1478 1479
1478 1493
1478 1710
1479 1259
1479 1478
1479 1480
1479 1494
1479 1711
1480 1260
1480 1473
1480 1479
1480 1495
1480 1712
1481 1261
1481 1482
1481 1496
1481 1713
1482 1262
1482 1481
1482 1497
1482 1714
1483 1263
1483 1264
1483 1484
1483 1498
1483 1715
1484 1264
1484 1483
1484 1499
1484 1716
1484 1726
1485 1486
1485 1500
1485 1717
1485 1726
1485 1727
1486 1485
1486 1501
1486 1718
1486 1727
1486 1728
1487 1488
1487 1505
1487 1506
1487 1721
1487 1734
1487 1735
1488 1265
1488 1487
1488 1506
1488 1722
1488 1735
1489 1265
1489 1266
1489 1474
1489 1507
1490 1267
1490 1474
1490 1475
1490 1724
1491 1256
1491 1268
1491 1476
1491 1725
1492 1256
1492 1257
1492 1269
1492 1477
1493 1258
1493 1270
1493 1478
1493 1494
1494 1258
1494 1259
1494 1271
1494 1479
1494 1493
1495 1260
1495 1261
1495 1272
1495 1480
1496 1261
1496 1262
1496 1273
1496 1481
1496 1497
1497 1262
1497 1274
1497 1482
1497 1496
1498 1263
1498 1264
1498 1275
1498 1483
1499 1264
1499 1276
1499 1484
1499 1726
1500 1277
1500 1485
1500 1508
1500 1727
1501 1278
1501 1279
1501 1486
1501 1509
1502 1279
1502 1503
1502 1510
1502 1729
1502 1736
1503 1502
1503 1510
1503 1511
1503 1730
1503 1736
1503 1737
1504 1505
1504 1515
1504 1516
1504 1743
1505 1280
1505 1487
1505 1504
1505 1516
1506 1265
1506 1487
1506 1488
1506 1735
1507 1265
1507 1266
1507 1282
1507 1489
1508 1277
1508 1278
1508 1286
1508 1500
1508 1509
1509 1278
1509 1279
1509 1287
1509 1501
1509 1508
1510 1279
1510 1502
1510 1503
1510 1511
1510 1736
1511 1289
1511 1503
1511 1510
1511 1517
1512 1517
1512 1518
1512 1738
1512 1744
1513 1514
1513 1522
1513 1523
1513 1741
1513 1751
1514 1290
1514 1513
1514 1515
1514 1523
1514 1742
1515 1291
1515 1504
1515 1514
1515 1524
1516 1280
1516 1292
1516 1504
1516 1505
1517 1289
1517 1297
1517 1511
1517 1512
1518 1298
1518 1512
1518 1519
1518 1525
1519 1299
1519 1518
1519 1520
1519 1525
1519 1526
1520 1519
1520 1527
1520 1746
1520 1752
1520 1753
1521 1522
1521 1530
1521 1531
1521 1758
1522 1300
1522 1513
1522 1521
1522 1531
1523 1513
1523 1514
1523 1524
1523 1532
1524 1290
1524 1291
1524 1302
1524 1515
1524 1523
1525 1298
1525 1299
1525 1305
1525 1518
1525 1519
1525 1526
1526 1519
1526 1525
1526 1527
1526 1533
1527 1307
1527 1520
1527 1526
1527 1533
1528 1534
1528 1535
1528 1754
1528 1759
1529 1530
1529 1537
1529 1538
1529 1756
1529 1764
1530 1308
1530 1521
1530 1529
1530 1531
1530 1538
1531 1521
1531 1522
1531 1530
1531 1539
1532 1300
1532 1309
1532 1310
1532 1523
1533 1306
1533 1307
1533 1313
1533 1526
1533 1527
1533 1534
1534 1528
1534 1533
1534 1535
1534 1540
1535 1315
1535 1528
1535 1534
1535 1536
1535 1540
1536 1535
1536 1541
1536 1542
1536 1761
1536 1765
1537 1316
1537 1529
1537 1538
1537 1545
1538 1529
1538 1530
1538 1537
1538 1539
1539 1308
1539 1317
1539 1318
1539 1531
1539 1538
1540 1315
1540 1319
1540 1320
1540 1534
1540 1535
1540 1541
1541 1536
1541 1540
1541 1542
1541 1546
1541 1765
1542 1321
1542 1536
1542 1541
1542 1546
1542 1766
1543 1544
1543 1550
1543 1551
1543 1770
1544 1322
1544 1543
1544 1545
1544 1770
1545 1316
1545 1322
1545 1323
1545 1537
1545 1544
1546 1321
1546 1326
1546 1327
1546 1541
1546 1542
1546 1547
1547 1327
1547 1546
1547 1548
1547 1771
1548 1547
1548 1552
1548 1553
1548 1771
1548 1772
1549 1555
1549 1556
1549 1774
1549 1775
1549 1779
1549 1780
1550 1328
1550 1543
1550 1551
1550 1557
1550 1775
1551 1328
1551 1329
1551 1543
1551 1550
1551 1557
1552 1332
1552 1333
1552 1548
1552 1553
1553 1333
1553 1548
1553 1552
1553 1554
1554 1553
1554 1558
1554 1559
1554 1776
1554 1777
1554 1781
1554 1782
1555 1549
1555 1556
1555 1560
1555 1779
1555 1780
1556 1334
1556 1549
1556 1555
1556 1557
1557 1328
1557 1329
1557 1334
1557 1335
1557 1550
1557 1551
1557 1556
1558 1337
1558 1554
1558 1559
1558 1781
1559 1554
1559 1558
1559 1781
1559 1782
1560 1338
1560 1555
1560 1561
1560 1785
1561 1338
1561 1339
1561 1560
1561 1566
1562 1342
1562 1343
1562 1563
1562 1567
1563 1343
1563 1562
1563 1567
1563 1786
1564 1565
1564 1570
1564 1788
1564 1789
1564 1794
1565 1344
1565 1564
1565 1566
1565 1789
1566 1338
1566 1344
1566 1345
1566 1561
1566 1565
1567 1343
1567 1346
1567 1347
1567 1562
1567 1563
1567 1568
1568 1347
1568 1567
1568 1569
1568 1790
1569 1568
1569 1572
1569 1573
1569 1790
1569 1791
1569 1795
1570 1564
1570 1571
1570 1793
1570 1794
1571 1348
1571 1570
1571 1575
1571 1794
1572 1351
1572 1569
1572 1573
1572 1795
1573 1569
1573 1572
1573 1795
1573 1796
1574 1352
1574 1575
1574 1578
1574 1799
1575 1352
1575 1353
1575 1571
1575 1574
1576 1356
1576 1357
1576 1577
1576 1580
1577 1357
1577 1576
1577 1581
1577 1800
1578 1352
1578 1358
1578 1574
1578 1579
1578 1803
1579 1352
1579 1358
1579 1359
1579 1578
1580 1357
1580 1360
1580 1361
1580 1576
1580 1581
1581 1357
1581 1361
1581 1577
1581 1580
1581 1585
1581 1804
1582 1362
1582 1583
1582 1586
1582 1807
1583 1358
1583 1362
1583 1363
1583 1582
1584 1364
1584 1365
1584 1585
1584 1588
1585 1365
1585 1581
1585 1584
1585 1589
1585 1808
1586 1366
1586 1582
1586 1587
1586 1811
1587 1366
1587 1367
1587 1586
1587 1591
1588 1368
1588 1369
1588 1584
1588 1589
1589 1369
1589 1585
1589 1588
1589 1812
1590 1370
1590 1591
1590 1594
1590 1815
1591 1370
1591 1371
1591 1374
1591 1587
1591 1590
1592 1372
1592 1373
1592 1379
1592 1593
1593 1373
1593 1592
1593 1597
1593 1816
1594 1374
1594 1590
1594 1595
1594 1819
1595 1374
1595 1375
1595 1594
1595 1599
1596 1378
1596 1379
1596 1597
1596 1600
1597 1379
1597 1593
1597 1596
1597 1601
1597 1820
1598 1599
1598 1602
1598 1823
1598 1824
1599 1380
1599 1595
1599 1598
1599 1603
1599 1824
1600 1383
1600 1596
1600 1601
1600 1604
1600 1825
1601 1597
1601 1600
1601 1825
1601 1826
1602 1598
1602 1603
1602 1606
1602 1824
1602 1828
1602 1829
1603 1384
1603 1599
1603 1602
1603 1606
1603 1829
1604 1387
1604 1600
1604 1605
1604 1611
1604 1830
1605 1604
1605 1611
1605 1825
1605 1830
1605 1831
1606 1602
1606 1603
1606 1607
1606 1829
1606 1832
1606 1833
1607 1388
1607 1606
1607 1608
1607 1833
1608 1388
1608 1389
1608 1392
1608 1607
1609 1390
1609 1391
1609 1397
1609 1610
1610 1391
1610 1609
1610 1611
1610 1834
1611 1604
1611 1605
1611 1610
1611 1830
1611 1834
1611 1835
1612 1392
1612 1613
1612 1616
1612 1837
1612 1838
1613 1392
1613 1393
1613 1612
1613 1838
1614 1396
1614 1397
1614 1615
1614 1839
1615 1397
1615 1614
1615 1621
1615 1839
1615 1840
1616 1612
1616 1617
1616 1838
1616 1842
1616 1843
1617 1398
1617 1616
1617 1618
1617 1622
1618 1398
1618 1399
1618 1402
1618 1617
1619 1400
1619 1401
1619 1407
1619 1620
1620 1401
1620 1619
1620 1621
1620 1844
1621 1615
1621 1620
1621 1839
1621 1844
1621 1845
1622 1402
1622 1617
1622 1623
1622 1626
1622 1848
1622 1849
1623 1402
1623 1403
1623 1622
1623 1626
1624 1406
1624 1407
1624 1625
1624 1631
1624 1850
1625 1407
1625 1624
1625 1631
1625 1850
1625 1851
1626 1622
1626 1623
1626 1627
1626 1849
1626 1853
1626 1854
1627 1408
1627 1626
1627 1628
1627 1632
1628 1408
1628 1409
1628 1627
1628 1632
1629 1412
1629 1413
1629 1630
1629 1637
1630 1413
1630 1629
1630 1631
1630 1637
1631 1624
1631 1625
1631 1630
1631 1850
1631 1855
1632 1627
1632 1628
1632 1633
1632 1858
1633 1414
1633 1632
1633 1634
1633 1638
1633 1859
1634 1414
1634 1415
1634 1633
1634 1638
1634 1639
1635 1418
1635 1419
1635 1636
1635 1642
1635 1643
1636 1419
1636 1635
1636 1637
1636 1643
1637 1629
1637 1630
1637 1636
1637 1860
1638 1633
1638 1634
1638 1639
1638 1864
1639 1634
1639 1638
1639 1640
1639 1644
1639 1865
1640 1421
1640 1426
1640 1639
1640 1644
1640 1645
1641 1424
1641 1433
1641 1642
1641 1650
1641 1651
1642 1635
1642 1641
1642 1643
1642 1651
1642 1866
1643 1635
1643 1636
1643 1642
1643 1867
1644 1639
1644 1640
1644 1645
1644 1870
1645 1426
1645 1640
1645 1644
1645 1652
1646 1427
1646 1434
1646 1647
1646 1652
1646 1653
1647 1427
1647 1428
1647 1434
1647 1435
1647 1646
1648 1431
1648 1432
1648 1442
1648 1443
1648 1649
1648 1658
1649 1443
1649 1648
1649 1650
1649 1658
1649 1659
1650 1641
1650 1649
1650 1651
1650 1659
1651 1641
1651 1642
1651 1650
1651 1873
1652 1645
1652 1646
1652 1653
1652 1876
1653 1434
1653 1646
1653 1652
1653 1660
1654 1444
1654 1660
1654 1661
1654 1878
1655 1436
1655 1444
1655 1445
1655 1662
1656 1441
1656 1459
1656 1460
1656 1669
1657 1460
1657 1670
1657 1671
1657 1879
1658 1443
1658 1648
1658 1649
1658 1659
1659 1649
1659 1650
1659 1658
1659 1881
1660 1653
1660 1654
1660 1661
1660 1878
1660 1884
1661 1444
1661 1654
1661 1660
1661 1662
1661 1878
1662 1445
1662 1655
1662 1661
1662 1672
1663 1446
1663 1672
1663 1673
1663 1887
1664 1447
1664 1461
1664 1665
1664 1674
1665 1447
1665 1448
1665 1461
1665 1462
1665 1664
1665 1674
1665 1675
1666 1456
1666 1470
1666 1471
1666 1667
1666 1683
1667 1457
1667 1471
1667 1666
1667 1684
1668 1458
1668 1669
1668 1685
1668 1686
1668 1888
1669 1459
1669 1656
1669 1668
1669 1686
1670 1460
1670 1657
1670 1671
1670 1879
1671 1657
1671 1670
1671 1879
1671 1890
1671 1891
1672 1662
1672 1663
1672 1673
1672 1886
1672 1887
1672 1894
1673 1663
1673 1672
1673 1887
1673 1895
1674 1461
1674 1664
1674 1665
1674 1896
1675 1462
1675 1665
1675 1687
1675 1897
1676 1463
1676 1687
1676 1688
1676 1898
1677 1464
1677 1678
1677 1689
1677 1899
1678 1465
1678 1677
1678 1689
1678 1690
1679 1466
1679 1472
1679 1680
1679 1691
1680 1467
1680 1472
1680 1679
1680 1681
1680 1692
1681 1468
1681 1680
1681 1693
1681 1900
1682 1469
1682 1683
1682 1694
1682 1695
1682 1901
1683 1470
1683 1666
1683 1682
1683 1695
1683 1902
1684 1471
1684 1667
1684 1685
1684 1903
1685 1668
1685 1684
1685 1686
1685 1888
1685 1904
1686 1668
1686 1669
1686 1685
1686 1888
1686 1889
1686 1905
1687 1675
1687 1676
1687 1688
1687 1897
1687 1898
1687 1909
1688 1676
1688 1687
1688 1898
1688 1899
1688 1910
1689 1677
1689 1678
1689 1690
1689 1899
1689 1911
1690 1678
1690 1689
1690 1691
1690 1912
1691 1472
1691 1679
1691 1690
1691 1692
1691 1913
1692 1680
1692 1691
1692 1693
1692 1914
1693 1681
1693 1692
1693 1900
1693 1915
1694 1682
1694 1695
1694 1900
1694 1901
1694 1916
1695 1682
1695 1683
1695 1694
1695 1901
1695 1902
1695 1917
1696 1697
1696 1708
1696 1953
1696 1954
1697 1696
1697 1698
1697 1709
1697 1954
1697 1955
1698 1697
1698 1699
1698 1710
1698 1955
1699 1698
1699 1700
1699 1711
1699 1712
1700 1473
1700 1699
1700 1701
1700 1712
1700 1928
1701 1700
1701 1702
1701 1713
1701 1714
1702 1701
1702 1713
1702 1714
1702 1930
1702 1956
1703 1704
1703 1715
1703 1956
1703 1957
1704 1703
1704 1716
1704 1944
1704 1957
1704 1958
1705 1706
1705 1722
1705 1723
1705 1967
1705 1968
1706 1474
1706 1705
1706 1707
1706 1723
1706 1968
1707 1474
1707 1475
1707 1706
1707 1724
1708 1476
1708 1696
1708 1709
1708 1725
1708 1953
1709 1477
1709 1697
1709 1708
1709 1954
1710 1478
1710 1698
1710 1711
1710 1955
1711 1473
1711 1479
1711 1699
1711 1710
1711 1712
1712 1473
1712 1480
1712 1699
1712 1700
1712 1711
1713 1481
1713 1701
1713 1702
1713 1714
1714 1482
1714 1701
1714 1702
1714 1713
1714 1930
1714 1956
1715 1483
1715 1703
1715 1956
1715 1957
1716 1484
1716 1704
1716 1726
1716 1958
1717 1485
1717 1718
1717 1726
1717 1727
1718 1486
1718 1717
1718 1719
1718 1728
1718 1969
1719 1718
1719 1728
1719 1729
1719 1969
1719 1970
1720 1721
1720 1733
1720 1734
1720 1978
1721 1487
1721 1720
1721 1734
1721 1978
1722 1488
1722 1705
1722 1723
1722 1735
1723 1474
1723 1705
1723 1706
1723 1722
1723 1968
1724 1474
1724 1475
1724 1490
1724 1707
1724 1725
1725 1475
1725 1476
1725 1491
1725 1708
1725 1724
1726 1484
1726 1485
1726 1499
1726 1716
1726 1717
1726 1727
1727 1485
1727 1486
1727 1500
1727 1717
1727 1726
1728 1486
1728 1718
1728 1719
1728 1729
1728 1969
1729 1502
1729 1719
1729 1728
1729 1736
1730 1503
1730 1731
1730 1737
1730 1963
1730 1979
1731 1730
1731 1737
1731 1738
1731 1979
1732 1733
1732 1742
1732 1743
1732 1987
1733 1720
1733 1732
1733 1734
1733 1743
1734 1487
1734 1720
1734 1721
1734 1733
1734 1978
1735 1487
1735 1488
1735 1506
1735 1722
1736 1502
1736 1503
1736 1510
1736 1729
1736 1737
1737 1503
1737 1730
1737 1731
1737 1736
1737 1963
1737 1979
1738 1512
1738 1731
1738 1739
1738 1744
1739 1738
1739 1744
1739 1745
1739 1988
1740 1741
1740 1749
1740 1750
1740 1995
1741 1513
1741 1740
1741 1750
1741 1751
1742 1514
1742 1732
1742 1743
1742 1751
1742 1987
1743 1504
1743 1732
1743 1733
1743 1742
1744 1512
1744 1738
1744 1739
1744 1745
1745 1739
1745 1744
1745 1746
1745 1752
1745 1988
1746 1520
1746 1745
1746 1747
1746 1752
1746 1753
1746 1996
1747 1746
1747 1753
1747 1754
1747 1990
1747 1996
1748 1749
1748 1756
1748 1993
1748 2001
1749 1740
1749 1748
1749 1757
1749 1758
1750 1740
1750 1741
1750 1751
1750 1758
1751 1513
1751 1741
1751 1742
1751 1750
1752 1520
1752 1745
1752 1746
1752 1753
1753 1520
1753 1746
1753 1747
1753 1752
1753 1759
1753 1996
1754 1528
1754 1747
1754 1755
1754 1759
1754 1760
1755 1754
1755 1760
1755 1761
1755 2002
1756 1529
1756 1748
1756 1757
1756 1763
1756 1764
1757 1749
1757 1756
1757 1758
1757 1764
1758 1521
1758 1749
1758 1750
1758 1757
1759 1528
1759 1753
1759 1754
1759 1760
1760 1754
1760 1755
1760 1759
1760 1761
1760 2002
1761 1536
1761 1755
1761 1760
1761 1765
1761 1766
1762 1763
1762 1769
1762 1770
1762 2006
1762 2007
1763 1756
1763 1762
1763 1764
1763 1770
1763 2007
1764 1529
1764 1756
1764 1757
1764 1763
1765 1536
1765 1541
1765 1761
1765 1766
1766 1542
1766 1761
1766 1765
1766 1767
1767 1766
1767 1771
1767 1772
1767 2008
1768 1769
1768 1774
1768 1775
1768 2011
1768 2018
1769 1762
1769 1768
1769 1770
1769 1775
1770 1543
1770 1544
1770 1762
1770 1763
1770 1769
1771 1547
1771 1548
1771 1767
1771 1772
1772 1548
1772 1767
1772 1771
1772 1773
1773 1772
1773 1776
1773 1777
1773 2019
1774 1549
1774 1768
1774 1775
1774 1780
1774 2018
1775 1549
1775 1550
1775 1768
1775 1769
1775 1774
1776 1554
1776 1773
1776 1777
1776 2019
1777 1554
1777 1773
1777 1776
1777 1781
1777 2019
1778 1779
1778 1784
1778 1785
1778 2022
1778 2023
1778 2028
1779 1549
1779 1555
1779 1778
1779 1780
1780 1549
1780 1555
1780 1774
1780 1779
1781 1554
1781 1558
1781 1559
1781 1777
1781 1782
1782 1554
1782 1559
1782 1781
1782 1783
1783 1782
1783 1786
1783 1787
1783 2029
1784 1778
1784 1785
1784 1788
1784 2028
1785 1560
1785 1778
1785 1784
1785 2028
1786 1563
1786 1783
1786 1787
1786 2029
1787 1783
1787 1786
1787 1791
1787 2029
1788 1564
1788 1784
1788 1789
1788 1794
1789 1564
1789 1565
1789 1788
1789 1794
1790 1568
1790 1569
1790 1791
1790 1795
1791 1569
1791 1787
1791 1790
1791 1795
1792 1793
1792 1798
1792 1799
1792 2036
1792 2037
1792 2041
1793 1570
1793 1792
1793 1794
1793 1799
1794 1564
1794 1570
1794 1571
1794 1788
1794 1789
1794 1793
1795 1569
1795 1572
1795 1573
1795 1790
1795 1791
1795 1796
1796 1573
1796 1795
1796 1797
1796 1800
1797 1796
1797 1801
1797 2038
1797 2042
1798 1792
1798 1799
1798 1802
1798 2041
1798 2046
1799 1574
1799 1792
1799 1793
1799 1798
1800 1577
1800 1796
1800 1801
1800 1804
1800 2042
1801 1797
1801 1800
1801 1805
1801 2042
1801 2047
1802 1798
1802 1803
1802 1806
1802 2045
1802 2046
1803 1578
1803 1802
1803 1807
1803 2046
1804 1581
1804 1800
1804 1805
1804 2047
1805 1801
1805 1804
1805 2047
1805 2053
1806 1802
1806 1807
1806 1810
1806 2052
1806 2058
1807 1582
1807 1803
1807 1806
1807 1811
1807 2044
1807 2052
1807 2056
1808 1585
1808 1809
1808 1812
1808 2053
1809 1808
1809 1812
1809 1813
1809 2053
1810 1806
1810 1811
1810 1814
1810 2058
1811 1586
1811 1807
1811 1810
1811 2058
1812 1589
1812 1808
1812 1809
1812 1813
1812 2059
1813 1809
1813 1812
1813 1817
1813 2059
1814 1810
1814 1815
1814 1818
1814 2064
1815 1590
1815 1814
1815 1819
1815 2064
1816 1593
1816 1817
1816 1820
1816 2065
1817 1813
1817 1816
1817 1821
1817 2059
1817 2065
1818 1814
1818 1819
1818 1822
1818 2064
1818 2070
1819 1594
1819 1815
1819 1818
1819 2070
1820 1597
1820 1816
1820 1821
1820 2071
1821 1817
1821 1820
1821 1827
1821 2071
1822 1818
1822 1823
1822 2070
1822 2075
1823 1598
1823 1822
1823 1824
1823 1828
1823 2075
1824 1598
1824 1599
1824 1602
1824 1823
1824 1828
1824 1829
1825 1600
1825 1601
1825 1605
1825 1826
1825 1830
1825 1831
1826 1601
1826 1825
1826 1827
1826 2076
1827 1821
1827 1826
1827 2071
1827 2076
1827 2077
1828 1602
1828 1823
1828 1824
1828 1829
1828 1832
1829 1602
1829 1603
1829 1606
1829 1824
1829 1828
1830 1604
1830 1605
1830 1611
1830 1825
1830 1831
1831 1605
1831 1825
1831 1830
1831 1835
1832 1606
1832 1828
1832 1833
1832 1836
1832 2084
1833 1606
1833 1607
1833 1832
1833 2084
1834 1610
1834 1611
1834 1835
1834 2085
1835 1611
1835 1831
1835 1834
1835 2085
1836 1832
1836 1837
1836 2084
1836 2090
1837 1612
1837 1836
1837 1838
1837 1842
1838 1612
1838 1613
1838 1616
1838 1837
1838 1842
1838 1843
1839 1614
1839 1615
1839 1621
1839 1840
1839 1844
1839 1845
1840 1615
1840 1839
1840 1841
1840 1846
1841 1840
1841 1846
1841 2085
1841 2091
1842 1616
1842 1837
1842 1838
1842 1843
1842 2096
1843 1616
1843 1838
1843 1842
1843 1847
1843 2096
1844 1620
1844 1621
1844 1839
1844 1845
1844 1852
1845 1621
1845 1839
1845 1844
1845 1846
1845 1852
1846 1840
1846 1841
1846 1845
1846 2091
1846 2097
1847 1843
1847 1848
1847 2096
1847 2101
1848 1622
1848 1847
1848 1849
1848 2096
1848 2101
1849 1622
1849 1626
1849 1848
1849 1853
1849 1854
1850 1624
1850 1625
1850 1631
1850 1851
1850 1855
1850 1856
1851 1625
1851 1850
1851 1852
1851 2102
1852 1844
1852 1845
1852 1851
1852 2102
1853 1626
1853 1849
1853 1854
1853 1857
1853 2107
1854 1626
1854 1849
1854 1853
1854 1857
1854 1858
1854 2107
1855 1631
1855 1850
1855 1856
1855 1862
1855 2108
1856 1850
1856 1855
1856 1862
1856 2108
1857 1853
1857 1854
1857 1858
1857 2107
1857 2113
1858 1632
1858 1854
1858 1857
1858 1859
1858 1863
1859 1633
1859 1858
1859 1863
1859 1864
1860 1637
1860 1861
1860 1867
1860 1868
1860 2114
1861 1860
1861 1862
1861 1868
1861 2114
1862 1855
1862 1856
1862 1861
1862 2108
1863 1858
1863 1859
1863 1864
1863 2120
1864 1638
1864 1859
1864 1863
1864 1865
1864 1869
1865 1639
1865 1864
1865 1869
1865 1870
1866 1642
1866 1867
1866 1873
1866 1874
1867 1643
1867 1860
1867 1866
1867 1868
1867 1874
1867 2114
1868 1860
1868 1861
1868 1867
1868 2114
1869 1864
1869 1865
1869 1870
1869 2120
1870 1644
1870 1865
1870 1869
1870 1871
1870 1875
1870 2127
1871 1870
1871 1875
1871 1876
1871 2127
1872 1873
1872 1881
1872 1882
1872 2128
1873 1651
1873 1866
1873 1872
1873 1874
1873 1882
1873 2128
1874 1866
1874 1867
1874 1873
1874 2121
1875 1870
1875 1871
1875 1876
1875 2127
1876 1652
1876 1871
1876 1875
1876 1877
1876 1883
1876 2127
1877 1876
1877 1883
1877 1884
1877 2135
1878 1654
1878 1660
1878 1661
1878 1885
1879 1657
1879 1670
1879 1671
1879 1890
1879 1891
1880 1881
1880 1891
1880 1892
1880 2136
1881 1659
1881 1872
1881 1880
1881 1882
1881 1892
1881 2128
1882 1872
1882 1873
1882 1881
1882 2128
1883 1876
1883 1877
1883 1884
1883 2135
1884 1660
1884 1877
1884 1883
1884 2135
1885 1878
1885 1886
1885 1893
1885 2144
1886 1672
1886 1885
1886 1887
1886 1893
1886 1894
1886 2144
1887 1663
1887 1672
1887 1673
1887 1886
1887 1894
1887 1895
1888 1668
1888 1685
1888 1686
1888 1889
1888 1904
1888 1905
1889 1686
1889 1888
1889 1905
1889 2145
1890 1671
1890 1879
1890 1891
1890 1906
1891 1671
1891 1879
1891 1880
1891 1890
1891 1892
1891 2136
1892 1880
1892 1881
1892 1891
1892 2136
1893 1885
1893 1886
1893 2143
1893 2144
1894 1672
1894 1886
1894 1887
1894 1895
1894 2144
1895 1673
1895 1887
1895 1894
1895 1907
1896 1674
1896 1907
1896 1908
1896 2155
1897 1675
1897 1687
1897 1898
1897 1909
1898 1676
1898 1687
1898 1688
1898 1897
1898 1910
1899 1677
1899 1688
1899 1689
1899 1910
1899 1911
1900 1681
1900 1693
1900 1694
1900 1915
1900 1916
1901 1682
1901 1694
1901 1695
1901 1902
1901 1916
1901 1917
1902 1683
1902 1695
1902 1901
1902 1917
1902 1918
1903 1684
1903 1918
1903 1919
1903 2156
1904 1685
1904 1888
1904 1905
1904 1919
1905 1686
1905 1888
1905 1889
1905 1904
1905 1906
1905 2145
1906 1890
1906 1905
1906 2145
1906 2146
1907 1895
1907 1896
1907 1908
1907 2154
1907 2155
1908 1896
1908 1907
1908 1909
1908 2155
1909 1687
1909 1897
1909 1908
1909 1910
1910 1688
1910 1898
1910 1899
1910 1909
1911 1689
1911 1899
1911 1912
1911 1920
1911 2168
1912 1690
1912 1911
1912 1921
1912 2169
1913 1691
1913 1914
1913 1922
1913 2170
1914 1692
1914 1913
1914 1915
1914 1923
1914 2171
1915 1693
1915 1900
1915 1914
1915 1924
1915 2172
1916 1694
1916 1900
1916 1901
1916 1917
1917 1695
1917 1901
1917 1902
1917 1916
1918 1902
1918 1903
1918 1919
1918 2156
1919 1903
1919 1904
1919 1918
1919 2156
1919 2157
1920 1911
1920 1921
1920 2168
1920 2169
1921 1912
1921 1920
1921 1922
1921 2169
1922 1913
1922 1921
1922 1923
1922 2170
1923 1914
1923 1922
1923 1924
1923 2170
1923 2171
1924 1915
1924 1923
1924 2171
1924 2172
1924 2186
1925 1937
1925 2191
1925 2192
1925 2193
1925 2204
1926 1938
1926 1955
1926 2193
1926 2205
1927 1939
1927 2194
1927 2195
1927 2206
1928 1700
1928 1939
1928 1940
1928 2207
1929 1941
1929 2196
1929 2197
1929 2208
1930 1702
1930 1714
1930 1942
1930 1956
1931 1943
1931 2197
1931 2198
1931 2210
1932 372
1932 393
1932 394
1932 418
1933 1950
1933 1951
1933 2200
1933 2201
1934 1935
1934 1951
1934 1952
1934 2201
1934 2218
1934 2219
1935 1934
1935 1952
1935 2202
1935 2219
1936 1937
1936 1953
1936 2191
1936 2203
1937 1925
1937 1936
1937 2191
1937 2192
1937 2204
1938 1926
1938 1955
1938 2193
1938 2205
1939 1927
1939 1928
1939 1940
1939 2194
1939 2206
1940 1928
1940 1939
1940 1941
1940 2195
1940 2207
1941 1929
1941 1940
1941 1942
1941 2208
1942 1930
1942 1941
1942 1956
1942 2197
1942 2209
1943 1931
1943 1957
1943 2198
1943 2199
1943 2210
1944 1704
1944 1945
1944 1958
1944 2199
1944 2211
1945 1944
1945 1958
1945 1959
1945 2212
1945 2220
1946 1947
1946 1960
1946 2213
1946 2221
1947 1946
1947 1960
1947 2213
1947 2214
1947 2222
1948 1949
1948 1965
1948 1966
1948 2215
1949 1948
1949 1966
1949 2216
1949 2228
1950 1933
1950 1951
1950 1967
1950 1968
1950 2217
1951 1933
1951 1934
1951 1950
1951 1952
1951 2218
1952 1934
1952 1935
1952 1951
1952 2219
1953 1696
1953 1708
1953 1936
1953 1954
1954 1696
1954 1697
1954 1709
1954 1953
1954 1955
1955 1697
1955 1698
1955 1710
1955 1926
1955 1938
1955 1954
1956 1702
1956 1703
1956 1714
1956 1715
1956 1930
1956 1942
1956 1957
1957 1703
1957 1704
1957 1715
1957 1943
1957 1956
1958 1704
1958 1716
1958 1944
1958 1945
1959 1945
1959 1960
1959 2212
1959 2220
1960 1946
1960 1947
1960 1959
1960 1961
1960 2221
1961 1960
1961 1969
1961 1970
1961 2222
1962 1971
1962 2223
1962 2224
1962 2229
1963 1730
1963 1737
1963 1971
1963 1979
1964 1976
1964 1977
1964 2225
1964 2236
1965 1948
1965 1966
1965 1977
1965 2226
1966 1948
1966 1949
1966 1965
1966 1967
1966 1978
1966 2227
1967 1705
1967 1950
1967 1966
1967 1968
1968 1705
1968 1706
1968 1723
1968 1950
1968 1967
1969 1718
1969 1719
1969 1728
1969 1961
1969 1970
1970 1719
1970 1961
1970 1969
1970 2229
1971 1962
1971 1963
1971 1972
1971 2224
1971 2230
1972 1971
1972 1973
1972 1979
1972 1980
1972 2231
1973 1972
1973 1980
1973 1981
1973 2232
1973 2237
1973 2238
1974 1975
1974 1985
1974 1986
1974 2233
1974 2234
1975 1974
1975 1986
1975 2233
1975 2234
1975 2235
1976 1964
1976 1977
1976 1987
1976 2235
1977 1964
1977 1965
1977 1976
1977 2236
1978 1720
1978 1721
1978 1734
1978 1966
1979 1730
1979 1731
1979 1737
1979 1963
1979 1972
1980 1972
1980 1973
1980 1981
1980 2237
1981 1973
1981 1980
1981 1988
1981 2238
1982 1983
1982 1989
1982 2239
1982 2240
1983 1982
1983 1989
1983 2239
1983 2240
1983 2244
1983 2245
1984 1993
1984 1994
1984 2241
1984 2249
1985 1974
1985 1986
1985 1994
1985 1995
1985 2242
1985 2243
1986 1974
1986 1975
1986 1985
1986 1987
1986 1995
1986 2243
1987 1732
1987 1742
1987 1976
1987 1986
1988 1739
1988 1745
1988 1981
1988 1989
1989 1982
1989 1983
1989 1988
1989 1990
1989 2244
1990 1747
1990 1989
1990 1996
1990 1997
1991 1997
1991 2246
1991 2250
1991 2251
1992 1999
1992 2000
1992 2247
1992 2252
1993 1748
1993 1984
1993 1994
1993 2001
1994 1984
1994 1985
1994 1993
1994 1995
1994 2001
1994 2249
1995 1740
1995 1985
1995 1986
1995 1994
1996 1746
1996 1747
1996 1753
1996 1990
1997 1990
1997 1991
1997 1998
1997 2002
1997 2250
1998 1997
1998 2002
1998 2250
1998 2251
1999 1992
1999 2000
1999 2252
1999 2258
2000 1992
2000 1999
2000 2001
2000 2007
2000 2253
2001 1748
2001 1993
2001 1994
2001 2000
2002 1755
2002 1760
2002 1997
2002 1998
2002 2003
2003 2002
2003 2004
2003 2008
2003 2254
2004 2003
2004 2008
2004 2009
2004 2254
2004 2255
2004 2259
2005 2012
2005 2256
2005 2257
2005 2263
2006 1762
2006 2007
2006 2257
2006 2258
2007 1762
2007 1763
2007 2000
2007 2006
2008 1767
2008 2003
2008 2004
2008 2009
2009 2004
2009 2008
2009 2010
2009 2255
2009 2259
2010 2009
2010 2013
2010 2260
2010 2264
2011 1768
2011 2012
2011 2018
2011 2263
2012 2005
2012 2011
2012 2018
2012 2263
2013 2010
2013 2014
2013 2019
2013 2264
2014 2013
2014 2019
2014 2264
2014 2265
2015 2020
2015 2021
2015 2266
2015 2269
2015 2270
2016 2017
2016 2261
2016 2267
2016 2268
2017 2016
2017 2018
2017 2261
2017 2268
2018 1768
2018 1774
2018 2011
2018 2012
2018 2017
2019 1773
2019 1776
2019 1777
2019 2013
2019 2014
2020 2015
2020 2021
2020 2024
2020 2269
2021 2015
2021 2020
2021 2024
2021 2269
2021 2270
2021 2273
2022 1778
2022 2023
2022 2027
2022 2028
2022 2271
2022 2272
2023 1778
2023 2022
2023 2028
2023 2272
2024 2020
2024 2021
2024 2025
2024 2273
2025 2024
2025 2030
2025 2031
2025 2274
2026 2027
2026 2028
2026 2032
2026 2033
2027 2022
2027 2026
2027 2028
2027 2275
2027 2276
2028 1778
2028 1784
2028 1785
2028 2022
2028 2023
2028 2026
2028 2027
2029 1783
2029 1786
2029 1787
2029 2031
2030 2025
2030 2031
2030 2277
2030 2278
2031 2025
2031 2029
2031 2030
2031 2277
2031 2278
2032 2026
2032 2033
2032 2037
2032 2279
2032 2280
2032 2284
2033 2026
2033 2032
2033 2037
2033 2280
2034 2035
2034 2038
2034 2039
2034 2281
2035 2034
2035 2281
2035 2282
2035 2285
2036 1792
2036 2037
2036 2040
2036 2041
2037 1792
2037 2032
2037 2033
2037 2036
2037 2284
2038 1797
2038 2034
2038 2039
2038 2285
2038 2286
2039 2034
2039 2038
2039 2285
2039 2286
2040 2036
2040 2041
2040 2045
2040 2283
2040 2287
2041 1792
2041 1798
2041 2036
2041 2040
2042 1797
2042 1800
2042 1801
2042 2043
2042 2047
2042 2049
2043 2042
2043 2048
2043 2288
2043 2292
2044 1807
2044 2052
2044 2056
2044 2058
2045 1802
2045 2040
2045 2046
2045 2289
2045 2290
2046 1798
2046 1802
2046 1803
2046 2045
2046 2056
2047 1801
2047 1804
2047 1805
2047 2042
2047 2048
2047 2049
2047 2053
2048 2043
2048 2047
2048 2049
2048 2291
2048 2292
2049 2042
2049 2047
2049 2048
2049 2291
2050 2051
2050 2289
2050 2293
2050 2294
2050 2297
2051 2050
2051 2057
2051 2293
2051 2294
2052 1806
2052 1807
2052 2044
2052 2056
2052 2057
2052 2058
2053 1805
2053 1808
2053 1809
2053 2047
2053 2054
2054 2053
2054 2055
2054 2061
2054 2295
2054 2296
2055 2054
2055 2061
2055 2295
2055 2296
2056 1807
2056 2044
2056 2046
2056 2052
2057 2051
2057 2052
2057 2058
2057 2298
2058 1806
2058 1810
2058 1811
2058 2044
2058 2052
2058 2057
2059 1812
2059 1813
2059 1817
2059 2060
2059 2065
2060 2059
2060 2061
2060 2299
2060 2300
2061 2054
2061 2055
2061 2060
2061 2296
2061 2299
2061 2300
2062 2063
2062 2301
2062 2302
2062 2305
2063 2062
2063 2069
2063 2301
2063 2302
2064 1814
2064 1815
2064 1818
2064 2068
2064 2069
2065 1816
2065 1817
2065 2059
2065 2066
2066 2065
2066 2067
2066 2072
2066 2073
2066 2303
2066 2304
2067 2066
2067 2073
2067 2303
2067 2304
2068 2064
2068 2069
2068 2070
2068 2302
2069 2063
2069 2064
2069 2068
2069 2070
2069 2306
2070 1818
2070 1819
2070 1822
2070 2068
2070 2069
2071 1820
2071 1821
2071 1827
2071 2076
2072 2066
2072 2073
2072 2307
2072 2308
2073 2066
2073 2067
2073 2072
2073 2304
2073 2307
2073 2308
2074 2075
2074 2078
2074 2309
2074 2311
2075 1822
2075 1823
2075 2074
2075 2078
2075 2079
2076 1826
2076 1827
2076 2071
2076 2077
2076 2080
2077 1827
2077 2076
2077 2081
2077 2310
2078 2074
2078 2075
2078 2079
2078 2309
2078 2311
2078 2312
2079 2075
2079 2078
2079 2083
2079 2312
2080 2076
2080 2081
2080 2086
2080 2313
2081 2077
2081 2080
2081 2310
2081 2313
2081 2314
2082 2083
2082 2088
2082 2315
2082 2316
2083 2079
2083 2082
2083 2088
2083 2316
2084 1832
2084 1833
2084 1836
2084 2090
2085 1834
2085 1835
2085 1841
2085 2091
2086 2080
2086 2087
2086 2093
2086 2317
2087 2086
2087 2093
2087 2317
2087 2318
2087 2322
2088 2082
2088 2083
2088 2089
2088 2315
2088 2319
2088 2320
2089 2088
2089 2090
2089 2094
2089 2319
2089 2320
2090 1836
2090 2084
2090 2089
2090 2095
2091 1841
2091 1846
2091 2085
2091 2092
2092 2091
2092 2093
2092 2321
2092 2322
2093 2086
2093 2087
2093 2092
2093 2318
2093 2321
2093 2322
2094 2089
2094 2095
2094 2099
2094 2323
2094 2324
2095 2090
2095 2094
2095 2099
2095 2324
2096 1842
2096 1843
2096 1847
2096 1848
2096 2101
2097 1846
2097 2098
2097 2104
2097 2325
2098 2097
2098 2104
2098 2325
2098 2326
2099 2094
2099 2095
2099 2100
2099 2327
2099 2328
2100 2099
2100 2101
2100 2105
2100 2327
2100 2328
2101 1847
2101 1848
2101 2096
2101 2100
2102 1851
2102 1852
2102 2103
2102 2109
2103 2102
2103 2104
2103 2110
2103 2329
2103 2330
2104 2097
2104 2098
2104 2103
2104 2325
2104 2329
2104 2330
2105 2100
2105 2106
2105 2111
2105 2331
2106 2105
2106 2107
2106 2111
2106 2112
2106 2332
2107 1853
2107 1854
2107 1857
2107 2106
2107 2113
2108 1855
2108 1856
2108 1862
2108 2109
2108 2115
2109 2102
2109 2108
2109 2110
2109 2117
2109 2333
2110 2103
2110 2109
2110 2117
2110 2334
2111 2105
2111 2106
2111 2112
2111 2332
2111 2335
2112 2106
2112 2111
2112 2335
2112 2336
2113 1857
2113 2107
2113 2118
2113 2337
2114 1860
2114 1861
2114 1867
2114 1868
2115 2108
2115 2116
2115 2123
2115 2338
2116 2115
2116 2117
2116 2123
2116 2339
2116 2340
2117 2109
2117 2110
2117 2116
2117 2333
2117 2334
2117 2340
2118 2113
2118 2119
2118 2337
2118 2341
2119 2118
2119 2120
2119 2124
2119 2342
2119 2343
2120 1863
2120 1869
2120 2119
2120 2124
2120 2343
2121 1874
2121 2122
2121 2130
2121 2131
2121 2344
2122 2121
2122 2123
2122 2131
2122 2345
2123 2115
2123 2116
2123 2122
2123 2338
2123 2346
2124 2119
2124 2120
2124 2125
2124 2343
2124 2347
2125 2124
2125 2126
2125 2132
2125 2348
2126 2125
2126 2132
2126 2133
2126 2349
2127 1870
2127 1871
2127 1875
2127 1876
2128 1872
2128 1873
2128 1881
2128 1882
2129 2130
2129 2138
2129 2139
2129 2350
2130 2121
2130 2129
2130 2131
2130 2139
2130 2351
2131 2121
2131 2122
2131 2130
2131 2344
2131 2352
2132 2125
2132 2126
2132 2133
2132 2349
2132 2353
2133 2126
2133 2132
2133 2140
2133 2354
2134 2135
2134 2140
2134 2141
2134 2355
2135 1877
2135 1883
2135 1884
2135 2134
2136 1880
2136 1891
2136 1892
2136 2137
2137 2136
2137 2148
2137 2149
2137 2356
2138 2129
2138 2139
2138 2149
2138 2357
2139 2129
2139 2130
2139 2138
2139 2350
2139 2358
2140 2133
2140 2134
2140 2141
2140 2355
2140 2359
2141 2134
2141 2140
2141 2150
2141 2360
2141 2367
2142 2143
2142 2150
2142 2151
2142 2361
2142 2367
2143 1893
2143 2142
2143 2144
2143 2152
2144 1885
2144 1886
2144 1893
2144 1894
2144 2143
2145 1889
2145 1905
2145 1906
2145 2146
2146 1906
2146 2145
2146 2147
2146 2159
2147 2146
2147 2160
2147 2161
2147 2364
2148 2137
2148 2149
2148 2161
2148 2365
2148 2366
2149 2137
2149 2138
2149 2148
2149 2356
2149 2366
2150 2141
2150 2142
2150 2151
2150 2367
2151 2142
2151 2150
2151 2362
2151 2367
2151 2368
2152 2143
2152 2162
2152 2369
2152 2377
2153 2154
2153 2162
2153 2163
2153 2370
2154 1907
2154 2153
2154 2155
2154 2164
2155 1896
2155 1907
2155 1908
2155 2154
2155 2165
2156 1903
2156 1918
2156 1919
2156 2175
2157 1919
2157 2158
2157 2176
2157 2372
2158 2157
2158 2177
2158 2178
2158 2373
2159 2146
2159 2160
2159 2178
2159 2363
2159 2374
2160 2147
2160 2159
2160 2161
2160 2363
2160 2375
2161 2147
2161 2148
2161 2160
2161 2376
2162 2152
2162 2153
2162 2163
2162 2377
2162 2378
2163 2153
2163 2162
2163 2370
2163 2371
2163 2377
2163 2378
2164 2154
2164 2165
2164 2379
2164 2389
2165 2155
2165 2164
2165 2179
2165 2380
2165 2389
2165 2390
2166 2167
2166 2179
2166 2180
2166 2381
2167 2166
2167 2180
2167 2181
2167 2382
2168 1911
2168 1920
2168 2169
2168 2182
2168 2393
2169 1912
2169 1920
2169 1921
2169 2168
2169 2183
2170 1913
2170 1922
2170 1923
2170 2184
2171 1914
2171 1923
2171 1924
2171 2172
2171 2185
2172 1915
2172 1924
2172 2171
2172 2186
2173 2174
2173 2187
2173 2188
2173 2383
2174 2173
2174 2188
2174 2384
2174 2399
2175 2156
2175 2176
2175 2189
2175 2190
2175 2385
2176 2157
2176 2175
2176 2190
2176 2386
2176 2401
2177 2158
2177 2178
2177 2372
2177 2373
2177 2387
2178 2158
2178 2159
2178 2177
2178 2374
2178 2388
2179 2165
2179 2166
2179 2380
2179 2389
2179 2390
2180 2166
2180 2167
2180 2181
2180 2381
2180 2391
2181 2167
2181 2180
2181 2182
2181 2382
2181 2392
2182 2168
2182 2181
2182 2183
2182 2393
2182 2394
2183 2169
2183 2182
2183 2184
2183 2394
2183 2395
2184 2170
2184 2183
2184 2185
2184 2395
2185 2171
2185 2184
2185 2186
2185 2396
2185 2397
2186 1924
2186 2172
2186 2185
2186 2396
2186 2397
2187 2173
2187 2188
2187 2383
2187 2398
2188 2173
2188 2174
2188 2187
2188 2384
2188 2399
2189 2175
2189 2190
2189 2385
2189 2400
2189 2401
2190 2175
2190 2176
2190 2189
2190 2400
2190 2401
2191 1925
2191 1936
2191 1937
2191 2192
2191 2203
2191 2204
2192 1925
2192 1937
2192 2191
2192 2193
2192 2204
2193 1925
2193 1926
2193 1938
2193 2192
2193 2205
2194 1927
2194 1939
2194 2195
2194 2206
2195 1927
2195 1940
2195 2194
2195 2196
2195 2207
2196 1929
2196 2195
2196 2197
2196 2208
2197 1929
2197 1931
2197 1942
2197 2196
2197 2198
2197 2208
2197 2209
2198 1931
2198 1943
2198 2197
2198 2210
2199 1943
2199 1944
2199 2210
2199 2211
2200 1933
2200 2201
2200 2217
2200 2218
2201 1933
2201 1934
2201 2200
2201 2202
2201 2218
2201 2219
2202 1935
2202 2201
2202 2203
2202 2219
2203 1936
2203 2191
2203 2202
2203 2204
2204 1925
2204 1937
2204 2191
2204 2192
2204 2203
2204 2205
2205 1926
2205 1938
2205 2193
2205 2204
2206 1927
2206 1939
2206 2194
2206 2207
2207 1928
2207 1940
2207 2195
2207 2206
2208 1929
2208 1941
2208 2196
2208 2197
2208 2209
2209 1942
2209 2197
2209 2208
2209 2210
2210 1931
2210 1943
2210 2198
2210 2199
2210 2209
2210 2211
2211 1944
2211 2199
2211 2210
2211 2212
2212 1945
2212 1959
2212 2211
2212 2220
2213 1946
2213 1947
2213 2214
2213 2221
2214 1947
2214 2213
2214 2221
2214 2222
2215 1948
2215 2216
2215 2226
2215 2227
2216 1949
2216 2215
2216 2217
2216 2227
2216 2228
2217 1950
2217 2200
2217 2216
2217 2228
2218 1934
2218 1951
2218 2200
2218 2201
2219 1934
2219 1935
2219 1952
2219 2201
2219 2202
2220 1945
2220 1959
2220 2212
2220 2221
2221 1946
2221 1960
2221 2213
2221 2214
2221 2220
2222 1947
2222 1961
2222 2214
2222 2229
2223 1962
2223 2224
2223 2229
2223 2230
2224 1962
2224 1971
2224 2223
2224 2230
2224 2231
2225 1964
2225 2226
2225 2235
2225 2236
2226 1965
2226 2215
2226 2225
2226 2227
2226 2236
2227 1966
2227 2215
2227 2216
2227 2226
2227 2228
2228 1949
2228 2216
2228 2217
2228 2227
2229 1962
2229 1970
2229 2222
2229 2223
2229 2230
2230 1971
2230 2223
2230 2224
2230 2229
2230 2231
2231 1972
2231 2224
2231 2230
2231 2232
2231 2237
2232 1973
2232 2231
2232 2237
2232 2238
2233 1974
2233 1975
2233 2234
2233 2242
2233 2243
2234 1974
2234 1975
2234 2233
2234 2235
2235 1975
2235 1976
2235 2225
2235 2234
2235 2236
2236 1964
2236 1977
2236 2225
2236 2226
2236 2235
2237 1973
2237 1980
2237 2231
2237 2232
2237 2238
2238 1973
2238 1981
2238 2232
2238 2237
2239 1982
2239 1983
2239 2240
2239 2244
2240 1982
2240 1983
2240 2239
2240 2244
2240 2245
2241 1984
2241 2242
2241 2248
2241 2249
2242 1985
2242 2233
2242 2241
2242 2243
2242 2249
2243 1985
2243 1986
2243 2233
2243 2242
2244 1983
2244 1989
2244 2239
2244 2240
2245 1983
2245 2240
2245 2246
2245 2250
2246 1991
2246 2245
2246 2250
2246 2251
2247 1992
2247 2248
2247 2252
2247 2253
2248 2241
2248 2247
2248 2249
2248 2253
2249 1984
2249 1994
2249 2241
2249 2242
2249 2248
2250 1991
2250 1997
2250 1998
2250 2245
2250 2246
2250 2251
2251 1991
2251 1998
2251 2246
2251 2250
2251 2254
2252 1992
2252 1999
2252 2247
2252 2257
2252 2258
2253 2000
2253 2247
2253 2248
2253 2258
2254 2003
2254 2004
2254 2251
2254 2255
2255 2004
2255 2009
2255 2254
2255 2259
2256 2005
2256 2257
2256 2262
2256 2263
2257 2005
2257 2006
2257 2252
2257 2256
2257 2258
2257 2263
2258 1999
2258 2006
2258 2252
2258 2253
2258 2257
2259 2004
2259 2009
2259 2255
2259 2260
2259 2264
2260 2010
2260 2259
2260 2264
2260 2265
2261 2016
2261 2017
2261 2262
2261 2267
2261 2268
2262 2256
2262 2261
2262 2263
2262 2268
2263 2005
2263 2011
2263 2012
2263 2256
2263 2257
2263 2262
2264 2010
2264 2013
2264 2014
2264 2259
2264 2260
2264 2265
2265 2014
2265 2260
2265 2264
2265 2266
2266 2015
2266 2265
2266 2269
2266 2270
2267 2016
2267 2261
2267 2268
2267 2271
2267 2272
2268 2016
2268 2017
2268 2261
2268 2262
2268 2267
2268 2272
2269 2015
2269 2020
2269 2021
2269 2266
2269 2270
2269 2273
2270 2015
2270 2021
2270 2266
2270 2269
2270 2273
2270 2274
2271 2022
2271 2267
2271 2272
2271 2276
2272 2022
2272 2023
2272 2267
2272 2268
2272 2271
2273 2021
2273 2024
2273 2269
2273 2270
2273 2274
2274 2025
2274 2270
2274 2273
2274 2278
2275 2027
2275 2276
2275 2279
2275 2280
2276 2027
2276 2271
2276 2275
2276 2280
2277 2030
2277 2031
2277 2278
2277 2281
2278 2030
2278 2031
2278 2274
2278 2277
2279 2032
2279 2275
2279 2280
2279 2283
2279 2284
2280 2032
2280 2033
2280 2275
2280 2276
2280 2279
2280 2284
2281 2034
2281 2035
2281 2277
2281 2282
2281 2285
2282 2035
2282 2281
2282 2285
2282 2286
2283 2040
2283 2279
2283 2284
2283 2287
2284 2032
2284 2037
2284 2279
2284 2280
2284 2283
2285 2035
2285 2038
2285 2039
2285 2281
2285 2282
2285 2286
2286 2038
2286 2039
2286 2282
2286 2285
2286 2288
2287 2040
2287 2283
2287 2289
2287 2290
2288 2043
2288 2286
2288 2291
2288 2292
2289 2045
2289 2050
2289 2287
2289 2290
2289 2293
2289 2294
2290 2045
2290 2287
2290 2289
2290 2294
2291 2048
2291 2049
2291 2288
2291 2292
2291 2295
2292 2043
2292 2048
2292 2288
2292 2291
2293 2050
2293 2051
2293 2289
2293 2294
2293 2297
2293 2298
2294 2050
2294 2051
2294 2289
2294 2290
2294 2293
2294 2297
2294 2298
2295 2054
2295 2055
2295 2291
2295 2296
2295 2299
2295 2300
2296 2054
2296 2055
2296 2061
2296 2295
2297 2050
2297 2293
2297 2294
2297 2298
2298 2057
2298 2293
2298 2294
2298 2297
2299 2060
2299 2061
2299 2295
2299 2300
2300 2060
2300 2061
2300 2295
2300 2299
2301 2062
2301 2063
2301 2302
2301 2305
2301 2306
2302 2062
2302 2063
2302 2068
2302 2301
2302 2305
2302 2306
2303 2066
2303 2067
2303 2304
2303 2308
2304 2066
2304 2067
2304 2073
2304 2303
2304 2308
2305 2062
2305 2301
2305 2302
2305 2306
2306 2069
2306 2301
2306 2302
2306 2305
2306 2309
2307 2072
2307 2073
2307 2308
2307 2310
2308 2072
2308 2073
2308 2303
2308 2304
2308 2307
2309 2074
2309 2078
2309 2306
2309 2311
2310 2077
2310 2081
2310 2307
2310 2314
2311 2074
2311 2078
2311 2309
2311 2312
2311 2315
2312 2078
2312 2079
2312 2311
2312 2316
2313 2080
2313 2081
2313 2314
2313 2317
2314 2081
2314 2310
2314 2313
2314 2318
2315 2082
2315 2088
2315 2311
2315 2316
2315 2319
2316 2082
2316 2083
2316 2312
2316 2315
2317 2086
2317 2087
2317 2313
2317 2318
2317 2322
2318 2087
2318 2093
2318 2314
2318 2317
2318 2322
2319 2088
2319 2089
2319 2315
2319 2320
2320 2088
2320 2089
2320 2319
2320 2323
2321 2092
2321 2093
2321 2322
2321 2326
2322 2087
2322 2092
2322 2093
2322 2317
2322 2318
2322 2321
2323 2094
2323 2320
2323 2324
2323 2327
2324 2094
2324 2095
2324 2323
2324 2327
2325 2097
2325 2098
2325 2104
2325 2326
2325 2329
2325 2330
2326 2098
2326 2321
2326 2325
2326 2330
2327 2099
2327 2100
2327 2323
2327 2324
2327 2328
2328 2099
2328 2100
2328 2327
2328 2331
2329 2103
2329 2104
2329 2325
2329 2330
2330 2103
2330 2104
2330 2325
2330 2326
2330 2329
2331 2105
2331 2328
2331 2332
2331 2335
2332 2106
2332 2111
2332 2331
2332 2335
2332 2336
2333 2109
2333 2117
2333 2334
2333 2339
2333 2340
2334 2110
2334 2117
2334 2333
2334 2340
2335 2111
2335 2112
2335 2331
2335 2332
2335 2336
2336 2112
2336 2332
2336 2335
2336 2337
2336 2341
2337 2113
2337 2118
2337 2336
2337 2341
2337 2342
2338 2115
2338 2123
2338 2339
2338 2345
2338 2346
2339 2116
2339 2333
2339 2338
2339 2340
2339 2346
2340 2116
2340 2117
2340 2333
2340 2334
2340 2339
2341 2118
2341 2336
2341 2337
2341 2342
2342 2119
2342 2337
2342 2341
2342 2343
2342 2347
2343 2119
2343 2120
2343 2124
2343 2342
2343 2347
2343 2348
2344 2121
2344 2131
2344 2345
2344 2351
2344 2352
2345 2122
2345 2338
2345 2344
2345 2346
2345 2352
2346 2123
2346 2338
2346 2339
2346 2345
2347 2124
2347 2342
2347 2343
2347 2348
2348 2125
2348 2343
2348 2347
2348 2353
2349 2126
2349 2132
2349 2353
2349 2354
2350 2129
2350 2139
2350 2351
2350 2357
2350 2358
2351 2130
2351 2344
2351 2350
2351 2352
2351 2358
2352 2131
2352 2344
2352 2345
2352 2351
2353 2132
2353 2348
2353 2349
2353 2354
2354 2133
2354 2349
2354 2353
2354 2355
2354 2359
2355 2134
2355 2140
2355 2354
2355 2359
2355 2360
2356 2137
2356 2149
2356 2365
2356 2366
2357 2138
2357 2350
2357 2358
2357 2366
2358 2139
2358 2350
2358 2351
2358 2357
2359 2140
2359 2354
2359 2355
2359 2360
2360 2141
2360 2355
2360 2359
2360 2367
2361 2142
2361 2362
2361 2367
2361 2368
2362 2151
2362 2361
2362 2368
2362 2369
2363 2159
2363 2160
2363 2364
2363 2374
2363 2375
2364 2147
2364 2363
2364 2375
2364 2376
2365 2148
2365 2356
2365 2366
2365 2376
2366 2148
2366 2149
2366 2356
2366 2357
2366 2365
2367 2141
2367 2142
2367 2150
2367 2151
2367 2360
2367 2361
2367 2368
2368 2151
2368 2361
2368 2362
2368 2367
2368 2369
2369 2152
2369 2362
2369 2368
2369 2377
2370 2153
2370 2163
2370 2371
2370 2378
2371 2163
2371 2370
2371 2378
2371 2379
2372 2157
2372 2177
2372 2373
2372 2386
2372 2387
2373 2158
2373 2177
2373 2372
2373 2387
2373 2388
2374 2159
2374 2178
2374 2363
2374 2388
2375 2160
2375 2363
2375 2364
2375 2376
2376 2161
2376 2364
2376 2365
2376 2375
2377 2152
2377 2162
2377 2163
2377 2369
2377 2378
2378 2162
2378 2163
2378 2370
2378 2371
2378 2377
2379 2164
2379 2371
2379 2380
2379 2389
2380 2165
2380 2179
2380 2379
2380 2389
2380 2390
2381 2166
2381 2180
2381 2382
2381 2391
2382 2167
2382 2181
2382 2381
2382 2391
2382 2392
2383 2173
2383 2187
2383 2384
2383 2398
2383 2399
2384 2174
2384 2188
2384 2383
2384 2399
2385 2175
2385 2189
2385 2386
2385 2400
2385 2401
2386 2176
2386 2372
2386 2385
2386 2401
2387 2177
2387 2372
2387 2373
2387 2388
2388 2178
2388 2373
2388 2374
2388 2387
2389 2164
2389 2165
2389 2179
2389 2379
2389 2380
2389 2390
2390 2165
2390 2179
2390 2380
2390 2389
2391 2180
2391 2381
2391 2382
2391 2392
2392 2181
2392 2382
2392 2391
2392 2393
2393 2168
2393 2182
2393 2392
2393 2394
2394 2182
2394 2183
2394 2393
2394 2395
2395 2183
2395 2184
2395 2394
2395 2396
2396 2185
2396 2186
2396 2395
2396 2397
2397 2185
2397 2186
2397 2396
2397 2398
2398 2187
2398 2383
2398 2397
2398 2399
2399 2174
2399 2188
2399 2383
2399 2384
2399 2398
2400 2189
2400 2190
2400 2385
2400 2401
2401 2176
2401 2189
2401 2190
2401 2385
2401 2386
2401 2400
