0 1
0 2
0 50
0 51
1 0
1 50
1 51
1 53
2 0
2 3
2 4
2 50
2 52
2 53
3 2
3 5
3 52
3 53
3 55
4 2
4 5
4 54
4 55
5 3
5 4
5 54
5 55
6 7
6 8
6 9
6 56
6 57
7 6
7 9
7 56
7 57
8 6
8 9
8 58
8 59
9 6
9 7
9 8
9 56
9 57
9 58
9 59
10 11
10 12
10 60
10 61
11 10
11 13
11 60
11 61
11 63
12 10
12 13
12 14
12 62
12 63
13 11
13 12
13 15
13 62
13 63
14 12
14 15
14 16
14 64
14 65
15 13
15 14
15 17
15 64
15 65
16 14
16 17
16 18
16 66
16 67
17 15
17 16
17 19
17 66
17 67
18 16
18 19
18 20
18 68
18 69
19 17
19 18
19 21
19 68
19 69
20 18
20 21
20 22
20 70
20 71
21 19
21 20
21 23
21 70
21 71
22 20
22 23
22 24
22 72
22 73
23 21
23 22
23 25
23 72
23 73
24 22
24 25
24 26
24 74
24 75
25 23
25 24
25 27
25 74
25 75
26 24
26 27
26 76
26 77
27 25
27 26
27 76
27 77
28 29
28 30
28 78
28 79
29 28
29 31
29 78
29 79
30 28
30 31
30 80
30 81
31 29
31 30
31 80
31 81
32 33
32 34
32 82
32 83
33 32
33 35
33 82
33 83
34 32
34 35
34 36
34 84
34 85
35 33
35 34
35 37
35 84
35 85
36 34
36 37
36 38
36 86
36 87
37 35
37 36
37 39
37 86
37 87
38 36
38 39
38 40
38 88
38 89
39 37
39 38
39 41
39 88
39 89
40 38
40 41
40 42
40 90
40 91
41 39
41 40
41 43
41 90
41 91
42 40
42 43
42 44
42 92
42 93
43 41
43 42
43 92
43 93
44 42
44 45
44 94
44 95
45 44
45 47
45 94
45 95
46 47
46 96
46 97
46 98
47 45
47 46
47 96
47 97
47 98
48 49
48 98
48 99
48 100
48 101
48 136
49 48
49 98
49 99
49 100
49 101
49 137
50 0
50 1
50 2
50 51
51 0
51 1
51 50
51 53
52 2
52 3
52 53
52 54
53 1
53 2
53 3
53 51
53 52
53 55
54 4
54 5
54 52
54 55
55 3
55 4
55 5
55 53
55 54
56 6
56 7
56 9
56 57
56 58
57 6
57 7
57 9
57 56
57 59
58 8
58 9
58 56
58 59
59 8
59 9
59 57
59 58
60 10
60 11
60 61
60 62
61 10
61 11
61 60
61 63
62 12
62 13
62 60
62 63
62 64
63 11
63 12
63 13
63 61
63 62
63 65
64 14
64 15
64 62
64 65
64 66
65 14
65 15
65 63
65 64
65 67
66 16
66 17
66 64
66 67
66 68
67 16
67 17
67 65
67 66
67 69
68 18
68 19
68 66
68 69
68 70
69 18
69 19
69 67
69 68
69 71
70 20
70 21
70 68
70 71
70 72
71 20
71 21
71 69
71 70
71 73
72 22
72 23
72 70
72 73
72 74
73 22
73 23
73 71
73 72
73 75
74 24
74 25
74 72
74 75
74 76
75 24
75 25
75 73
75 74
75 77
76 26
76 27
76 74
76 77
77 26
77 27
77 75
77 76
78 28
78 29
78 79
78 80
79 28
79 29
79 78
79 81
80 30
80 31
80 78
80 81
81 30
81 31
81 79
81 80
82 32
82 33
82 83
82 84
83 32
83 33
83 82
83 85
84 34
84 35
84 82
84 85
84 86
85 34
85 35
85 83
85 84
85 87
86 36
86 37
86 84
86 87
86 88
87 36
87 37
87 85
87 86
87 89
88 38
88 39
88 86
88 89
88 90
89 38
89 39
89 87
89 88
89 91
90 40
90 41
90 88
90 91
90 92
91 40
91 41
91 89
91 90
91 93
92 42
92 43
92 90
92 93
92 94
93 42
93 43
93 91
93 92
93 95
94 44
94 45
94 92
94 95
95 44
95 45
95 93
95 94
96 46
96 47
96 97
96 98
97 46
97 47
97 96
97 98
98 46
98 47
98 48
98 49
98 96
98 97
98 99
98 100
98 136
98 137
99 48
99 49
99 98
99 101
99 137
100 48
100 49
100 98
100 136
101 48
101 49
101 99
101 137
102 103
102 104
102 138
102 139
102 140
103 102
103 105
103 139
103 141
104 102
104 105
104 106
104 140
104 141
105 103
105 104
105 107
105 140
105 141
106 104
106 107
106 142
106 143
107 105
107 106
107 142
107 143
108 109
108 110
108 144
108 145
109 108
109 111
109 144
109 145
110 108
110 111
110 112
110 146
110 147
111 109
111 110
111 113
111 146
111 147
112 110
112 113
112 114
112 148
112 149
113 111
113 112
113 115
113 148
113 149
114 112
114 115
114 116
114 150
115 113
115 114
115 117
115 151
116 114
116 117
116 118
116 152
117 115
117 116
117 119
117 153
118 116
118 119
118 120
118 154
119 117
119 118
119 121
119 155
120 118
120 121
120 122
120 156
121 119
121 120
121 123
121 157
122 120
122 123
122 124
122 158
123 121
123 122
123 125
123 159
124 122
124 125
124 126
124 160
125 123
125 124
125 127
125 161
126 124
126 127
126 128
126 162
127 125
127 126
127 129
127 163
128 126
128 129
128 130
128 164
129 127
129 128
129 131
129 165
130 128
130 131
130 132
130 166
131 129
131 130
131 133
131 167
132 130
132 133
132 134
132 168
133 131
133 132
133 135
133 168
133 169
134 132
134 135
134 170
134 171
135 133
135 134
135 170
135 171
136 48
136 98
136 100
136 137
136 138
137 49
137 98
137 99
137 101
137 136
138 102
138 136
138 139
138 140
139 102
139 103
139 138
139 141
140 102
140 104
140 105
140 138
140 141
140 142
141 103
141 104
141 105
141 139
141 140
141 143
142 106
142 107
142 140
142 143
143 106
143 107
143 141
143 142
144 108
144 109
144 145
144 146
145 108
145 109
145 144
145 147
146 110
146 111
146 144
146 147
146 148
147 110
147 111
147 145
147 146
147 149
148 112
148 113
148 146
148 149
148 150
149 112
149 113
149 147
149 148
149 151
150 114
150 148
150 151
150 152
151 115
151 149
151 150
151 153
152 116
152 150
152 153
152 154
153 117
153 151
153 152
153 155
154 118
154 152
154 155
154 156
155 119
155 153
155 154
155 157
156 120
156 154
156 157
156 158
157 121
157 155
157 156
157 159
158 122
158 156
158 159
158 160
159 123
159 157
159 158
159 161
160 124
160 158
160 161
160 162
161 125
161 159
161 160
161 163
162 126
162 160
162 163
162 164
163 127
163 161
163 162
163 165
164 128
164 162
164 165
164 166
165 129
165 163
165 164
165 167
166 130
166 164
166 167
166 168
167 131
167 165
167 166
167 169
168 132
168 133
168 166
168 169
168 170
169 133
169 167
169 168
169 171
170 134
170 135
170 168
170 171
171 134
171 135
171 169
171 170
