0 1
0 6
0 114
0 123
0 124
1 0
1 7
1 115
1 124
2 3
2 8
2 116
2 125
3 2
3 9
3 117
3 125
3 126
4 5
4 13
4 14
4 121
4 132
5 4
5 6
5 14
5 122
6 0
6 5
6 7
6 15
6 123
7 1
7 6
7 8
7 16
7 124
8 2
8 7
8 9
8 17
8 125
9 3
9 8
9 10
9 18
9 126
10 9
10 11
10 18
10 19
10 127
11 10
11 19
11 20
11 128
11 133
12 13
12 22
12 23
12 131
12 132
13 4
13 12
13 14
13 23
14 4
14 5
14 13
14 15
14 24
15 6
15 14
15 16
15 25
16 7
16 15
16 17
16 26
17 8
17 16
17 18
17 27
18 9
18 10
18 17
18 19
18 28
19 10
19 11
19 18
19 20
19 29
20 11
20 19
20 21
20 30
20 133
21 20
21 30
21 31
21 133
21 134
22 12
22 23
22 33
22 34
22 137
23 12
23 13
23 22
23 24
23 34
24 14
24 23
24 25
24 35
25 15
25 24
25 26
25 36
26 16
26 25
26 27
26 37
27 17
27 26
27 28
27 38
28 18
28 27
28 29
28 39
29 19
29 28
29 30
29 40
30 20
30 21
30 29
30 31
30 41
31 21
31 30
31 42
31 138
32 33
32 44
32 140
32 141
32 145
33 22
33 32
33 34
33 45
33 141
34 22
34 23
34 33
34 35
34 46
35 24
35 34
35 36
35 47
36 25
36 35
36 37
36 48
37 26
37 36
37 38
37 49
38 27
38 37
38 39
38 50
39 28
39 38
39 40
39 51
40 29
40 39
40 41
40 52
41 30
41 40
41 42
41 53
42 31
42 41
42 43
42 54
42 142
43 42
43 55
43 142
43 143
43 146
44 32
44 45
44 144
44 145
45 33
45 44
45 46
45 57
45 145
46 34
46 45
46 47
46 58
47 35
47 46
47 48
47 59
48 36
48 47
48 49
48 60
49 37
49 48
49 50
49 61
50 38
50 49
50 51
50 62
51 39
51 50
51 52
51 63
52 40
52 51
52 53
52 64
53 41
53 52
53 54
53 65
54 42
54 53
54 55
54 66
54 146
55 43
55 54
55 146
55 147
56 57
56 68
56 149
56 150
57 45
57 56
57 58
57 69
57 150
58 46
58 57
58 59
58 70
59 47
59 58
59 60
59 71
60 48
60 59
60 61
60 72
61 49
61 60
61 62
61 73
62 50
62 61
62 63
62 74
63 51
63 62
63 64
63 75
64 52
64 63
64 65
64 76
65 53
65 64
65 66
65 77
66 54
66 65
66 67
66 78
66 151
67 66
67 79
67 151
67 152
68 56
68 69
68 150
68 154
68 155
69 57
69 68
69 70
69 80
69 155
70 58
70 69
70 71
70 81
71 59
71 70
71 72
71 82
72 60
72 71
72 73
72 83
73 61
73 72
73 74
73 84
74 62
74 73
74 75
74 85
75 63
75 74
75 76
75 86
76 64
76 75
76 77
76 87
77 65
77 76
77 78
77 88
77 89
78 66
78 77
78 79
78 89
78 156
79 67
79 78
79 151
79 156
79 157
80 69
80 81
80 90
80 160
81 70
81 80
81 82
81 90
81 91
82 71
82 81
82 83
82 92
83 72
83 82
83 84
83 93
84 73
84 83
84 85
84 94
85 74
85 84
85 86
85 95
86 75
86 85
86 87
86 96
87 76
87 86
87 88
87 97
88 77
88 87
88 89
88 98
88 99
89 77
89 78
89 88
89 99
89 161
90 80
90 81
90 91
90 164
90 165
91 81
91 90
91 92
91 100
91 165
92 82
92 91
92 93
92 100
92 101
93 83
93 92
93 94
93 101
93 102
94 84
94 93
94 95
94 103
95 85
95 94
95 96
95 104
96 86
96 95
96 97
96 105
97 87
97 96
97 98
97 106
97 107
98 88
98 97
98 99
98 107
98 166
99 88
99 89
99 98
99 166
99 167
100 91
100 92
100 101
100 165
100 170
101 92
101 93
101 100
101 102
101 171
102 93
102 101
102 103
102 108
102 172
103 94
103 102
103 104
103 109
103 173
104 95
104 103
104 105
104 110
104 174
105 96
105 104
105 106
105 111
105 175
106 97
106 105
106 107
106 176
107 97
107 98
107 106
107 166
107 177
108 102
108 109
108 172
108 173
108 181
109 103
109 108
109 173
109 182
110 104
110 111
110 174
110 183
111 105
111 110
111 174
111 175
111 184
112 113
112 121
112 122
112 194
112 195
112 206
113 112
113 114
113 122
113 195
113 206
114 0
114 113
114 123
114 124
114 196
115 1
115 116
115 124
115 197
116 2
116 115
116 117
116 125
116 198
117 3
117 116
117 118
117 125
117 126
117 199
118 117
118 119
118 126
118 127
118 200
118 207
119 118
119 127
119 128
119 201
119 207
119 208
120 121
120 131
120 132
120 204
121 4
121 112
121 120
121 132
122 5
122 112
122 113
122 206
123 0
123 6
123 114
123 124
124 0
124 1
124 7
124 114
124 115
124 123
125 2
125 3
125 8
125 116
125 117
125 126
126 3
126 9
126 117
126 118
126 125
127 10
127 118
127 119
127 207
128 11
128 119
128 129
128 133
129 128
129 133
129 134
129 209
130 131
130 136
130 137
130 211
130 212
130 217
131 12
131 120
131 130
131 132
132 4
132 12
132 120
132 121
132 131
133 11
133 20
133 21
133 128
133 129
133 134
134 21
134 129
134 133
134 135
135 134
135 138
135 139
135 214
135 218
136 130
136 137
136 140
136 141
136 216
136 217
137 22
137 130
137 136
137 217
138 31
138 135
138 139
138 218
139 135
139 138
139 143
139 218
139 219
140 32
140 136
140 141
140 144
140 145
141 32
141 33
141 136
141 140
141 145
142 42
142 43
142 143
142 146
143 43
143 139
143 142
143 146
143 223
144 44
144 140
144 145
144 226
145 32
145 44
145 45
145 140
145 141
145 144
146 43
146 54
146 55
146 142
146 143
146 147
147 55
147 146
147 148
147 875
148 147
148 227
148 228
148 875
148 876
148 883
149 56
149 150
149 154
149 230
150 56
150 57
150 68
150 149
150 154
150 155
151 66
151 67
151 79
151 152
151 156
151 157
152 67
152 151
152 153
152 877
153 152
153 158
153 231
153 877
153 878
154 68
154 149
154 150
154 155
154 159
154 234
155 68
155 69
155 150
155 154
156 78
156 79
156 151
156 157
156 161
157 79
157 151
157 156
157 879
158 153
158 235
158 877
158 879
158 880
159 154
159 160
159 163
159 238
159 239
160 80
160 159
160 163
160 239
161 89
161 156
161 162
161 168
161 240
162 161
162 168
162 240
162 881
163 159
163 160
163 164
163 238
163 239
163 243
164 90
164 163
164 165
164 169
165 90
165 91
165 100
165 164
165 169
165 170
166 98
166 99
166 107
166 167
166 177
166 178
167 99
167 166
167 168
167 178
168 161
168 162
168 167
168 240
168 245
168 246
169 164
169 165
169 170
169 248
170 100
170 165
170 169
170 179
171 101
171 179
171 180
171 250
172 102
172 108
172 173
172 180
172 181
173 103
173 108
173 109
173 172
173 181
173 182
174 104
174 110
174 111
174 175
174 183
174 184
175 105
175 111
175 174
175 184
176 106
176 185
176 186
176 251
177 107
177 166
177 178
177 186
178 166
178 167
178 177
178 253
179 170
179 171
179 180
179 249
179 250
179 256
179 257
180 171
180 172
180 179
180 181
180 250
180 257
181 108
181 172
181 173
181 180
181 182
181 258
182 109
182 173
182 181
182 259
183 110
183 174
183 184
183 260
184 111
184 174
184 175
184 183
184 185
184 261
185 176
185 184
185 186
185 251
185 262
186 176
186 177
186 185
186 251
186 252
186 263
187 188
187 195
187 196
187 272
187 273
187 281
187 282
188 187
188 189
188 196
188 197
188 273
188 282
189 188
189 190
189 197
189 274
190 189
190 191
190 198
190 275
191 190
191 192
191 198
191 199
191 276
191 283
192 191
192 199
192 200
192 277
192 283
192 284
193 204
193 205
193 279
193 288
193 289
194 112
194 195
194 205
194 206
194 289
195 112
195 113
195 187
195 194
195 206
196 114
196 187
196 188
196 197
196 282
197 115
197 188
197 189
197 196
198 116
198 190
198 191
198 199
199 117
199 191
199 192
199 198
199 283
200 118
200 192
200 201
200 207
201 119
201 200
201 202
201 207
201 208
201 290
202 201
202 208
202 209
202 285
202 286
202 290
203 204
203 211
203 212
203 287
203 295
204 120
204 193
204 203
204 205
204 212
205 193
205 194
205 204
205 289
206 112
206 113
206 122
206 194
206 195
207 118
207 119
207 127
207 200
207 201
207 208
208 119
208 201
208 202
208 207
208 209
209 129
209 202
209 208
209 210
209 213
210 209
210 213
210 214
210 291
210 292
210 296
211 130
211 203
211 212
211 216
211 217
211 295
212 130
212 203
212 204
212 211
212 295
213 209
213 210
213 214
213 296
214 135
214 210
214 213
214 218
214 219
214 296
215 216
215 221
215 222
215 299
215 300
215 304
216 136
216 211
216 215
216 217
216 222
217 130
217 136
217 137
217 211
217 216
218 135
218 138
218 139
218 214
218 219
219 139
219 214
219 218
219 220
220 219
220 223
220 224
220 301
220 302
220 305
221 215
221 222
221 225
221 226
221 303
221 304
222 215
222 216
222 221
222 226
222 304
223 143
223 220
223 224
223 305
224 220
224 223
224 228
224 305
224 306
225 221
225 226
225 229
225 307
226 144
226 221
226 222
226 225
227 148
227 228
227 875
227 876
227 883
228 148
228 224
228 227
228 308
228 876
228 883
229 225
229 230
229 233
229 309
230 149
230 229
230 233
230 234
231 153
231 232
231 877
231 878
232 231
232 236
232 310
232 886
233 229
233 230
233 234
233 237
233 311
233 312
234 154
234 230
234 233
234 237
234 312
235 158
235 236
235 313
235 879
236 232
236 235
236 313
236 314
236 891
237 233
237 234
237 238
237 311
237 312
237 315
237 316
238 159
238 163
238 237
238 239
238 243
239 159
239 160
239 163
239 238
239 243
240 161
240 162
240 168
240 241
240 245
240 246
241 240
241 242
241 881
241 896
242 241
242 313
242 317
242 896
242 897
243 163
243 238
243 239
243 244
243 247
243 321
244 243
244 247
244 248
244 321
245 168
245 240
245 246
245 253
245 254
246 168
246 240
246 245
246 254
246 322
247 243
247 244
247 248
247 321
247 325
247 326
248 169
248 244
248 247
248 249
249 179
249 248
249 250
249 256
250 171
250 179
250 180
250 249
250 256
250 257
251 176
251 185
251 186
251 262
251 263
252 186
252 253
252 263
252 264
253 178
253 245
253 252
253 254
253 264
254 245
254 246
254 253
254 322
254 330
255 256
255 327
255 331
255 332
256 179
256 249
256 250
256 255
256 327
257 179
257 180
257 250
257 265
258 181
258 259
258 265
258 266
258 334
259 182
259 258
259 266
259 267
260 183
260 261
260 268
260 269
261 184
261 260
261 269
261 270
261 335
262 185
262 251
262 263
262 270
263 186
263 251
263 252
263 262
263 264
263 328
264 252
264 253
264 263
264 328
264 329
264 338
265 257
265 258
265 333
265 334
266 258
266 259
266 267
266 334
266 341
267 259
267 266
267 268
267 342
268 260
268 267
268 269
268 343
269 260
269 261
269 268
269 270
269 335
269 344
270 261
270 262
270 269
270 335
270 336
270 345
271 272
271 280
271 281
271 352
271 363
271 364
272 187
272 271
272 273
272 281
272 353
272 364
273 187
273 188
273 272
273 274
273 282
273 354
274 189
274 273
274 275
274 355
275 190
275 274
275 276
275 356
276 191
276 275
276 277
276 283
276 357
277 192
277 276
277 278
277 284
277 358
277 365
278 277
278 284
278 285
278 358
278 359
278 365
278 366
279 193
279 280
279 288
279 289
279 362
280 271
280 279
280 289
280 363
281 187
281 271
281 272
281 364
282 187
282 188
282 196
282 273
283 191
283 192
283 199
283 276
284 192
284 277
284 278
284 365
285 202
285 278
285 286
285 290
286 202
286 285
286 290
286 291
286 367
287 203
287 288
287 294
287 295
287 370
288 193
288 279
288 287
288 289
288 371
289 193
289 194
289 205
289 279
289 280
289 288
290 201
290 202
290 285
290 286
291 210
291 286
291 292
291 296
291 372
292 210
292 291
292 296
292 297
293 294
293 299
293 300
293 375
293 376
293 379
293 380
294 287
294 293
294 295
294 380
295 203
295 211
295 212
295 287
295 294
296 210
296 213
296 214
296 291
296 292
296 297
297 292
297 296
297 298
297 381
298 297
298 301
298 302
298 377
298 378
298 381
298 382
299 215
299 293
299 300
299 379
299 380
300 215
300 293
300 299
300 380
301 220
301 298
301 302
301 381
302 220
302 298
302 301
302 306
302 381
302 382
303 221
303 304
303 307
303 384
304 215
304 221
304 222
304 303
305 220
305 223
305 224
305 306
306 224
306 302
306 305
306 308
306 385
307 225
307 303
307 309
307 388
308 228
308 306
308 310
308 389
309 229
309 307
309 311
309 392
310 232
310 308
310 314
310 393
310 886
311 233
311 237
311 309
311 312
311 315
311 396
312 233
312 234
312 237
312 311
312 315
313 235
313 236
313 242
313 314
313 318
314 236
314 310
314 313
314 397
314 891
315 237
315 311
315 312
315 316
315 399
315 400
316 237
316 315
316 319
316 400
317 242
317 318
317 324
317 401
318 313
318 317
318 324
318 401
318 402
319 316
319 320
319 400
319 403
319 404
320 319
320 321
320 325
320 400
321 243
321 244
321 247
321 320
321 325
321 326
322 246
322 254
322 323
322 330
323 322
323 324
323 330
323 401
324 317
324 318
324 323
324 401
324 402
324 405
324 406
325 247
325 320
325 321
325 326
325 408
325 409
326 247
326 321
326 325
326 331
327 255
327 256
327 331
327 332
328 263
328 264
328 329
328 337
328 338
329 264
329 328
329 330
329 338
329 410
330 254
330 322
330 323
330 329
330 411
331 255
331 326
331 327
331 332
331 414
332 255
332 327
332 331
332 339
333 265
333 339
333 340
333 416
334 258
334 265
334 266
334 340
334 341
335 261
335 269
335 270
335 344
336 270
336 345
336 346
336 417
337 328
337 338
337 346
337 417
338 264
338 328
338 329
338 337
338 419
339 332
339 333
339 340
339 416
339 422
339 423
340 333
340 334
340 339
340 341
340 416
340 423
341 266
341 334
341 340
341 342
341 424
342 267
342 341
342 343
342 425
343 268
343 342
343 344
343 426
344 269
344 335
344 343
344 345
344 427
345 270
345 336
345 344
345 346
345 417
345 428
346 336
346 337
346 345
346 417
346 418
346 429
347 348
347 354
347 355
347 436
347 444
348 347
348 349
348 355
348 437
348 445
349 348
349 350
349 356
349 438
349 446
350 349
350 356
350 357
350 439
350 447
351 352
351 363
351 441
351 442
351 453
352 271
352 351
352 353
352 363
352 364
352 442
353 272
353 352
353 354
353 364
353 443
354 273
354 347
354 353
354 444
355 274
355 347
355 348
355 445
356 275
356 349
356 350
356 446
357 276
357 350
357 358
357 447
358 277
358 278
358 357
358 359
358 365
358 448
359 278
359 358
359 360
359 365
359 366
359 449
360 359
360 366
360 367
360 449
360 450
360 454
361 362
361 370
361 371
361 451
361 459
362 279
362 361
362 363
362 371
363 271
363 280
363 351
363 352
363 362
363 364
364 271
364 272
364 281
364 352
364 353
364 363
365 277
365 278
365 284
365 358
365 359
365 366
366 278
366 359
366 360
366 365
367 286
367 360
367 368
367 372
368 367
368 372
368 373
368 456
368 460
369 370
369 375
369 376
369 457
369 463
369 464
370 287
370 361
370 369
370 371
371 288
371 361
371 362
371 370
372 291
372 367
372 368
372 373
373 368
373 372
373 374
373 377
374 373
374 377
374 378
374 462
374 465
374 466
375 293
375 369
375 376
375 379
375 380
375 463
376 293
376 369
376 375
376 380
377 298
377 373
377 374
377 378
377 381
378 298
378 374
378 377
378 381
378 382
378 466
379 293
379 299
379 375
379 380
379 384
379 468
380 293
380 294
380 299
380 300
380 375
380 376
380 379
381 297
381 298
381 301
381 302
381 377
381 378
381 382
382 298
382 302
382 378
382 381
382 385
382 469
383 384
383 387
383 388
383 471
383 472
384 303
384 379
384 383
384 472
385 306
385 382
385 386
385 473
386 385
386 389
386 390
386 473
386 474
387 383
387 388
387 391
387 475
387 476
388 307
388 383
388 387
388 476
389 308
389 386
389 390
389 477
390 386
390 389
390 477
390 478
391 387
391 392
391 395
391 480
392 309
392 391
392 395
392 480
393 310
393 394
393 398
393 481
394 393
394 398
394 481
394 482
395 391
395 392
395 396
395 483
395 484
396 311
396 395
396 399
396 484
397 314
397 398
397 402
397 485
398 393
398 394
398 397
398 485
398 486
399 315
399 396
399 400
399 403
399 488
400 315
400 316
400 319
400 320
400 399
400 403
400 404
401 317
401 318
401 323
401 324
401 402
401 405
401 406
402 318
402 324
402 397
402 401
402 406
402 489
403 319
403 399
403 400
403 404
403 407
403 491
404 319
404 400
404 403
404 407
405 324
405 401
405 406
405 412
406 324
406 401
406 402
406 405
406 412
406 494
407 403
407 404
407 408
407 491
407 492
407 495
408 325
408 407
408 409
408 413
409 325
409 408
409 413
409 414
410 329
410 411
410 419
410 420
411 330
411 410
411 412
411 420
412 405
412 406
412 411
412 493
412 494
412 500
413 408
413 409
413 414
413 497
413 501
414 331
414 409
414 413
414 415
415 414
415 416
415 421
415 422
416 333
416 339
416 340
416 415
416 422
416 423
417 336
417 337
417 345
417 346
417 418
417 428
417 429
418 346
418 417
418 429
418 430
419 338
419 410
419 420
419 430
420 410
420 411
420 419
420 498
420 506
421 415
421 422
421 503
421 507
421 508
422 339
422 415
422 416
422 421
422 423
422 508
423 339
423 340
423 416
423 422
423 424
423 509
424 341
424 423
424 431
424 510
425 342
425 431
425 432
425 511
426 343
426 433
426 434
426 512
427 344
427 428
427 434
427 513
428 345
428 417
428 427
428 429
428 514
429 346
429 417
429 418
429 428
429 430
429 515
430 418
430 419
430 429
430 504
430 515
430 516
431 424
431 425
431 432
431 510
431 518
432 425
432 431
432 433
432 511
433 426
433 432
433 434
433 512
433 520
434 426
434 427
434 433
434 513
434 521
435 436
435 443
435 444
435 523
435 524
435 531
435 532
436 347
436 435
436 444
436 445
437 348
437 438
437 445
437 525
437 533
438 349
438 437
438 446
438 526
438 534
439 350
439 440
439 446
439 447
440 439
440 447
440 448
440 527
440 528
440 535
440 536
441 351
441 442
441 452
441 453
441 529
441 541
442 351
442 352
442 441
442 443
442 453
443 353
443 435
443 442
443 444
444 347
444 354
444 435
444 436
444 443
444 445
445 348
445 355
445 436
445 437
445 444
446 349
446 356
446 438
446 439
446 447
447 350
447 357
447 439
447 440
447 446
448 358
448 440
448 449
448 536
449 359
449 360
449 448
449 450
449 454
449 537
450 360
450 449
450 454
450 455
450 538
450 542
451 361
451 452
451 458
451 459
451 547
452 441
452 451
452 453
452 459
453 351
453 441
453 442
453 452
454 360
454 449
454 450
454 455
455 450
455 454
455 456
455 460
456 368
456 455
456 460
456 461
456 544
456 548
457 369
457 458
457 463
457 464
457 545
457 552
458 451
458 457
458 459
458 464
459 361
459 451
459 452
459 458
460 368
460 455
460 456
460 461
461 456
461 460
461 462
461 465
462 374
462 461
462 465
462 466
462 550
462 553
463 369
463 375
463 457
463 464
463 468
463 551
464 369
464 457
464 458
464 463
465 374
465 461
465 462
465 466
466 374
466 378
466 462
466 465
466 469
466 554
467 468
467 471
467 472
467 555
467 556
467 559
467 560
468 379
468 463
468 467
468 472
468 556
469 382
469 466
469 470
469 557
470 469
470 473
470 474
470 557
470 558
470 561
470 562
471 383
471 467
471 472
471 476
472 383
472 384
472 467
472 468
472 471
472 476
473 385
473 386
473 470
473 474
473 477
474 386
474 470
474 473
474 477
475 387
475 476
475 479
475 563
475 564
476 387
476 388
476 471
476 472
476 475
477 389
477 390
477 473
477 474
477 478
478 390
478 477
478 482
478 566
479 475
479 480
479 567
479 568
480 391
480 392
480 479
480 483
480 484
481 393
481 394
481 482
481 485
481 486
482 394
482 478
482 481
482 569
482 570
483 395
483 480
483 484
483 487
484 395
484 396
484 480
484 483
484 487
484 488
485 397
485 398
485 481
485 486
485 490
486 398
486 481
486 485
486 490
487 483
487 484
487 488
487 571
487 572
487 575
487 576
488 399
488 484
488 487
488 491
489 402
489 490
489 494
489 577
490 485
490 486
490 489
490 573
490 574
490 577
490 578
491 403
491 407
491 488
491 492
491 495
491 579
492 407
492 491
492 495
492 496
493 412
493 494
493 499
493 500
494 406
494 412
494 489
494 493
494 500
494 582
495 407
495 491
495 492
495 496
495 580
495 583
496 492
496 495
496 497
496 501
497 413
497 496
497 501
497 502
498 420
498 499
498 505
498 506
499 493
499 498
499 500
499 506
500 412
500 493
500 494
500 499
500 581
500 588
501 413
501 496
501 497
501 502
501 589
502 497
502 501
502 503
502 507
503 421
503 502
503 507
503 508
504 430
504 505
504 515
504 516
505 498
505 504
505 506
505 516
506 420
506 498
506 499
506 505
506 586
506 594
507 421
507 502
507 503
507 508
507 591
507 595
508 421
508 422
508 503
508 507
508 509
509 423
509 508
509 510
509 517
510 424
510 431
510 509
510 511
510 517
510 518
511 425
511 432
511 510
511 518
511 519
512 426
512 433
512 513
512 520
512 521
513 427
513 434
513 512
513 514
513 521
513 522
514 428
514 513
514 515
514 522
515 429
515 430
515 504
515 514
515 516
515 603
516 430
516 504
516 505
516 515
516 592
516 604
517 509
517 510
517 518
517 597
517 598
517 605
517 606
518 431
518 510
518 511
518 517
519 511
519 520
519 599
519 607
520 433
520 512
520 519
520 608
521 434
521 512
521 513
521 522
522 513
522 514
522 521
522 601
522 602
522 609
522 610
523 435
523 524
523 531
523 532
523 611
524 435
524 523
524 532
524 533
524 612
525 437
525 526
525 533
525 613
526 438
526 525
526 534
526 614
527 440
527 528
527 534
527 535
527 615
528 440
528 527
528 535
528 536
528 616
529 441
529 530
529 540
529 541
529 617
530 529
530 531
530 541
530 618
531 435
531 523
531 530
531 619
532 435
532 523
532 524
532 533
533 437
533 524
533 525
533 532
534 438
534 526
534 527
534 535
534 622
535 440
535 527
535 528
535 534
536 440
536 448
536 528
536 537
536 624
537 449
537 536
537 538
537 542
537 625
538 450
538 537
538 542
538 543
538 626
539 540
539 546
539 547
539 627
540 529
540 539
540 541
540 547
541 441
541 529
541 530
541 540
541 629
542 450
542 537
542 538
542 543
543 538
543 542
543 544
543 548
544 456
544 543
544 548
544 549
544 632
545 457
545 546
545 551
545 552
545 633
546 539
546 545
546 547
546 552
547 451
547 539
547 540
547 546
548 456
548 543
548 544
548 549
549 544
549 548
549 550
549 553
550 462
550 549
550 553
550 554
550 638
551 463
551 545
551 552
551 556
551 639
552 457
552 545
552 546
552 551
553 462
553 549
553 550
553 554
553 641
554 466
554 550
554 553
554 557
555 467
555 556
555 559
555 560
555 643
556 467
556 468
556 551
556 555
556 644
557 469
557 470
557 554
557 558
557 645
558 470
558 557
558 561
558 562
558 646
559 467
559 555
559 560
559 564
560 467
560 555
560 559
560 564
561 470
561 558
561 562
561 565
562 470
562 558
562 561
562 565
562 650
563 475
563 564
563 567
563 651
564 475
564 559
564 560
564 563
564 652
565 561
565 562
565 566
565 653
566 478
566 565
566 570
566 653
566 654
567 479
567 563
567 568
567 655
568 479
568 567
568 571
568 572
568 656
569 482
569 570
569 573
569 574
570 482
570 566
570 569
570 658
571 487
571 568
571 572
571 575
571 659
572 487
572 568
572 571
572 575
573 490
573 569
573 574
573 578
574 490
574 569
574 573
574 578
575 487
575 571
575 572
575 576
575 663
576 487
576 575
576 579
576 664
577 489
577 490
577 578
577 582
577 665
578 490
578 573
578 574
578 577
579 491
579 576
579 580
579 583
579 667
580 495
580 579
580 583
580 584
581 500
581 582
581 587
581 588
582 494
582 577
582 581
582 588
582 670
583 495
583 579
583 580
583 584
583 671
584 580
584 583
584 585
584 589
585 584
585 589
585 590
585 677
586 506
586 587
586 593
586 594
586 674
587 581
587 586
587 588
587 594
588 500
588 581
588 582
588 587
589 501
589 584
589 585
589 590
590 585
590 589
590 591
590 595
591 507
591 590
591 595
591 596
592 516
592 593
592 603
592 604
592 680
593 586
593 592
593 594
593 604
594 506
594 586
594 587
594 593
594 682
595 507
595 590
595 591
595 596
595 683
596 591
596 595
596 597
596 684
597 517
597 596
597 605
597 685
598 517
598 599
598 605
598 606
599 519
599 598
599 606
599 607
600 601
600 608
600 609
600 688
601 522
601 600
601 609
601 610
602 522
602 603
602 610
602 690
603 515
603 592
603 602
603 604
604 516
604 592
604 593
604 603
605 517
605 597
605 598
605 606
605 693
606 517
606 598
606 599
606 605
606 694
607 519
607 599
607 608
607 695
608 520
608 600
608 607
608 688
608 696
609 522
609 600
609 601
609 610
610 522
610 601
610 602
610 609
610 698
611 523
611 612
611 619
611 620
612 524
612 611
612 620
612 621
613 525
613 614
613 621
613 701
614 526
614 613
614 622
614 702
615 527
615 616
615 622
615 623
616 528
616 615
616 623
616 624
617 529
617 618
617 628
617 629
618 530
618 617
618 619
618 629
619 531
619 611
619 618
619 707
620 611
620 612
620 621
620 708
621 612
621 613
621 620
621 709
622 534
622 614
622 615
622 623
623 615
623 616
623 622
623 711
624 536
624 616
624 625
624 712
625 537
625 624
625 626
625 630
626 538
626 625
626 630
626 631
627 539
627 628
627 634
627 635
628 617
628 627
628 629
628 635
629 541
629 617
629 618
629 628
630 625
630 626
630 631
630 718
631 626
631 630
631 632
631 636
632 544
632 631
632 636
632 637
633 545
633 634
633 639
633 640
634 627
634 633
634 635
634 640
635 627
635 628
635 634
635 723
636 631
636 632
636 637
636 724
637 632
637 636
637 638
637 641
638 550
638 637
638 641
638 642
639 551
639 633
639 640
639 644
640 633
640 634
640 639
640 728
641 553
641 637
641 638
641 642
642 638
642 641
642 645
642 730
643 555
643 644
643 647
643 648
644 556
644 639
644 643
644 732
645 557
645 642
645 646
645 733
646 558
646 645
646 649
646 650
647 643
647 648
647 652
647 735
648 643
648 647
648 652
648 736
649 646
649 650
649 653
649 737
650 562
650 646
650 649
650 653
651 563
651 652
651 655
651 739
652 564
652 647
652 648
652 651
653 565
653 566
653 649
653 650
653 654
654 566
654 653
654 658
654 943
655 567
655 651
655 656
655 743
656 568
656 655
656 659
656 660
657 658
657 661
657 662
657 944
658 570
658 654
658 657
658 943
658 944
659 571
659 656
659 660
659 663
660 656
660 659
660 663
660 748
661 657
661 662
661 666
661 949
662 657
662 661
662 666
662 949
663 575
663 659
663 660
663 664
664 576
664 663
664 667
664 752
665 577
665 666
665 670
665 955
666 661
666 662
666 665
666 955
667 579
667 664
667 668
667 671
668 667
668 671
668 672
668 756
669 670
669 675
669 676
669 757
670 582
670 665
670 669
670 676
671 583
671 667
671 668
671 672
672 668
672 671
672 673
672 677
673 672
673 677
673 678
673 765
674 586
674 675
674 681
674 682
675 669
675 674
675 676
675 682
676 669
676 670
676 675
676 764
677 585
677 672
677 673
677 678
678 673
678 677
678 679
678 683
679 678
679 683
679 684
679 772
680 592
680 681
680 691
680 692
681 674
681 680
681 682
681 692
682 594
682 674
682 675
682 681
683 595
683 678
683 679
683 684
684 596
684 679
684 683
684 685
685 597
685 684
685 693
685 773
686 687
686 693
686 694
686 774
687 686
687 694
687 695
687 775
688 600
688 608
688 689
688 696
688 697
689 688
689 697
689 698
689 777
690 602
690 691
690 698
690 778
691 680
691 690
691 692
691 779
692 680
692 681
692 691
692 780
693 605
693 685
693 686
693 694
694 606
694 686
694 687
694 693
695 607
695 687
695 696
695 783
696 608
696 688
696 695
696 697
697 688
697 689
697 696
697 698
698 610
698 689
698 690
698 697
699 700
699 707
699 708
699 787
700 699
700 708
700 709
700 787
701 613
701 702
701 709
701 789
701 797
702 614
702 701
702 710
702 790
702 798
703 704
703 710
703 711
703 791
703 792
704 703
704 711
704 712
704 792
705 706
705 716
705 717
705 793
706 705
706 707
706 717
706 794
707 619
707 699
707 706
707 787
707 795
708 620
708 699
708 700
708 709
708 787
708 796
709 621
709 700
709 701
709 708
709 797
710 702
710 703
710 711
710 798
711 623
711 703
711 704
711 710
711 792
711 799
712 624
712 704
712 713
712 792
712 800
713 712
713 714
713 718
713 801
714 713
714 718
714 719
714 802
715 716
715 722
715 723
715 803
715 811
716 705
716 715
716 717
716 723
717 705
717 706
717 716
717 805
718 630
718 713
718 714
718 719
718 806
719 714
719 718
719 720
719 724
720 719
720 724
720 725
720 808
720 812
721 722
721 727
721 728
721 809
722 715
722 721
722 723
722 728
723 635
723 715
723 716
723 722
723 811
724 636
724 719
724 720
724 725
724 812
725 720
725 724
725 726
725 729
726 725
726 729
726 730
726 814
727 721
727 728
727 732
727 815
728 640
728 721
728 722
728 727
728 816
729 725
729 726
729 730
729 814
729 817
730 642
730 726
730 729
730 733
730 818
731 732
731 735
731 736
731 819
732 644
732 727
732 731
732 819
732 820
733 645
733 730
733 734
733 821
733 822
734 733
734 737
734 738
734 822
735 647
735 731
735 736
735 740
735 819
735 823
736 648
736 731
736 735
736 740
736 819
736 824
737 649
737 734
737 738
737 741
737 822
737 825
738 734
738 737
738 741
738 829
739 651
739 740
739 743
739 827
739 828
740 735
740 736
740 739
740 828
741 737
741 738
741 742
741 829
741 830
742 741
742 746
742 829
742 830
742 943
743 655
743 739
743 744
743 831
743 832
744 743
744 747
744 748
744 832
745 746
745 749
745 750
745 833
746 742
746 745
746 833
746 834
746 966
747 744
747 748
747 751
747 835
747 839
748 660
748 744
748 747
748 751
748 836
748 839
749 745
749 750
749 754
749 970
750 745
750 749
750 754
750 837
750 838
750 970
751 747
751 748
751 752
751 839
752 664
752 751
752 755
752 839
752 840
753 754
753 758
753 841
753 842
754 749
754 750
754 753
754 841
754 842
754 955
754 974
755 752
755 756
755 759
755 843
756 668
756 755
756 759
756 760
756 844
756 847
757 669
757 758
757 763
757 764
757 845
758 753
758 757
758 764
758 846
759 755
759 756
759 760
759 847
760 756
760 759
760 761
760 765
761 760
761 765
761 766
761 849
761 853
762 763
762 769
762 770
762 850
762 858
763 757
763 762
763 764
763 770
764 676
764 757
764 758
764 763
764 852
765 673
765 760
765 761
765 766
766 761
766 765
766 767
766 771
767 766
767 771
767 772
767 855
768 769
768 779
768 780
768 856
768 868
769 762
769 768
769 770
769 780
770 762
770 763
770 769
770 850
771 766
771 767
771 772
771 859
772 679
772 767
772 771
772 773
772 860
773 685
773 772
773 781
773 861
774 686
774 775
774 781
774 782
774 862
774 863
775 687
775 774
775 782
775 783
775 863
776 777
776 784
776 785
776 864
776 872
777 689
777 776
777 785
777 786
777 864
777 865
778 690
778 779
778 786
778 866
778 874
779 691
779 768
779 778
779 780
779 867
780 692
780 768
780 769
780 779
780 868
781 773
781 774
781 782
781 869
782 774
782 775
782 781
782 869
783 695
783 775
783 784
783 863
783 871
784 776
784 783
784 864
784 872
785 776
785 777
785 786
785 864
786 777
786 778
786 785
786 874
787 699
787 700
787 707
787 708
787 788
787 795
787 796
788 787
788 789
788 796
788 797
789 701
789 788
789 790
789 797
790 702
790 789
790 791
790 798
791 703
791 790
791 792
791 798
791 799
792 703
792 704
792 711
792 712
792 791
792 799
792 800
793 705
793 794
793 804
793 805
794 706
794 793
794 795
794 805
795 707
795 787
795 794
795 796
796 708
796 787
796 788
796 795
796 797
797 701
797 709
797 788
797 789
797 796
798 702
798 710
798 790
798 791
798 799
799 711
799 791
799 792
799 798
799 800
800 712
800 792
800 799
800 801
801 713
801 800
801 802
801 806
802 714
802 801
802 806
802 807
803 715
803 804
803 810
803 811
804 793
804 803
804 805
804 811
805 717
805 793
805 794
805 804
806 718
806 801
806 802
806 807
807 802
807 806
807 808
807 812
808 720
808 807
808 812
808 813
809 721
809 810
809 815
809 816
810 803
810 809
810 811
810 816
811 715
811 723
811 803
811 804
811 810
812 720
812 724
812 807
812 808
812 813
813 808
813 812
813 814
813 817
814 726
814 729
814 813
814 817
814 818
815 727
815 809
815 816
815 820
816 728
816 809
816 810
816 815
817 729
817 813
817 814
817 818
818 730
818 814
818 817
818 821
819 731
819 732
819 735
819 736
819 820
819 823
819 824
820 732
820 815
820 819
820 824
821 733
821 818
821 822
821 825
822 733
822 734
822 737
822 821
822 825
822 826
823 735
823 819
823 824
823 827
823 828
824 736
824 819
824 820
824 823
824 828
825 737
825 821
825 822
825 826
825 829
826 822
826 825
826 829
826 830
827 739
827 823
827 828
827 831
828 739
828 740
828 823
828 824
828 827
829 738
829 741
829 742
829 825
829 826
829 830
830 741
830 742
830 826
830 829
830 834
831 743
831 827
831 832
831 835
832 743
832 744
832 831
832 835
832 836
833 745
833 746
833 834
833 837
833 838
834 746
834 830
834 833
834 838
835 747
835 831
835 832
835 836
835 839
836 748
836 832
836 835
836 839
836 840
837 750
837 833
837 838
837 841
837 842
838 750
838 833
838 834
838 837
838 842
839 747
839 748
839 751
839 752
839 835
839 836
839 840
840 752
840 836
840 839
840 843
841 753
841 754
841 837
841 842
841 846
842 753
842 754
842 837
842 838
842 841
843 755
843 840
843 844
843 847
844 756
844 843
844 847
844 848
845 757
845 846
845 851
845 852
846 758
846 841
846 845
846 852
847 756
847 759
847 843
847 844
847 848
848 844
848 847
848 849
848 853
849 761
849 848
849 853
849 854
850 762
850 770
850 851
850 857
850 858
851 845
851 850
851 852
851 858
852 764
852 845
852 846
852 851
853 761
853 848
853 849
853 854
854 849
854 853
854 855
854 859
855 767
855 854
855 859
855 860
856 768
856 857
856 867
856 868
857 850
857 856
857 858
857 868
858 762
858 850
858 851
858 857
859 771
859 854
859 855
859 860
860 772
860 855
860 859
860 861
861 773
861 860
861 862
861 869
862 774
862 861
862 863
862 869
862 870
863 774
863 775
863 783
863 862
863 870
863 871
864 776
864 777
864 784
864 785
864 865
864 872
864 873
865 777
865 864
865 866
865 873
865 874
866 778
866 865
866 867
866 874
867 779
867 856
867 866
867 868
868 768
868 780
868 856
868 857
868 867
869 781
869 782
869 861
869 862
869 870
870 862
870 863
870 869
870 871
871 783
871 863
871 870
871 872
872 776
872 784
872 864
872 871
872 873
873 864
873 865
873 872
873 874
874 778
874 786
874 865
874 866
874 873
875 147
875 148
875 227
875 876
876 148
876 227
876 228
876 875
876 883
877 152
877 153
877 158
877 231
877 878
878 153
878 231
878 877
878 886
879 157
879 158
879 235
879 880
879 882
880 158
880 879
880 882
880 891
881 162
881 241
881 882
881 896
882 879
882 880
882 881
882 897
883 148
883 227
883 228
883 876
883 884
884 883
884 885
884 886
884 887
885 884
885 887
885 888
885 902
886 232
886 310
886 878
886 884
886 887
887 884
887 885
887 886
887 888
888 885
888 887
888 889
888 902
889 888
889 890
889 902
889 903
890 889
890 894
890 895
890 903
890 904
890 910
891 236
891 314
891 880
891 892
891 897
892 891
892 893
892 898
892 907
893 892
893 899
893 907
893 908
894 890
894 895
894 900
894 909
895 890
895 894
895 901
895 909
895 910
896 241
896 242
896 881
896 897
897 242
897 882
897 891
897 896
897 898
898 892
898 897
898 899
898 907
899 893
899 898
899 900
899 913
900 894
900 899
900 901
900 913
900 914
900 918
901 895
901 900
901 914
901 915
901 918
902 885
902 888
902 889
902 903
902 907
902 908
903 889
903 890
903 902
903 904
903 909
904 890
904 903
904 910
904 921
905 906
905 911
905 921
905 922
905 923
906 905
906 911
906 912
906 923
906 925
906 980
907 892
907 893
907 898
907 902
907 908
908 893
908 902
908 907
908 913
909 894
909 895
909 903
909 910
910 890
910 895
910 904
910 909
910 924
911 905
911 906
911 912
911 925
912 906
912 911
912 917
912 923
912 925
912 928
912 983
913 899
913 900
913 908
913 914
914 900
914 901
914 913
914 915
914 918
915 901
915 914
915 918
915 919
915 926
916 917
916 920
916 927
916 928
917 912
917 916
917 925
917 928
917 986
918 900
918 901
918 914
918 915
918 919
919 915
919 918
919 920
919 926
919 929
920 916
920 919
920 929
920 930
920 987
921 904
921 905
921 922
921 924
921 978
922 905
922 921
922 978
922 979
923 905
923 906
923 912
923 925
923 980
923 983
924 910
924 921
924 978
924 981
925 906
925 911
925 912
925 917
925 923
925 983
926 915
926 919
926 929
926 984
927 916
927 928
927 930
927 986
927 988
927 989
928 912
928 916
928 917
928 927
928 986
929 919
929 920
929 926
929 930
929 987
930 920
930 927
930 929
930 985
930 987
930 988
931 932
931 934
931 935
931 947
931 948
931 1000
932 931
932 948
932 1000
932 1001
932 1012
933 936
933 1001
933 1002
933 1012
934 931
934 935
934 1003
934 1004
935 931
935 934
935 1000
935 1001
935 1003
935 1004
936 933
936 954
936 1002
936 1005
936 1013
936 1014
937 940
937 962
937 1006
937 1009
938 941
938 942
938 959
938 1010
938 1011
938 1015
938 1017
939 960
939 1008
939 1015
939 1016
940 937
940 941
940 962
940 963
940 1006
940 1009
940 1017
941 938
941 940
941 963
941 1007
941 1009
941 1010
941 1017
942 938
942 1008
942 1010
942 1011
942 1017
943 654
943 658
943 742
943 944
943 964
943 965
944 657
944 658
944 943
944 945
944 964
944 966
945 944
945 946
945 950
945 964
945 965
945 967
945 968
946 945
946 947
946 968
946 969
947 931
947 946
947 952
947 969
948 931
948 932
948 953
948 1012
949 661
949 662
949 950
949 955
950 945
950 949
950 951
950 956
950 971
951 950
951 972
951 973
951 977
952 947
952 969
952 973
952 977
953 948
953 954
953 960
953 1013
953 1014
954 936
954 953
954 960
954 1005
954 1013
954 1014
954 1016
955 665
955 666
955 754
955 949
955 974
955 975
956 950
956 957
956 975
956 976
957 956
957 958
957 961
957 976
957 977
958 957
958 961
958 962
958 977
959 938
959 960
959 963
959 1015
960 939
960 953
960 954
960 959
960 1013
960 1014
960 1015
960 1016
961 957
961 958
961 962
961 976
962 937
962 940
962 958
962 961
962 963
963 940
963 941
963 959
963 962
963 1009
963 1017
964 943
964 944
964 945
964 965
964 967
965 943
965 945
965 964
965 966
965 967
966 746
966 944
966 965
966 967
967 945
967 964
967 965
967 966
967 968
967 971
968 945
968 946
968 967
968 969
969 946
969 947
969 952
969 968
969 972
969 973
970 749
970 750
970 971
970 974
971 950
971 967
971 970
971 975
972 951
972 969
972 973
972 976
972 977
973 951
973 952
973 969
973 972
973 977
974 754
974 955
974 970
974 975
975 955
975 956
975 971
975 974
975 976
976 956
976 957
976 961
976 972
976 975
976 977
977 951
977 952
977 957
977 958
977 972
977 973
977 976
978 921
978 922
978 924
978 979
978 981
978 982
979 922
979 978
979 980
979 982
979 990
980 906
980 923
980 979
980 983
980 991
981 924
981 978
981 982
981 992
982 978
982 979
982 981
982 992
982 993
983 912
983 923
983 925
983 980
983 994
984 926
984 985
984 987
984 995
985 930
985 984
985 987
985 988
985 995
985 998
986 917
986 927
986 928
986 989
986 997
987 920
987 929
987 930
987 984
987 985
987 988
988 927
988 930
988 985
988 987
988 989
988 998
989 927
989 986
989 988
989 999
990 979
990 991
990 993
990 1001
991 980
991 990
991 994
991 1002
992 981
992 982
992 993
992 995
992 996
993 982
993 990
993 992
993 1004
994 983
994 991
994 997
994 1005
995 984
995 985
995 992
995 996
996 992
996 995
996 998
996 1006
997 986
997 994
997 999
997 1008
998 985
998 988
998 996
998 999
999 989
999 997
999 998
999 1011
1000 931
1000 932
1000 935
1000 1001
1000 1003
1000 1004
1001 932
1001 933
1001 935
1001 990
1001 1000
1001 1012
1002 933
1002 936
1002 991
1002 1005
1002 1012
1003 934
1003 935
1003 1000
1003 1004
1004 934
1004 935
1004 993
1004 1000
1004 1003
1005 936
1005 954
1005 994
1005 1002
1005 1014
1006 937
1006 940
1006 996
1006 1007
1006 1009
1007 941
1007 1006
1007 1009
1007 1010
1007 1017
1008 939
1008 942
1008 997
1008 1011
1008 1016
1009 937
1009 940
1009 941
1009 963
1009 1006
1009 1007
1009 1017
1010 938
1010 941
1010 942
1010 1007
1010 1011
1010 1017
1011 938
1011 942
1011 999
1011 1008
1011 1010
1012 932
1012 933
1012 948
1012 1001
1012 1002
1013 936
1013 953
1013 954
1013 960
1013 1014
1014 936
1014 953
1014 954
1014 960
1014 1005
1014 1013
1014 1016
1015 938
1015 939
1015 959
1015 960
1015 1016
1016 939
1016 954
1016 960
1016 1008
1016 1014
1016 1015
1017 938
1017 940
1017 941
1017 942
1017 963
1017 1007
1017 1009
1017 1010
