0 1
0 7
0 8
0 75
0 76
0 105
1 0
1 7
1 8
1 75
1 76
1 106
2 3
2 32
2 100
2 101
3 2
3 4
3 6
3 33
3 36
3 101
3 102
4 3
4 6
4 34
4 102
5 35
5 103
5 104
5 427
6 3
6 4
6 33
6 34
6 36
6 102
7 0
7 1
7 8
7 105
8 0
8 1
8 7
8 9
8 106
9 8
9 39
9 77
9 106
9 107
9 239
10 11
10 40
10 78
10 108
11 10
11 12
11 41
11 108
11 109
11 110
12 11
12 13
12 42
12 110
13 12
13 14
13 43
13 81
13 111
14 13
14 15
14 44
14 82
14 112
15 14
15 45
15 113
15 181
16 17
16 46
16 114
16 115
17 16
17 18
17 47
17 115
18 17
18 19
18 48
18 116
18 141
19 18
19 20
19 49
19 87
19 116
19 117
20 19
20 21
20 50
20 88
20 118
21 20
21 22
21 51
21 89
21 119
22 21
22 23
22 52
22 74
22 90
22 120
23 22
23 24
23 53
23 74
23 91
23 121
24 23
24 25
24 54
24 92
24 122
25 24
25 55
25 93
25 123
26 27
26 56
26 57
26 94
26 124
27 26
27 28
27 57
27 95
27 125
28 27
28 29
28 58
28 126
29 28
29 59
29 97
29 127
30 31
30 60
30 98
30 128
31 30
31 32
31 61
31 99
32 2
32 31
32 62
32 66
33 3
33 6
33 34
33 36
34 4
34 6
34 33
34 35
34 36
35 5
35 34
35 420
35 430
36 3
36 6
36 33
36 34
37 38
37 67
37 68
37 132
38 37
38 39
38 67
38 68
39 9
39 38
39 69
39 70
40 10
40 41
40 70
40 133
40 240
41 11
41 40
41 42
41 133
41 134
42 12
42 41
42 43
42 134
42 162
42 347
43 13
43 42
43 44
43 136
43 163
44 14
44 43
44 45
44 137
44 164
45 15
45 44
45 46
45 138
45 165
46 16
46 45
46 47
46 139
46 166
47 17
47 46
47 48
47 140
47 167
48 18
48 47
48 49
48 141
48 168
49 19
49 48
49 50
49 142
49 169
50 20
50 49
50 51
50 143
50 170
51 21
51 50
51 52
51 119
51 143
51 144
52 22
52 51
52 53
52 74
52 145
53 23
53 52
53 54
53 146
53 294
54 24
54 53
54 55
54 147
55 25
55 54
55 123
55 148
56 26
56 57
56 124
56 149
57 26
57 27
57 56
57 58
57 150
58 28
58 57
58 59
58 151
59 29
59 58
59 60
59 127
59 152
60 30
60 59
60 61
60 153
61 31
61 60
61 62
61 154
62 32
62 61
62 63
62 66
62 155
63 62
63 64
63 66
63 71
63 156
64 63
64 65
64 71
64 72
64 73
65 64
65 73
65 180
65 432
65 434
66 32
66 62
66 63
66 156
67 37
67 38
67 68
67 132
67 157
67 158
68 37
68 38
68 67
68 69
68 157
68 158
69 39
69 68
69 70
69 159
70 39
70 40
70 69
70 133
70 159
70 160
71 63
71 64
71 72
71 156
71 178
71 179
72 64
72 71
72 73
72 179
73 64
73 65
73 72
73 180
74 22
74 23
74 52
74 145
75 0
75 1
75 76
75 105
76 0
76 1
76 75
76 77
76 106
76 107
77 9
77 76
77 78
77 106
77 107
78 10
78 77
78 79
78 108
79 78
79 108
79 109
79 186
80 81
80 110
80 111
80 187
81 13
81 80
81 111
81 188
82 14
82 83
82 112
82 189
83 82
83 84
83 113
83 181
83 190
84 83
84 85
84 114
84 191
85 84
85 86
85 115
85 192
86 85
86 87
86 116
86 193
87 19
87 86
87 88
87 116
87 117
87 194
88 20
88 87
88 89
88 195
89 21
89 88
89 90
89 196
90 22
90 89
90 91
90 197
91 23
91 90
91 92
91 198
92 24
92 91
92 122
92 199
93 25
93 94
93 123
93 200
94 26
94 93
94 124
94 201
95 27
95 96
95 125
95 202
96 95
96 97
96 126
96 203
97 29
97 96
97 98
97 127
97 204
98 30
98 97
98 99
98 128
98 205
99 31
99 98
99 100
99 129
99 206
100 2
100 99
100 101
100 207
101 2
101 3
101 100
101 208
102 3
102 4
102 6
102 103
103 5
103 102
103 104
103 437
104 5
104 103
104 427
104 437
104 438
105 0
105 7
105 75
105 132
106 1
106 8
106 9
106 76
106 77
106 107
107 9
107 76
107 77
107 106
108 10
108 11
108 78
108 79
108 109
109 11
109 79
109 108
109 110
110 11
110 12
110 80
110 109
111 13
111 80
111 81
111 112
112 14
112 82
112 111
112 113
112 181
113 15
113 83
113 112
113 114
113 181
114 16
114 84
114 113
114 115
115 16
115 17
115 85
115 114
116 18
116 19
116 86
116 87
117 19
117 87
117 118
117 142
118 20
118 117
118 119
118 142
119 21
119 51
119 118
119 120
120 22
120 119
120 121
120 294
121 23
121 120
121 122
121 294
122 24
122 92
122 121
122 123
122 294
123 25
123 55
123 93
123 122
123 124
123 228
124 26
124 56
124 94
124 123
124 125
124 149
124 201
124 229
124 256
125 27
125 95
125 124
125 126
125 150
125 202
125 230
125 257
126 28
126 96
126 125
126 127
126 151
126 203
126 231
126 258
127 29
127 59
127 97
127 126
127 128
127 152
127 204
127 232
127 259
128 30
128 98
128 127
128 129
128 153
128 233
128 260
129 99
129 128
129 130
129 154
129 234
129 261
130 129
130 131
130 235
130 262
131 130
131 208
131 236
131 263
132 37
132 67
132 105
132 237
132 238
133 40
133 41
133 70
133 134
133 160
133 161
134 41
134 42
134 133
134 161
134 162
135 136
135 241
135 242
135 347
136 43
136 135
136 137
136 347
137 44
137 136
137 138
137 164
138 45
138 137
138 139
138 165
139 46
139 138
139 140
139 166
140 47
140 139
140 141
140 167
141 18
141 48
141 140
141 142
142 49
142 117
142 118
142 141
143 50
143 51
143 144
143 170
144 51
144 143
144 145
144 171
145 52
145 74
145 144
145 172
146 53
146 147
146 173
146 174
146 294
147 54
147 146
147 148
147 174
147 283
148 55
148 147
148 175
148 176
148 284
149 56
149 124
149 150
149 176
150 57
150 125
150 149
150 151
151 58
151 126
151 150
151 152
151 258
152 59
152 127
152 151
152 259
153 60
153 128
153 154
153 260
154 61
154 129
154 153
154 155
154 261
155 62
155 154
155 177
155 285
156 63
156 66
156 71
156 177
156 178
157 67
157 68
157 158
157 266
158 67
158 68
158 157
158 159
159 69
159 70
159 158
159 160
159 239
160 70
160 133
160 159
160 161
160 240
161 133
161 134
161 160
161 162
161 270
162 42
162 134
162 161
162 163
162 271
162 347
163 43
163 162
163 164
163 272
164 44
164 137
164 163
164 165
164 273
165 45
165 138
165 164
165 166
165 274
166 46
166 139
166 165
166 167
166 275
167 47
167 140
167 166
167 168
167 276
168 48
168 167
168 169
168 277
169 49
169 168
169 170
169 278
170 50
170 143
170 169
170 171
170 279
171 144
171 170
171 172
171 280
172 145
172 171
172 173
172 281
173 146
173 172
173 174
173 282
174 146
174 147
174 173
174 283
174 284
175 148
175 176
175 255
175 284
176 148
176 149
176 175
176 256
176 284
177 155
177 156
177 178
177 285
177 286
178 71
178 156
178 177
178 285
178 286
179 71
179 72
179 180
179 287
179 288
180 65
180 73
180 179
180 443
181 15
181 83
181 112
181 113
182 183
182 211
182 289
182 290
183 182
183 184
183 289
183 290
184 183
184 185
184 212
184 297
185 184
185 186
185 212
185 213
186 79
186 185
186 213
186 214
186 215
187 80
187 188
187 215
187 216
187 300
188 81
188 187
188 189
188 216
188 301
189 82
189 188
189 190
189 217
190 83
190 189
190 191
190 218
191 84
191 190
191 192
191 219
192 85
192 191
192 193
192 220
193 86
193 192
193 194
193 221
193 306
194 87
194 193
194 195
194 221
194 222
194 307
195 88
195 194
195 196
195 223
196 89
196 195
196 197
196 224
197 90
197 196
197 198
197 225
198 91
198 197
198 225
198 226
198 311
199 92
199 200
199 227
199 312
200 93
200 199
200 201
200 228
201 94
201 124
201 200
201 229
202 95
202 125
202 203
202 230
203 96
203 126
203 202
203 231
204 97
204 127
204 205
204 232
205 98
205 204
205 206
205 233
206 99
206 205
206 207
206 234
207 100
207 206
207 208
207 235
208 101
208 131
208 207
208 236
208 291
209 210
209 291
209 292
209 318
210 209
210 292
210 293
210 446
211 182
211 237
211 238
211 289
211 295
212 184
212 185
212 213
212 297
212 298
213 185
213 186
213 212
213 298
214 186
214 215
214 299
214 300
215 186
215 187
215 214
215 300
216 187
216 188
216 217
216 301
217 189
217 216
217 218
217 301
217 302
218 190
218 217
218 219
218 303
219 191
219 218
219 220
219 304
220 192
220 219
220 304
220 305
221 193
221 194
221 222
221 306
222 194
222 221
222 223
222 306
222 307
223 195
223 222
223 224
223 308
224 196
224 223
224 225
224 308
224 309
225 197
225 198
225 224
225 226
225 310
225 311
226 198
226 225
226 310
226 311
227 199
227 312
227 313
227 336
228 123
228 200
228 229
228 313
228 337
229 124
229 201
229 228
229 256
230 125
230 202
230 231
230 257
231 126
231 203
231 230
231 232
232 127
232 204
232 231
232 233
233 128
233 205
233 232
233 234
234 129
234 206
234 233
234 235
235 130
235 207
235 234
235 314
235 338
236 131
236 208
236 291
236 314
236 315
237 132
237 211
237 238
237 319
238 132
238 211
238 237
238 239
239 9
239 159
239 238
239 240
240 40
240 160
240 239
240 241
241 135
241 240
241 242
241 347
242 135
242 241
242 271
242 347
243 244
243 272
243 325
243 326
244 243
244 245
244 273
244 326
245 244
245 246
245 274
245 327
246 245
246 247
246 275
246 328
247 246
247 248
247 276
247 329
248 247
248 249
248 277
248 330
249 248
249 278
249 330
249 331
250 251
250 279
250 332
250 333
251 250
251 252
251 280
251 333
252 251
252 253
252 281
252 282
252 334
252 335
253 252
253 282
253 334
253 335
254 255
254 283
254 336
254 337
255 175
255 254
255 256
255 284
255 313
255 337
256 124
256 176
256 229
256 255
256 257
257 125
257 230
257 256
257 258
258 126
258 151
258 257
258 259
259 127
259 152
259 258
259 260
260 128
260 153
260 259
260 261
261 129
261 154
261 260
261 262
262 130
262 261
262 263
262 285
262 286
262 338
263 131
263 262
263 286
263 338
263 339
264 265
264 287
264 288
264 340
264 342
265 264
265 287
265 288
265 341
265 464
266 157
266 267
266 343
266 344
267 266
267 268
267 343
267 344
268 267
268 269
268 345
268 346
269 268
269 270
269 322
269 345
269 346
270 161
270 269
270 271
270 323
271 162
271 242
271 270
271 272
271 324
272 163
272 243
272 271
272 273
273 164
273 244
273 272
273 274
274 165
274 245
274 273
274 275
275 166
275 246
275 274
275 276
276 167
276 247
276 275
276 277
277 168
277 248
277 276
277 278
277 330
278 169
278 249
278 277
278 279
279 170
279 250
279 278
279 280
280 171
280 251
280 279
280 281
281 172
281 252
281 280
281 282
282 173
282 252
282 253
282 281
283 147
283 174
283 254
283 284
284 148
284 174
284 175
284 176
284 255
284 283
285 155
285 177
285 178
285 262
285 286
286 177
286 178
286 262
286 263
286 285
287 179
287 264
287 265
287 288
288 179
288 264
288 265
288 287
289 182
289 183
289 211
289 290
289 295
289 296
290 182
290 183
290 289
290 295
290 296
291 208
291 209
291 236
291 292
291 315
292 209
292 210
292 291
292 316
292 318
293 210
293 317
293 457
293 458
293 461
293 462
294 53
294 120
294 121
294 122
294 146
295 211
295 289
295 290
295 296
295 319
296 289
296 290
296 295
296 297
296 320
297 184
297 212
297 296
297 298
297 321
298 212
298 213
298 297
298 299
298 322
299 214
299 298
299 300
299 323
300 187
300 214
300 215
300 299
300 324
301 188
301 216
301 217
301 302
301 325
302 217
302 301
302 303
302 326
303 218
303 302
303 304
303 327
304 219
304 220
304 303
304 305
304 328
305 220
305 304
305 306
305 329
306 193
306 221
306 222
306 305
306 307
306 330
307 194
307 222
307 306
307 331
308 223
308 224
308 309
308 332
309 224
309 308
309 310
309 333
310 225
310 226
310 309
310 311
310 334
310 335
311 198
311 225
311 226
311 310
311 335
312 199
312 227
312 313
312 336
312 337
313 227
313 228
313 255
313 312
313 336
313 337
314 235
314 236
314 315
314 338
314 339
315 236
315 291
315 314
315 338
315 339
316 292
316 318
316 340
316 342
317 293
317 318
317 341
317 461
317 462
318 209
318 292
318 316
318 317
318 340
318 342
319 237
319 295
319 320
319 343
319 344
320 296
320 319
320 321
320 344
321 297
321 320
321 322
321 345
322 269
322 298
322 321
322 323
322 346
323 270
323 299
323 322
323 324
324 271
324 300
324 323
324 325
325 243
325 301
325 324
325 326
326 243
326 244
326 302
326 325
326 327
327 245
327 303
327 326
327 328
328 246
328 304
328 327
328 329
329 247
329 305
329 328
329 330
330 248
330 249
330 277
330 306
330 329
330 331
331 249
331 307
331 330
331 332
332 250
332 308
332 331
332 333
333 250
333 251
333 309
333 332
333 334
334 252
334 253
334 310
334 333
334 335
335 252
335 253
335 310
335 311
335 334
336 227
336 254
336 312
336 313
336 337
337 228
337 254
337 255
337 312
337 313
337 336
338 235
338 262
338 263
338 314
338 315
338 339
339 263
339 314
339 315
339 338
340 264
340 316
340 318
340 342
341 265
341 317
341 464
341 465
342 264
342 316
342 318
342 340
343 266
343 267
343 319
343 344
344 266
344 267
344 319
344 320
344 343
345 268
345 269
345 321
345 346
346 268
346 269
346 322
346 345
347 42
347 135
347 136
347 162
347 241
347 242
348 349
348 352
348 353
348 354
349 348
349 350
349 354
349 355
350 349
350 351
350 356
350 357
351 350
351 356
351 358
351 359
352 348
352 353
352 354
352 360
353 348
353 352
353 355
353 360
353 361
354 348
354 349
354 352
354 355
354 356
355 349
355 353
355 354
355 363
356 350
356 351
356 354
356 357
356 358
357 350
357 356
357 358
357 359
357 365
358 351
358 356
358 357
358 359
358 366
359 351
359 357
359 358
359 366
359 367
360 352
360 353
360 361
360 362
360 368
361 353
361 360
361 363
361 369
362 360
362 363
362 364
362 370
363 355
363 361
363 362
363 365
363 371
364 362
364 365
364 366
364 372
365 357
365 363
365 364
365 367
366 358
366 359
366 364
366 367
366 374
367 359
367 365
367 366
367 375
368 360
368 369
368 370
368 376
369 361
369 368
369 371
369 377
370 362
370 368
370 371
370 372
370 378
371 363
371 369
371 370
371 373
371 379
372 364
372 370
372 373
372 374
372 381
373 371
373 372
373 375
373 382
374 366
374 372
374 375
374 384
375 367
375 373
375 374
375 385
376 368
376 377
376 378
376 387
377 369
377 376
377 379
377 388
377 389
378 370
378 376
378 381
378 390
379 371
379 377
379 380
379 382
379 391
380 379
380 382
380 383
380 391
380 393
381 372
381 378
381 384
381 392
382 373
382 379
382 380
382 383
382 385
382 386
383 380
383 382
383 386
383 393
384 374
384 381
384 385
384 394
385 375
385 382
385 384
385 386
385 395
386 382
386 383
386 385
386 393
386 395
386 396
387 376
387 388
387 390
387 397
388 377
388 387
388 389
388 398
389 377
389 388
389 391
389 399
390 378
390 387
390 392
390 400
391 379
391 380
391 389
391 393
391 401
392 381
392 390
392 394
392 402
393 380
393 383
393 386
393 391
393 396
393 403
394 384
394 392
394 395
394 404
395 385
395 386
395 394
395 396
395 405
396 386
396 393
396 395
396 406
397 387
397 398
397 400
397 407
398 388
398 397
398 399
398 408
399 389
399 398
399 401
399 409
400 390
400 397
400 402
400 410
401 391
401 399
401 403
401 411
402 392
402 400
402 404
402 412
403 393
403 401
403 406
403 413
404 394
404 402
404 405
404 414
405 395
405 404
405 406
405 415
406 396
406 403
406 405
406 416
407 397
407 408
407 410
407 417
408 398
408 407
408 409
408 418
409 399
409 408
409 411
409 419
410 400
410 407
410 412
410 420
411 401
411 409
411 413
411 421
412 402
412 410
412 414
412 422
413 403
413 411
413 416
413 423
414 404
414 412
414 415
414 424
415 405
415 414
415 416
415 425
416 406
416 413
416 415
416 425
416 426
417 407
417 418
417 420
417 427
418 408
418 417
418 419
418 428
419 409
419 418
419 421
419 429
420 35
420 410
420 417
420 422
420 430
421 411
421 419
421 423
421 431
422 412
422 420
422 424
422 432
423 413
423 421
423 426
423 433
424 414
424 422
424 432
424 434
425 415
425 416
425 426
425 435
426 416
426 423
426 425
426 435
426 436
427 5
427 104
427 417
427 430
428 418
428 429
428 439
428 440
429 419
429 428
429 431
429 440
430 35
430 420
430 427
430 432
431 421
431 429
431 433
431 441
432 65
432 422
432 424
432 430
432 434
433 423
433 431
433 436
433 442
434 65
434 424
434 432
434 443
435 425
435 426
435 436
435 444
436 426
436 433
436 435
436 444
436 445
437 103
437 104
437 438
437 446
438 104
438 437
438 439
438 446
438 448
439 428
439 438
439 440
439 448
440 428
440 429
440 439
440 441
440 449
441 431
441 440
441 442
441 450
442 433
442 441
442 445
442 450
442 452
443 180
443 434
443 451
443 453
443 454
444 435
444 436
444 445
444 455
445 436
445 442
445 444
445 455
445 456
446 210
446 437
446 438
446 447
446 457
447 446
447 448
447 457
447 458
448 438
448 439
448 447
448 449
448 459
449 440
449 448
449 450
449 460
450 441
450 442
450 449
450 452
450 463
451 443
451 453
451 454
451 464
452 442
452 450
452 456
452 466
452 470
453 443
453 451
453 454
453 464
453 467
454 443
454 451
454 453
454 464
454 467
454 468
455 444
455 445
455 456
455 469
456 445
456 452
456 455
456 470
457 293
457 446
457 447
457 458
457 461
458 293
458 447
458 457
458 459
458 461
458 471
459 448
459 458
459 460
459 472
460 449
460 459
460 463
460 473
461 293
461 317
461 457
461 458
461 462
462 293
462 317
462 461
462 465
462 474
463 450
463 460
463 466
463 475
464 265
464 341
464 451
464 453
464 454
464 465
464 467
464 468
465 341
465 462
465 464
465 467
465 468
465 476
466 452
466 463
466 470
466 477
467 453
467 454
467 464
467 465
467 468
468 454
468 464
468 465
468 467
468 469
468 478
469 455
469 468
469 470
469 479
470 452
470 456
470 466
470 469
471 458
471 472
471 474
471 481
472 459
472 471
472 473
472 482
473 460
473 472
473 475
473 483
474 462
474 471
474 476
474 484
475 463
475 473
475 477
475 485
476 465
476 474
476 478
476 486
477 466
477 475
477 480
477 487
478 468
478 476
478 479
478 488
479 469
479 478
479 480
479 489
480 477
480 479
480 487
480 490
481 471
481 482
481 484
481 491
482 472
482 481
482 483
482 492
482 493
483 473
483 482
483 485
483 492
483 493
483 495
484 474
484 481
484 486
484 494
485 475
485 483
485 487
485 495
486 476
486 484
486 488
486 496
487 477
487 480
487 485
487 490
487 497
487 500
488 478
488 486
488 489
488 496
488 498
489 479
489 488
489 490
489 499
489 500
490 480
490 487
490 489
490 497
490 500
491 481
491 492
491 494
491 502
492 482
492 483
492 491
492 493
493 482
493 483
493 492
493 495
494 484
494 491
494 496
494 506
495 483
495 485
495 493
495 497
496 486
496 488
496 494
496 498
496 527
497 487
497 490
497 495
497 500
498 488
498 496
498 499
498 512
498 527
499 489
499 498
499 500
499 513
500 487
500 489
500 490
500 497
500 499
501 502
501 505
501 515
501 516
502 491
502 501
502 503
502 515
502 516
502 517
503 502
503 504
503 517
503 518
504 503
504 507
504 517
504 518
505 501
505 506
505 515
505 519
505 520
506 494
506 505
506 515
506 519
507 504
507 510
507 518
507 522
508 509
508 511
508 523
508 524
509 508
509 511
509 523
509 527
510 507
510 514
510 526
510 530
511 508
511 509
511 512
511 523
511 528
512 498
512 511
512 513
512 527
512 528
513 499
513 512
513 514
513 525
513 529
513 530
514 510
514 513
514 526
514 530
515 501
515 502
515 505
515 506
515 516
515 519
516 501
516 502
516 515
516 517
517 502
517 503
517 504
517 516
517 518
517 521
518 503
518 504
518 507
518 517
518 522
519 505
519 506
519 515
519 520
520 505
520 519
520 521
520 524
521 517
521 520
521 522
521 525
522 507
522 518
522 521
522 526
523 508
523 509
523 511
523 524
524 508
524 520
524 523
524 525
524 528
525 513
525 521
525 524
525 526
525 529
526 510
526 514
526 522
526 525
526 530
527 496
527 498
527 509
527 512
528 511
528 512
528 524
528 529
529 513
529 525
529 528
529 530
530 510
530 513
530 514
530 526
530 529
