0 1
0 4
0 18
0 26
1 0
1 2
1 5
1 19
2 1
2 3
2 6
2 20
3 2
3 7
3 20
3 21
4 0
4 5
4 8
4 26
5 1
5 4
5 6
5 9
6 2
6 5
6 7
6 10
7 3
7 6
7 11
7 27
8 4
8 9
8 12
8 32
9 5
9 8
9 10
9 13
10 6
10 9
10 11
10 14
11 7
11 10
11 15
11 33
12 8
12 13
12 32
12 37
13 9
13 12
13 14
13 38
14 10
14 13
14 15
14 39
15 11
15 14
15 33
15 39
15 40
16 17
16 24
16 49
16 50
16 64
17 16
17 18
17 25
17 50
17 51
18 0
18 17
18 19
18 25
18 26
18 51
19 1
19 18
19 20
19 52
20 2
20 3
20 19
20 21
20 53
21 3
21 20
21 22
21 27
21 28
21 54
22 21
22 27
22 28
22 54
22 55
23 24
23 29
23 63
23 64
24 16
24 23
24 49
24 64
25 17
25 18
25 26
25 31
26 0
26 4
26 18
26 25
27 7
27 21
27 22
27 28
28 21
28 22
28 27
28 65
29 23
29 30
29 74
29 75
30 29
30 35
30 75
30 85
31 25
31 32
31 36
31 37
32 8
32 12
32 31
32 36
32 37
33 11
33 15
33 34
33 40
33 41
34 33
34 40
34 41
34 76
35 30
35 75
35 85
35 86
36 31
36 32
36 37
36 86
36 87
37 12
37 31
37 32
37 36
37 38
37 87
38 13
38 37
38 39
38 88
39 14
39 15
39 38
39 40
39 89
40 15
40 33
40 34
40 39
40 41
40 90
41 33
41 34
41 40
41 90
41 91
42 43
42 57
42 58
42 96
42 97
42 115
43 42
43 44
43 58
43 97
43 98
44 43
44 45
44 59
44 98
44 99
45 44
45 46
45 60
45 99
46 45
46 47
46 61
46 100
47 46
47 48
47 62
47 101
48 47
48 49
48 63
48 64
48 102
49 16
49 24
49 48
49 50
49 64
49 103
50 16
50 17
50 49
50 51
50 104
51 17
51 18
51 50
51 52
51 105
52 19
52 51
52 53
52 106
53 20
53 52
53 54
53 107
54 21
54 22
54 53
54 55
54 108
55 22
55 54
55 65
55 116
56 57
56 67
56 114
56 115
56 121
57 42
57 56
57 58
57 96
57 115
58 42
58 43
58 57
58 59
59 44
59 58
59 60
59 70
60 45
60 59
60 61
60 71
61 46
61 60
61 62
61 72
62 47
62 61
62 63
62 73
63 23
63 48
63 62
63 64
64 16
64 23
64 24
64 48
64 49
64 63
65 28
65 55
65 66
65 116
66 65
66 77
66 116
66 117
67 56
67 68
67 114
67 121
67 122
68 67
68 69
68 78
68 122
68 129
69 68
69 70
69 78
69 79
69 130
70 59
70 69
70 71
70 80
70 131
71 60
71 70
71 72
71 81
72 61
72 71
72 73
72 82
73 62
73 72
73 74
73 83
74 29
74 73
74 75
74 84
75 29
75 30
75 35
75 74
75 84
75 85
76 34
76 77
76 91
76 123
77 66
77 76
77 123
77 124
78 68
78 69
78 79
78 122
78 129
78 130
79 69
79 78
79 80
79 130
79 131
80 70
80 79
80 81
80 131
80 132
81 71
81 80
81 82
81 132
82 72
82 81
82 83
82 133
83 73
83 82
83 84
83 134
84 74
84 75
84 83
84 135
85 30
85 35
85 75
85 86
85 136
86 35
86 36
86 85
86 87
86 137
87 36
87 37
87 86
87 88
87 138
88 38
88 87
88 89
88 139
89 39
89 88
89 90
89 140
90 40
90 41
90 89
90 91
90 141
91 41
91 76
91 90
91 123
92 93
92 111
92 112
92 148
92 149
92 171
93 92
93 94
93 112
93 149
93 150
94 93
94 95
94 113
94 150
95 94
95 114
95 115
95 151
96 42
96 57
96 97
96 115
96 152
97 42
97 43
97 96
97 98
97 153
98 43
98 44
98 97
98 99
98 154
99 44
99 45
99 98
99 100
99 155
100 46
100 99
100 101
100 156
101 47
101 100
101 102
101 157
102 48
102 101
102 103
102 158
103 49
103 102
103 104
103 159
104 50
104 103
104 105
104 160
105 51
105 104
105 106
105 161
106 52
106 105
106 107
106 162
107 53
107 106
107 108
107 163
108 54
108 107
108 109
108 164
109 108
109 110
109 116
109 117
109 166
110 109
110 116
110 117
110 166
111 92
111 112
111 148
111 171
112 92
112 93
112 111
112 113
112 149
113 94
113 112
113 114
113 120
114 56
114 67
114 95
114 113
114 115
115 42
115 56
115 57
115 95
115 96
115 114
116 55
116 65
116 66
116 109
116 110
116 117
117 66
117 109
117 110
117 116
117 173
118 119
118 125
118 178
118 185
119 118
119 120
119 125
119 126
120 113
120 119
120 121
120 127
121 56
121 67
121 120
121 122
121 128
122 67
122 68
122 78
122 121
122 128
122 129
123 76
123 77
123 91
123 124
123 142
123 143
124 77
124 123
124 142
124 143
124 180
125 118
125 119
125 126
125 178
125 185
125 186
126 119
126 125
126 127
126 186
126 187
127 120
127 126
127 128
127 187
128 121
128 122
128 127
128 188
129 68
129 78
129 122
129 130
129 189
130 69
130 78
130 79
130 129
130 131
130 190
131 70
131 79
131 80
131 130
131 132
131 191
132 80
132 81
132 131
132 133
132 192
133 82
133 132
133 134
133 193
134 83
134 133
134 135
134 194
135 84
135 134
135 136
135 195
136 85
136 135
136 137
136 196
137 86
137 136
137 138
137 197
138 87
138 137
138 139
138 198
139 88
139 138
139 140
139 199
140 89
140 139
140 141
140 200
141 90
141 140
141 142
141 201
142 123
142 124
142 141
142 143
142 203
143 123
143 124
143 142
143 203
144 145
144 167
144 168
144 204
144 441
144 461
145 144
145 146
145 168
145 205
145 441
146 145
146 147
146 169
146 205
147 146
147 148
147 170
147 206
148 92
148 111
148 147
148 171
148 206
148 207
149 92
149 93
149 112
149 150
149 207
150 93
150 94
150 149
150 151
150 210
151 95
151 150
151 152
151 211
152 96
152 151
152 153
152 212
153 97
153 152
153 154
153 213
154 98
154 153
154 155
154 214
155 99
155 154
155 156
155 215
156 100
156 155
156 157
156 216
157 101
157 156
157 158
157 217
158 102
158 157
158 159
158 218
159 103
159 158
159 160
159 219
160 104
160 159
160 161
160 220
161 105
161 160
161 162
161 221
162 106
162 161
162 163
162 222
163 107
163 162
163 164
163 223
164 108
164 163
164 224
164 225
165 166
165 172
165 173
165 225
166 109
166 110
166 165
166 172
166 173
167 144
167 168
167 226
167 441
167 461
168 144
168 145
168 167
168 169
168 205
169 146
169 168
169 170
169 176
170 147
170 169
170 171
170 177
171 92
171 111
171 148
171 170
172 165
172 166
172 173
172 225
172 228
173 117
173 165
173 166
173 172
173 180
174 175
174 181
174 229
174 232
175 174
175 176
175 181
175 182
176 169
176 175
176 177
176 183
177 170
177 176
177 178
177 184
178 118
178 125
178 177
178 185
179 180
179 202
179 203
179 231
180 124
180 173
180 179
180 202
180 203
181 174
181 175
181 182
181 229
181 232
182 175
182 181
182 183
182 232
182 233
183 176
183 182
183 184
183 234
184 177
184 183
184 185
184 235
185 118
185 125
185 178
185 184
185 186
185 236
186 125
186 126
186 185
186 187
186 237
187 126
187 127
187 186
187 188
187 238
188 128
188 187
188 189
188 239
189 129
189 188
189 190
189 240
190 130
190 189
190 191
190 241
191 131
191 190
191 192
191 242
192 132
192 191
192 193
192 243
193 133
193 192
193 194
193 244
194 134
194 193
194 195
194 245
195 135
195 194
195 196
195 246
196 136
196 195
196 197
196 247
197 137
197 196
197 198
197 248
198 138
198 197
198 199
198 249
199 139
199 198
199 200
199 250
200 140
200 199
200 201
200 251
201 141
201 200
201 252
201 253
202 179
202 180
202 203
202 253
203 142
203 143
203 179
203 180
203 202
204 144
204 205
204 226
204 441
204 494
205 145
205 146
205 168
205 204
205 255
206 147
206 148
206 207
206 208
207 148
207 149
207 206
207 208
207 209
208 206
208 207
208 209
208 256
208 258
209 207
209 208
209 210
209 259
210 150
210 209
210 211
210 260
211 151
211 210
211 212
211 261
212 152
212 211
212 213
212 262
213 153
213 212
213 214
213 263
214 154
214 213
214 215
214 264
215 155
215 214
215 216
215 265
216 156
216 215
216 217
216 266
217 157
217 216
217 218
217 267
218 158
218 217
218 219
218 268
219 159
219 218
219 220
219 269
220 160
220 219
220 221
220 270
221 161
221 220
221 222
221 271
222 162
222 221
222 223
222 272
222 273
223 163
223 222
223 224
223 273
223 274
223 280
224 164
224 223
224 225
224 227
224 274
225 164
225 165
225 172
225 224
225 228
226 167
226 204
226 275
226 441
226 493
226 494
227 224
227 228
227 274
227 281
228 172
228 225
228 227
228 231
229 174
229 181
229 232
229 282
230 231
230 252
230 253
230 288
230 309
231 179
231 228
231 230
231 253
232 174
232 181
232 182
232 229
232 233
232 289
233 182
233 232
233 234
233 290
234 183
234 233
234 235
234 291
235 184
235 234
235 236
235 292
236 185
236 235
236 237
236 293
237 186
237 236
237 238
237 294
238 187
238 237
238 239
238 295
239 188
239 238
239 240
239 296
240 189
240 239
240 241
240 297
241 190
241 240
241 242
241 298
242 191
242 241
242 243
242 299
243 192
243 242
243 244
243 300
244 193
244 243
244 245
244 301
245 194
245 244
245 246
245 302
246 195
246 245
246 247
246 303
247 196
247 246
247 248
247 304
248 197
248 247
248 249
248 305
249 198
249 248
249 250
249 306
250 199
250 249
250 251
250 307
250 308
251 200
251 250
251 252
251 287
251 308
251 309
252 201
252 230
252 251
252 253
252 309
253 201
253 202
253 230
253 231
253 252
254 255
254 275
254 310
254 531
255 205
255 254
255 310
255 311
256 208
256 257
256 258
256 313
257 256
257 258
257 312
257 313
258 208
258 256
258 257
258 259
258 314
259 209
259 258
259 260
259 315
260 210
260 259
260 261
260 316
261 211
261 260
261 262
261 317
262 212
262 261
262 263
262 318
263 213
263 262
263 264
263 319
264 214
264 263
264 265
264 320
265 215
265 264
265 266
265 321
266 216
266 265
266 267
266 322
266 333
267 217
267 266
267 268
267 323
267 334
268 218
268 267
268 269
268 324
268 335
269 219
269 268
269 270
269 276
269 336
270 220
270 269
270 271
270 276
270 277
271 221
271 270
271 272
271 278
272 222
272 271
272 273
272 279
273 222
273 223
273 272
273 274
273 280
274 223
274 224
274 227
274 273
274 280
274 281
275 226
275 254
275 325
275 531
276 269
276 270
276 277
276 336
277 270
277 276
277 278
277 284
278 271
278 277
278 279
278 285
279 272
279 278
279 280
279 286
280 223
280 273
280 274
280 279
280 281
281 227
281 274
281 280
281 288
282 229
282 289
282 337
282 349
283 284
283 304
283 305
283 348
284 277
284 283
284 285
284 305
285 278
285 284
285 286
285 306
286 279
286 285
286 287
286 307
287 251
287 286
287 288
287 308
287 309
288 230
288 281
288 287
288 309
289 232
289 282
289 290
289 349
290 233
290 289
290 291
290 350
291 234
291 290
291 292
291 351
292 235
292 291
292 293
292 352
293 236
293 292
293 294
293 353
294 237
294 293
294 295
294 354
295 238
295 294
295 296
295 355
296 239
296 295
296 297
296 356
297 240
297 296
297 298
297 357
298 241
298 297
298 299
298 358
299 242
299 298
299 300
299 359
300 243
300 299
300 301
300 360
301 244
301 300
301 302
301 345
301 361
302 245
302 301
302 303
302 346
302 362
302 363
303 246
303 302
303 304
303 347
303 363
304 247
304 283
304 303
304 305
304 348
305 248
305 283
305 284
305 304
305 306
306 249
306 285
306 305
306 307
307 250
307 286
307 306
307 308
308 250
308 251
308 287
308 307
308 309
309 230
309 251
309 252
309 287
309 288
309 308
310 254
310 255
310 311
310 325
310 364
311 255
311 310
311 312
311 365
312 257
312 311
312 313
312 366
312 372
313 256
313 257
313 312
313 314
313 367
313 368
313 373
314 258
314 313
314 315
314 368
314 369
314 374
315 259
315 314
315 316
315 326
315 369
315 375
316 260
316 315
316 317
316 326
316 327
317 261
317 316
317 318
317 328
318 262
318 317
318 319
318 329
319 263
319 318
319 320
319 330
320 264
320 319
320 321
320 331
321 265
321 320
321 322
321 332
322 266
322 321
322 323
322 333
323 267
323 322
323 324
323 334
324 268
324 323
324 335
324 336
325 275
325 310
325 337
325 370
326 315
326 316
326 327
326 369
326 375
326 376
327 316
327 326
327 328
327 376
327 383
328 317
328 327
328 329
328 340
329 318
329 328
329 330
329 341
330 319
330 329
330 331
330 342
331 320
331 330
331 332
331 343
332 321
332 331
332 333
332 344
333 266
333 322
333 332
333 334
334 267
334 323
334 333
334 335
335 268
335 324
335 334
335 336
335 347
336 269
336 276
336 324
336 335
336 348
337 282
337 325
337 349
337 377
337 384
338 339
338 354
338 355
338 382
338 383
338 389
339 338
339 340
339 355
339 376
339 383
340 328
340 339
340 341
340 356
341 329
341 340
341 342
341 357
342 330
342 341
342 343
342 358
343 331
343 342
343 344
343 359
344 332
344 343
344 345
344 360
345 301
345 344
345 346
345 361
346 302
346 345
346 347
346 362
347 303
347 335
347 346
347 348
347 363
348 283
348 304
348 336
348 347
349 282
349 289
349 337
349 350
349 384
350 290
350 349
350 351
350 385
351 291
351 350
351 352
351 379
351 386
352 292
352 351
352 353
352 380
352 387
352 388
353 293
353 352
353 354
353 381
353 388
353 389
354 294
354 338
354 353
354 355
354 382
354 389
355 295
355 338
355 339
355 354
355 356
356 296
356 340
356 355
356 357
357 297
357 341
357 356
357 358
358 298
358 342
358 357
358 359
359 299
359 343
359 358
359 360
360 300
360 344
360 359
360 361
361 301
361 345
361 360
361 362
362 302
362 346
362 361
362 363
363 302
363 303
363 347
363 362
364 310
364 365
364 370
364 371
364 655
365 311
365 364
365 366
365 370
365 371
366 312
366 365
366 367
366 372
367 313
367 366
367 368
367 373
368 313
368 314
368 367
368 369
368 374
369 314
369 315
369 326
369 368
369 374
369 375
370 325
370 364
370 365
370 371
370 655
371 364
371 365
371 370
371 372
371 655
372 312
372 366
372 371
372 373
372 379
373 313
373 367
373 372
373 374
374 314
374 368
374 369
374 373
374 375
375 315
375 326
375 369
375 374
375 376
375 383
376 326
376 327
376 339
376 375
376 382
376 383
377 337
377 378
377 384
377 385
378 377
378 379
378 384
378 385
379 351
379 372
379 378
379 380
379 386
380 352
380 379
380 381
380 387
381 353
381 380
381 382
381 388
381 389
382 338
382 354
382 376
382 381
382 383
382 389
383 327
383 338
383 339
383 375
383 376
383 382
384 337
384 349
384 377
384 378
384 385
385 350
385 377
385 378
385 384
385 386
386 351
386 379
386 385
386 387
387 352
387 380
387 386
387 388
388 352
388 353
388 381
388 387
388 389
389 338
389 353
389 354
389 381
389 382
389 388
390 391
390 406
390 407
390 408
391 390
391 392
391 408
391 409
392 391
392 393
392 409
392 410
393 392
393 394
393 410
393 411
394 393
394 410
394 411
394 431
395 396
395 412
395 413
395 415
395 416
395 437
395 438
396 395
396 397
396 413
396 416
396 438
397 396
397 398
397 417
397 439
397 440
398 397
398 399
398 418
398 440
399 398
399 400
399 418
399 419
400 399
400 401
400 419
400 420
401 400
401 402
401 420
401 421
402 401
402 403
402 421
402 422
403 402
403 404
403 423
403 424
404 403
404 405
404 423
404 424
405 404
405 406
405 424
405 425
406 390
406 405
406 407
406 426
407 390
407 406
407 408
407 427
408 390
408 391
408 407
408 409
408 428
409 391
409 392
409 408
409 410
409 429
410 392
410 393
410 394
410 409
410 411
410 430
410 431
411 393
411 394
411 410
411 431
412 395
412 413
412 415
412 437
413 395
413 396
413 412
413 416
413 438
414 436
414 437
414 443
414 470
415 395
415 412
415 437
415 444
415 471
416 395
416 396
416 413
416 438
416 439
416 445
417 397
417 418
417 439
417 440
417 446
418 398
418 399
418 417
418 419
418 440
418 447
419 399
419 400
419 418
419 420
419 448
420 400
420 401
420 419
420 421
420 449
421 401
421 402
421 420
421 422
421 450
422 402
422 421
422 423
422 451
423 403
423 404
423 422
423 424
423 452
424 403
424 404
424 405
424 423
424 425
424 453
425 405
425 424
425 426
425 454
426 406
426 425
426 427
426 455
427 407
427 426
427 428
427 456
428 408
428 427
428 429
428 457
429 409
429 428
429 430
429 458
430 410
430 429
430 431
430 459
431 394
431 410
431 411
431 430
431 460
432 433
432 465
432 466
432 467
433 432
433 434
433 467
433 468
434 433
434 435
434 468
434 469
435 434
435 436
435 442
435 469
436 414
436 435
436 437
436 470
437 395
437 412
437 414
437 415
437 436
437 444
438 395
438 396
438 413
438 416
439 397
439 416
439 417
439 440
439 446
439 473
440 397
440 398
440 417
440 418
440 439
440 447
441 144
441 145
441 167
441 204
441 226
441 461
441 494
442 435
442 443
442 469
442 470
442 475
442 506
443 414
443 442
443 470
443 471
443 476
443 507
444 415
444 437
444 445
444 471
444 472
445 416
445 444
445 472
445 473
446 417
446 439
446 447
446 473
447 418
447 440
447 446
447 480
447 592
448 419
448 449
448 481
448 592
449 420
449 448
449 450
449 482
449 592
450 421
450 449
450 451
450 483
451 422
451 450
451 452
451 484
452 423
452 451
452 453
452 485
453 424
453 452
453 454
453 486
454 425
454 453
454 455
454 487
455 426
455 454
455 456
455 488
456 427
456 455
456 457
456 489
457 428
457 456
457 458
457 490
458 429
458 457
458 459
458 491
459 430
459 458
459 460
459 492
460 431
460 459
460 461
460 493
461 144
461 167
461 441
461 460
462 463
462 498
462 499
462 500
463 462
463 464
463 500
463 501
464 463
464 465
464 501
464 502
465 432
465 464
465 466
465 502
465 503
466 432
466 465
466 467
466 503
467 432
467 433
467 466
467 468
467 504
468 433
468 434
468 467
468 469
468 505
469 434
469 435
469 442
469 468
469 470
470 414
470 436
470 442
470 443
470 469
470 471
471 415
471 443
471 444
471 470
471 477
472 444
472 445
472 473
472 509
473 439
473 445
473 446
473 472
474 475
474 505
474 506
474 511
475 442
475 474
475 476
475 506
475 507
476 443
476 475
476 477
476 507
476 508
477 471
477 476
477 507
477 508
478 479
478 509
478 510
478 550
479 478
479 480
479 510
479 550
480 447
480 479
480 481
480 517
481 448
481 480
481 482
481 592
482 449
482 481
482 483
482 519
483 450
483 482
483 484
483 520
484 451
484 483
484 485
484 521
485 452
485 484
485 486
485 522
486 453
486 485
486 487
486 523
487 454
487 486
487 488
487 524
488 455
488 487
488 489
488 525
489 456
489 488
489 490
489 526
490 457
490 489
490 491
490 527
491 458
491 490
491 492
491 528
492 459
492 491
492 493
492 529
493 226
493 460
493 492
493 494
493 530
494 204
494 226
494 441
494 493
494 531
495 496
495 535
495 536
495 577
496 495
496 497
496 536
496 537
497 496
497 498
497 537
497 538
498 462
498 497
498 499
498 538
498 539
499 462
499 498
499 500
499 539
500 462
500 463
500 499
500 501
500 540
501 463
501 464
501 500
501 502
501 541
502 464
502 465
502 501
502 503
502 542
503 465
503 466
503 502
503 504
503 543
504 467
504 503
504 505
504 544
505 468
505 474
505 504
505 545
506 442
506 474
506 475
506 507
507 443
507 475
507 476
507 477
507 506
507 508
508 476
508 477
508 507
508 509
509 472
509 478
509 508
509 510
509 550
510 478
510 479
510 509
510 550
511 474
511 512
511 545
511 546
511 552
511 587
512 511
512 546
512 553
512 588
513 514
513 547
513 554
513 589
514 513
514 548
514 549
514 555
514 590
515 516
515 549
515 550
515 556
515 557
515 591
516 515
516 517
516 550
516 557
516 558
517 480
517 516
517 518
517 558
517 559
518 517
518 519
518 558
518 559
519 482
519 518
519 520
519 560
519 561
520 483
520 519
520 521
520 561
521 484
521 520
521 522
521 562
522 485
522 521
522 523
522 563
523 486
523 522
523 524
523 564
524 487
524 523
524 525
524 565
525 488
525 524
525 526
525 566
526 489
526 525
526 527
526 567
527 490
527 526
527 528
527 568
527 569
528 491
528 527
528 529
528 569
529 492
529 528
529 530
529 570
529 572
530 493
530 529
530 531
530 572
531 254
531 275
531 494
531 530
532 533
532 573
532 574
532 575
533 532
533 534
533 575
533 576
534 533
534 535
534 576
534 577
535 495
535 534
535 536
535 577
536 495
536 496
536 535
536 537
536 578
537 496
537 497
537 536
537 538
537 579
538 497
538 498
538 537
538 539
538 580
539 498
539 499
539 538
539 540
539 581
540 500
540 539
540 541
540 582
541 501
541 540
541 542
541 583
542 502
542 541
542 543
542 584
543 503
543 542
543 544
543 585
544 504
544 543
544 545
544 586
545 505
545 511
545 544
545 552
545 587
546 511
546 512
546 553
546 588
547 513
547 548
547 554
547 589
548 514
548 547
548 549
548 555
548 590
549 514
549 515
549 548
549 550
549 556
549 591
550 478
550 479
550 509
550 510
550 515
550 516
550 549
551 552
551 586
551 587
551 593
551 594
551 628
551 629
552 511
552 545
552 551
552 553
552 587
552 588
553 512
553 546
553 552
553 588
553 595
554 513
554 547
554 589
554 596
555 514
555 548
555 590
555 591
555 597
556 515
556 549
556 557
556 591
556 633
557 515
557 516
557 556
557 558
557 599
558 516
558 517
558 518
558 557
558 559
558 600
559 517
559 518
559 558
559 560
559 601
560 519
560 559
560 561
560 602
561 519
561 520
561 560
561 562
561 603
562 521
562 561
562 563
562 604
563 522
563 562
563 564
563 605
564 523
564 563
564 565
564 606
565 524
565 564
565 566
565 607
566 525
566 565
566 567
566 608
567 526
567 566
567 568
567 609
568 527
568 567
568 569
568 610
569 527
569 528
569 568
569 611
570 529
570 571
570 572
570 612
570 614
571 570
571 572
571 613
571 614
572 529
572 530
572 570
572 571
573 532
573 574
573 615
573 616
574 532
574 573
574 575
574 615
574 616
575 532
575 533
575 574
575 576
576 533
576 534
576 575
576 577
576 618
577 495
577 534
577 535
577 576
577 578
577 619
578 536
578 577
578 579
578 620
579 537
579 578
579 580
579 621
580 538
580 579
580 581
580 622
581 539
581 580
581 582
581 623
582 540
582 581
582 583
582 624
583 541
583 582
583 584
583 625
584 542
584 583
584 585
584 626
585 543
585 584
585 586
585 627
586 544
586 551
586 585
586 587
586 628
587 511
587 545
587 551
587 552
587 586
588 512
588 546
588 552
588 553
589 513
589 547
589 554
589 590
590 514
590 548
590 555
590 589
590 591
591 515
591 549
591 555
591 556
591 590
592 447
592 448
592 449
592 481
593 551
593 594
593 628
593 629
594 551
594 593
594 595
594 629
595 553
595 594
595 596
595 630
596 554
596 595
596 597
596 630
596 631
596 632
597 555
597 596
597 598
597 632
597 633
598 597
598 599
598 632
598 633
598 639
599 557
599 598
599 600
599 640
600 558
600 599
600 601
600 641
601 559
601 600
601 602
601 642
601 643
602 560
602 601
602 603
602 642
602 643
603 561
603 602
603 604
603 644
603 645
604 562
604 603
604 605
604 644
604 645
605 563
605 604
605 606
605 646
606 564
606 605
606 607
606 646
606 647
607 565
607 606
607 608
607 647
607 648
607 649
608 566
608 607
608 609
608 648
608 649
608 650
609 567
609 608
609 610
609 650
609 651
610 568
610 609
610 611
610 651
611 569
611 610
611 612
611 652
612 570
612 611
612 613
612 614
612 652
612 653
613 571
613 612
613 614
613 654
614 570
614 571
614 612
614 613
614 653
614 654
615 573
615 574
615 616
615 656
616 573
616 574
616 615
616 617
616 656
617 616
617 618
617 656
617 657
618 576
618 617
618 619
618 657
618 658
619 577
619 618
619 620
619 659
620 578
620 619
620 621
620 660
621 579
621 620
621 622
621 661
622 580
622 621
622 623
622 662
623 581
623 622
623 624
623 663
624 582
624 623
624 625
624 664
625 583
625 624
625 626
625 665
626 584
626 625
626 627
626 666
627 585
627 626
627 628
627 667
628 551
628 586
628 593
628 627
629 551
629 593
629 594
629 669
630 595
630 596
630 631
630 670
631 596
631 630
631 632
631 671
632 596
632 597
632 598
632 631
632 633
633 556
633 597
633 598
633 632
634 635
634 668
634 669
634 674
634 691
635 634
635 636
635 669
635 675
635 692
636 635
636 670
636 676
636 693
637 671
637 672
637 677
637 694
638 639
638 672
638 678
638 679
638 695
639 598
639 638
639 640
639 679
639 680
640 599
640 639
640 641
640 679
640 680
641 600
641 640
641 642
641 680
642 601
642 602
642 641
642 643
643 601
643 602
643 642
643 644
644 603
644 604
644 643
644 645
645 603
645 604
645 644
645 646
646 605
646 606
646 645
646 647
647 606
647 607
647 646
647 648
648 607
648 608
648 647
648 649
649 607
649 608
649 648
649 650
650 608
650 609
650 649
650 651
651 609
651 610
651 650
651 652
652 611
652 612
652 651
652 653
653 612
653 614
653 652
653 654
654 613
654 614
654 653
654 655
655 364
655 370
655 371
655 654
656 615
656 616
656 617
656 657
657 617
657 618
657 656
657 658
657 681
658 618
658 657
658 659
658 681
659 619
659 658
659 660
659 681
659 682
659 683
660 620
660 659
660 661
660 682
660 683
661 621
661 660
661 662
661 684
662 622
662 661
662 663
662 684
662 685
663 623
663 662
663 664
663 685
663 686
664 624
664 663
664 665
664 686
664 687
664 688
665 625
665 664
665 666
665 687
665 688
666 626
666 665
666 667
666 689
667 627
667 666
667 668
667 673
667 690
668 634
668 667
668 674
668 691
669 629
669 634
669 635
669 675
669 692
670 630
670 636
670 676
670 693
671 631
671 637
671 672
671 677
671 694
672 637
672 638
672 671
672 678
672 695
673 667
673 674
673 689
673 690
673 691
674 634
674 668
674 673
674 675
674 691
674 692
675 635
675 669
675 674
675 692
675 693
676 636
676 670
676 693
676 694
677 637
677 671
677 694
677 695
678 638
678 672
678 679
678 695
679 638
679 639
679 640
679 678
679 680
680 639
680 640
680 641
680 679
681 657
681 658
681 659
681 682
682 659
682 660
682 681
682 683
683 659
683 660
683 682
683 684
684 661
684 662
684 683
684 685
685 662
685 663
685 684
685 686
686 663
686 664
686 685
686 687
687 664
687 665
687 686
687 688
688 664
688 665
688 687
688 689
689 666
689 673
689 688
689 690
690 667
690 673
690 689
690 691
691 634
691 668
691 673
691 674
691 690
692 635
692 669
692 674
692 675
693 636
693 670
693 675
693 676
694 637
694 671
694 676
694 677
694 695
695 638
695 672
695 677
695 678
695 694
