0 1
0 4
0 5
0 76
1 0
1 4
1 5
1 77
2 3
2 9
2 83
2 84
2 91
3 2
3 4
3 10
3 84
4 0
4 1
4 3
4 5
4 11
5 0
5 1
5 4
5 6
5 12
6 5
6 7
6 13
6 85
7 6
7 14
7 85
7 86
7 92
8 9
8 17
8 90
8 91
9 2
9 8
9 10
9 18
9 91
10 3
10 9
10 11
10 19
11 4
11 10
11 12
11 20
12 5
12 11
12 13
12 21
13 6
13 12
13 14
13 22
14 7
14 13
14 15
14 23
14 92
15 14
15 24
15 92
15 93
15 98
16 17
16 25
16 26
16 96
16 97
16 102
17 8
17 16
17 18
17 26
17 97
18 9
18 17
18 19
18 27
19 10
19 18
19 20
19 28
20 11
20 19
20 21
20 29
21 12
21 20
21 22
21 30
22 13
22 21
22 23
22 31
23 14
23 22
23 24
23 32
24 15
24 23
24 33
24 98
25 16
25 26
25 35
25 36
25 102
26 16
26 17
26 25
26 27
26 36
27 18
27 26
27 28
27 37
28 19
28 27
28 29
28 38
29 20
29 28
29 30
29 39
30 21
30 29
30 31
30 40
31 22
31 30
31 32
31 41
32 23
32 31
32 33
32 42
33 24
33 32
33 34
33 43
33 44
34 33
34 43
34 44
34 103
35 25
35 36
35 102
35 106
36 25
36 26
36 35
36 37
36 45
37 27
37 36
37 38
37 46
38 28
38 37
38 39
38 47
39 29
39 38
39 40
39 48
40 30
40 39
40 41
40 49
41 31
41 40
41 42
41 50
42 32
42 41
42 43
42 51
43 33
43 34
43 42
43 44
43 52
44 33
44 34
44 43
44 107
45 36
45 46
45 53
45 111
46 37
46 45
46 47
46 53
46 54
47 38
47 46
47 48
47 55
48 39
48 47
48 49
48 56
48 57
49 40
49 48
49 50
49 57
50 41
50 49
50 51
50 58
51 42
51 50
51 52
51 59
52 43
52 51
52 60
52 112
53 45
53 46
53 54
53 111
53 116
53 117
54 46
54 53
54 55
54 61
54 117
55 47
55 54
55 56
55 62
56 48
56 55
56 57
56 63
57 48
57 49
57 56
57 58
58 50
58 57
58 59
58 65
58 66
59 51
59 58
59 60
59 66
59 118
60 52
60 59
60 112
60 118
60 119
61 54
61 62
61 117
61 123
61 124
62 55
62 61
62 63
62 124
63 56
63 62
63 64
63 67
63 68
64 63
64 65
64 67
64 68
65 58
65 64
65 66
65 125
66 58
66 59
66 65
66 118
66 125
66 126
67 63
67 64
67 68
67 132
68 63
68 64
68 67
68 133
69 70
69 75
69 145
69 154
70 69
70 71
70 76
70 146
71 70
71 72
71 77
71 147
72 71
72 77
72 78
72 148
72 155
73 74
73 82
73 152
73 153
73 161
74 73
74 83
74 153
74 154
75 69
75 76
75 84
75 154
76 0
76 70
76 75
76 77
77 1
77 71
77 72
77 76
77 78
78 72
78 77
78 79
78 85
78 155
79 78
79 80
79 86
79 155
79 156
80 79
80 87
80 156
80 157
80 162
81 82
81 89
81 160
81 161
81 166
82 73
82 81
82 91
82 161
83 2
83 74
83 84
83 91
84 2
84 3
84 75
84 83
85 6
85 7
85 78
85 86
86 7
86 79
86 85
86 92
87 80
87 88
87 92
87 162
88 87
88 94
88 162
88 163
88 167
89 81
89 90
89 96
89 166
90 8
90 89
90 91
90 97
91 2
91 8
91 9
91 82
91 83
91 90
92 7
92 14
92 15
92 86
92 87
92 93
93 15
93 92
93 94
93 98
94 88
94 93
94 167
94 171
95 96
95 101
95 102
95 170
96 16
96 89
96 95
96 97
97 16
97 17
97 90
97 96
98 15
98 24
98 93
98 99
99 98
99 100
99 103
99 171
100 99
100 104
100 171
100 172
101 95
101 102
101 105
101 174
102 16
102 25
102 35
102 95
102 101
102 106
103 34
103 99
103 104
103 107
104 100
104 103
104 108
104 175
105 101
105 106
105 109
105 178
106 35
106 102
106 105
106 110
107 44
107 103
107 108
107 113
108 104
108 107
108 114
108 179
109 105
109 110
109 181
109 182
110 106
110 109
110 111
110 115
110 182
111 45
111 53
111 110
111 116
112 52
112 60
112 113
112 119
113 107
113 112
113 114
113 120
113 183
114 108
114 113
114 183
114 184
115 110
115 116
115 121
115 182
115 186
116 53
116 111
116 115
116 117
117 53
117 54
117 61
117 116
117 122
117 123
118 59
118 60
118 66
118 119
118 126
119 60
119 112
119 118
119 120
120 113
120 119
120 128
120 183
120 187
121 115
121 122
121 186
121 190
121 191
122 117
122 121
122 129
122 191
123 61
123 117
123 124
123 130
124 61
124 62
124 123
124 131
125 65
125 66
125 126
125 134
126 66
126 118
126 125
126 127
126 135
127 126
127 128
127 136
127 192
128 120
128 127
128 187
128 192
128 193
129 122
129 130
129 191
129 196
129 197
130 123
130 129
130 131
130 197
130 198
131 124
131 130
131 132
131 137
131 198
132 67
132 131
132 133
132 137
132 138
133 68
133 132
133 134
133 139
134 125
134 133
134 135
134 140
134 199
135 126
135 134
135 136
135 199
135 200
136 127
136 135
136 192
136 200
136 201
137 131
137 132
137 138
137 198
137 205
138 132
138 137
138 139
138 206
139 133
139 138
139 140
139 207
140 134
140 139
140 199
140 208
141 142
141 146
141 147
141 215
142 141
142 147
142 215
142 216
143 144
143 152
143 220
143 229
144 143
144 153
144 154
144 221
145 69
145 146
145 154
145 222
146 70
146 141
146 145
146 147
147 71
147 141
147 142
147 146
147 148
148 72
148 147
148 155
148 223
149 150
149 155
149 156
149 224
150 149
150 157
150 225
150 230
151 160
151 228
151 229
151 234
152 73
152 143
152 161
152 229
153 73
153 74
153 144
153 154
154 69
154 74
154 75
154 144
154 145
154 153
155 72
155 78
155 79
155 148
155 149
155 156
156 79
156 80
156 149
156 155
157 80
157 150
157 158
157 162
157 230
158 157
158 230
158 231
158 235
159 160
159 165
159 166
159 233
159 234
160 81
160 151
160 159
160 161
161 73
161 81
161 82
161 152
161 160
162 80
162 87
162 88
162 157
162 163
163 88
163 162
163 164
163 235
164 163
164 168
164 235
164 236
165 159
165 166
165 170
165 238
166 81
166 89
166 159
166 165
167 88
167 94
167 168
167 171
168 164
168 167
168 171
168 172
168 239
169 170
169 173
169 174
169 241
169 242
169 245
170 95
170 165
170 169
170 174
170 242
171 94
171 99
171 100
171 167
171 168
171 172
172 100
172 168
172 171
172 175
172 243
173 169
173 174
173 177
173 245
174 101
174 169
174 170
174 173
174 177
174 178
175 104
175 172
175 176
175 179
176 175
176 179
176 180
176 246
177 173
177 174
177 178
177 247
178 105
178 174
178 177
178 181
179 108
179 175
179 176
179 180
179 184
180 176
180 179
180 246
180 248
181 109
181 178
181 182
181 185
181 250
182 109
182 110
182 115
182 181
182 185
182 186
183 113
183 114
183 120
183 184
183 187
183 188
184 114
184 179
184 183
184 188
184 251
185 181
185 182
185 186
185 189
185 254
186 115
186 121
186 182
186 185
187 120
187 128
187 183
187 188
188 183
188 184
188 187
188 194
188 255
189 185
189 190
189 257
189 258
190 121
190 189
190 191
190 258
191 121
191 122
191 129
191 190
191 196
192 127
192 128
192 136
192 193
192 201
193 128
193 192
193 194
193 202
193 259
194 188
194 193
194 259
194 260
195 196
195 258
195 262
195 263
196 129
196 191
196 195
196 203
197 129
197 130
197 198
197 204
198 130
198 131
198 137
198 197
198 204
198 205
199 134
199 135
199 140
199 200
199 208
199 209
200 135
200 136
200 199
200 209
201 136
201 192
201 210
201 264
202 193
202 259
202 264
202 265
203 196
203 204
203 263
203 268
204 197
204 198
204 203
204 205
204 269
205 137
205 198
205 204
205 206
205 270
206 138
206 205
206 207
206 211
206 212
207 139
207 206
207 208
207 212
208 140
208 199
208 207
208 271
209 199
209 200
209 210
209 272
210 201
210 209
210 264
210 273
211 206
211 212
211 277
211 278
212 206
212 207
212 211
212 278
213 214
213 221
213 222
213 286
214 213
214 215
214 222
214 287
215 141
215 142
215 214
215 216
215 288
216 142
216 215
216 217
216 289
217 216
217 218
217 223
217 290
218 217
218 223
218 224
218 291
219 220
219 228
219 229
219 294
220 143
220 219
220 221
220 229
220 295
221 144
221 213
221 220
221 222
222 145
222 213
222 214
222 221
223 148
223 217
223 218
223 224
224 149
224 218
224 223
224 225
225 150
225 224
225 226
225 230
225 296
226 225
226 230
226 231
226 297
227 228
227 233
227 234
227 299
227 300
227 304
228 151
228 219
228 227
228 229
229 143
229 151
229 152
229 219
229 220
229 228
230 150
230 157
230 158
230 225
230 226
230 231
231 158
231 226
231 230
231 232
232 231
232 235
232 236
232 301
232 302
233 159
233 227
233 234
233 238
233 304
234 151
234 159
234 227
234 233
235 158
235 163
235 164
235 232
235 236
236 164
236 232
236 235
236 239
236 305
237 238
237 241
237 242
237 307
238 165
238 233
238 237
238 242
239 168
239 236
239 240
239 243
240 239
240 243
240 244
240 308
241 169
241 237
241 242
241 245
241 310
242 169
242 170
242 237
242 238
242 241
243 172
243 239
243 240
243 244
244 240
244 243
244 246
244 311
245 169
245 173
245 241
245 247
245 314
246 176
246 180
246 244
246 248
246 315
247 177
247 245
247 249
247 318
248 180
248 246
248 252
248 319
249 247
249 250
249 253
249 322
250 181
250 249
250 253
250 254
251 184
251 252
251 255
251 256
252 248
252 251
252 256
252 323
253 249
253 250
253 254
253 325
254 185
254 250
254 253
254 257
255 188
255 251
255 256
255 260
256 251
256 252
256 255
256 326
257 189
257 254
257 258
257 261
257 328
258 189
258 190
258 195
258 257
258 261
258 262
259 193
259 194
259 202
259 260
259 265
259 266
260 194
260 255
260 259
260 266
260 329
261 257
261 258
261 262
261 328
261 331
261 332
262 195
262 258
262 261
262 267
263 195
263 203
263 267
263 268
264 201
264 202
264 210
264 273
264 274
265 202
265 259
265 266
265 274
266 259
266 260
266 265
266 329
266 334
267 262
267 263
267 268
267 336
267 337
268 203
268 263
268 267
268 269
268 337
269 204
269 268
269 270
269 275
270 205
270 269
270 275
270 276
271 208
271 272
271 279
271 280
272 209
272 271
272 273
272 280
273 210
273 264
273 272
273 274
273 338
274 264
274 265
274 273
274 333
274 339
275 269
275 270
275 276
275 342
276 270
276 275
276 277
276 343
277 211
277 276
277 278
277 344
278 211
278 212
278 277
278 279
278 345
279 271
279 278
279 280
279 346
280 271
280 272
280 279
280 347
281 282
281 287
281 288
281 354
281 355
281 362
282 281
282 283
282 288
282 355
283 282
283 284
283 289
283 356
284 283
284 289
284 290
284 356
284 357
284 363
285 286
285 295
285 360
285 369
286 213
286 285
286 287
286 361
286 362
287 214
287 281
287 286
287 362
288 215
288 281
288 282
288 289
289 216
289 283
289 284
289 288
289 290
290 217
290 284
290 289
290 291
290 363
291 218
291 290
291 292
291 363
291 364
292 291
292 296
292 365
292 370
293 294
293 299
293 300
293 367
293 374
294 219
294 293
294 295
294 300
294 368
295 220
295 285
295 294
295 369
296 225
296 292
296 297
296 370
297 226
297 296
297 298
297 301
298 297
298 301
298 302
298 371
298 372
298 375
299 227
299 293
299 300
299 304
299 374
300 227
300 293
300 294
300 299
301 232
301 297
301 298
301 302
302 232
302 298
302 301
302 305
303 304
303 307
303 377
303 381
304 227
304 233
304 299
304 303
305 236
305 302
305 306
305 378
306 305
306 308
306 378
306 379
307 237
307 303
307 381
307 385
308 240
308 306
308 311
308 382
309 310
309 313
309 314
309 384
309 385
309 388
310 241
310 309
310 314
310 385
311 244
311 308
311 312
311 315
311 386
312 311
312 315
312 316
312 386
312 387
312 389
313 309
313 314
313 317
313 388
314 245
314 309
314 310
314 313
314 318
315 246
315 311
315 312
315 316
315 319
316 312
316 315
316 320
316 389
317 313
317 318
317 321
317 390
318 247
318 314
318 317
318 321
319 248
319 315
319 320
319 323
319 324
320 316
320 319
320 324
320 391
321 317
321 318
321 322
321 390
321 392
321 393
322 249
322 321
322 325
322 393
323 252
323 319
323 324
323 394
324 319
324 320
324 323
324 391
324 394
324 395
325 253
325 322
325 327
325 393
325 397
326 256
326 330
326 394
326 398
327 325
327 328
327 397
327 400
328 257
328 261
328 327
328 331
329 260
329 266
329 330
329 334
330 326
330 329
330 398
330 401
331 261
331 328
331 332
331 335
331 403
332 261
332 331
332 335
332 336
333 274
333 334
333 339
333 340
334 266
334 329
334 333
334 340
334 404
335 331
335 332
335 336
335 403
335 406
335 407
336 267
336 332
336 335
336 337
336 407
337 267
337 268
337 336
337 341
338 273
338 339
338 348
338 408
339 274
339 333
339 338
339 340
339 409
340 333
340 334
340 339
340 404
340 410
341 337
341 342
341 412
341 413
342 275
342 341
342 343
342 413
342 414
343 276
343 342
343 344
343 349
343 414
344 277
344 343
344 345
344 349
344 350
345 278
345 344
345 346
345 351
345 352
346 279
346 345
346 347
346 352
346 415
347 280
347 346
347 348
347 416
348 338
348 347
348 408
348 417
349 343
349 344
349 350
349 414
349 420
349 421
350 344
350 349
350 351
350 421
351 345
351 350
351 352
351 422
352 345
352 346
352 351
352 415
352 422
352 423
353 354
353 361
353 362
353 425
353 426
354 281
354 353
354 362
354 426
355 281
355 282
355 356
355 427
356 283
356 284
356 355
356 357
356 428
357 284
357 356
357 358
357 363
357 429
358 357
358 363
358 364
358 430
359 360
359 368
359 369
359 431
360 285
360 359
360 361
360 369
360 432
361 286
361 353
361 360
361 362
362 281
362 286
362 287
362 353
362 354
362 361
363 284
363 290
363 291
363 357
363 358
363 364
364 291
364 358
364 363
364 365
365 292
365 364
365 366
365 370
365 435
366 365
366 370
366 371
366 436
367 293
367 368
367 374
367 437
368 294
368 359
368 367
368 369
369 285
369 295
369 359
369 360
369 368
370 292
370 296
370 365
370 366
370 371
371 298
371 366
371 370
371 372
372 298
372 371
372 375
372 440
373 374
373 377
373 441
373 442
374 293
374 299
374 367
374 373
375 298
375 372
375 376
375 378
376 375
376 378
376 379
376 444
377 303
377 373
377 381
377 445
378 305
378 306
378 375
378 376
378 379
379 306
379 376
379 378
379 382
380 381
380 384
380 385
380 447
381 303
381 307
381 377
381 380
381 385
382 308
382 379
382 383
382 386
383 382
383 386
383 387
383 450
384 309
384 380
384 385
384 388
384 451
385 307
385 309
385 310
385 380
385 381
385 384
386 311
386 312
386 382
386 383
386 387
387 312
387 383
387 386
387 389
387 452
388 309
388 313
388 384
388 390
388 453
389 312
389 316
389 387
389 454
390 317
390 321
390 388
390 455
391 320
391 324
391 395
391 456
392 321
392 393
392 396
392 457
393 321
393 322
393 325
393 392
393 396
393 397
394 323
394 324
394 326
394 395
394 398
394 399
395 324
395 391
395 394
395 399
395 458
396 392
396 393
396 397
396 459
397 325
397 327
397 393
397 396
397 400
398 326
398 330
398 394
398 399
398 401
399 394
399 395
399 398
399 462
400 327
400 397
400 402
400 463
401 330
401 398
401 405
401 464
402 400
402 403
402 465
402 466
403 331
403 335
403 402
403 406
404 334
404 340
404 405
404 410
405 401
405 404
405 467
405 468
406 335
406 403
406 407
406 469
407 335
407 336
407 406
407 411
408 338
408 348
408 409
408 417
408 418
409 339
409 408
409 410
409 418
410 340
410 404
410 409
410 472
411 407
411 412
411 470
411 473
412 341
412 411
412 413
412 474
413 341
413 342
413 412
413 414
413 419
414 342
414 343
414 349
414 413
414 419
414 420
415 346
415 352
415 416
415 423
415 424
416 347
416 415
416 417
416 424
417 348
417 408
417 416
417 418
418 408
418 409
418 417
418 478
419 413
419 414
419 420
419 479
419 480
420 349
420 414
420 419
420 480
421 349
421 350
421 422
421 481
422 351
422 352
422 421
422 482
423 352
423 415
423 424
423 483
424 415
424 416
424 423
424 484
425 353
425 426
425 433
425 485
425 486
425 493
426 353
426 354
426 425
426 427
426 486
427 355
427 426
427 428
427 487
427 488
428 356
428 427
428 429
428 487
428 488
429 357
429 428
429 430
429 489
430 358
430 429
430 434
430 489
430 490
430 494
431 359
431 432
431 438
431 491
431 498
432 360
432 431
432 433
432 492
432 493
433 425
433 432
433 485
433 492
433 493
434 430
434 435
434 490
434 494
434 495
435 365
435 434
435 436
435 494
435 495
436 366
436 435
436 439
436 496
436 499
437 367
437 438
437 442
437 497
437 498
438 431
438 437
438 491
438 498
439 436
439 440
439 496
439 499
439 500
440 372
440 439
440 443
440 500
440 503
441 373
441 442
441 445
441 501
441 502
442 373
442 437
442 441
442 497
442 501
442 502
443 440
443 444
443 503
443 504
444 376
444 443
444 446
444 503
444 504
445 377
445 441
445 448
445 505
445 508
446 444
446 449
446 506
446 509
447 380
447 448
447 451
447 507
447 508
447 511
448 445
448 447
448 505
448 507
448 508
449 446
449 450
449 506
449 509
449 510
450 383
450 449
450 452
450 509
450 510
450 512
451 384
451 447
451 453
451 511
451 513
452 387
452 450
452 454
452 512
452 514
453 388
453 451
453 455
453 513
453 515
454 389
454 452
454 456
454 514
454 516
455 390
455 453
455 457
455 515
456 391
456 454
456 458
456 516
457 392
457 455
457 459
457 517
458 395
458 456
458 462
458 518
459 396
459 457
459 460
459 517
459 519
459 520
460 459
460 463
460 519
460 520
460 523
461 462
461 464
461 521
461 522
461 524
462 399
462 458
462 461
462 518
462 521
462 522
463 400
463 460
463 465
463 520
463 523
464 401
464 461
464 468
464 521
464 524
465 402
465 463
465 466
465 525
465 526
466 402
466 465
466 469
466 525
466 526
467 405
467 468
467 472
467 527
467 528
467 532
468 405
468 464
468 467
468 527
468 528
469 406
469 466
469 470
469 526
469 529
470 411
470 469
470 473
470 529
470 530
470 533
471 472
471 478
471 531
471 538
472 410
472 467
472 471
472 531
472 532
473 411
473 470
473 474
473 530
473 533
474 412
474 473
474 475
474 534
474 535
475 474
475 479
475 534
475 535
475 539
476 477
476 484
476 536
476 537
476 544
477 476
477 478
477 536
477 537
478 418
478 471
478 477
478 531
478 538
479 419
479 475
479 480
479 535
479 539
479 540
480 419
480 420
480 479
480 481
480 540
481 421
481 480
481 482
481 541
482 422
482 481
482 483
482 541
482 542
483 423
483 482
483 484
483 542
483 543
484 424
484 476
484 483
484 536
484 543
484 544
485 425
485 433
485 486
485 493
486 425
486 426
486 485
486 487
487 427
487 428
487 486
487 488
488 427
488 428
488 487
488 489
489 429
489 430
489 488
489 490
490 430
490 434
490 489
490 494
491 431
491 438
491 492
491 498
492 432
492 433
492 491
492 493
493 425
493 432
493 433
493 485
493 492
494 430
494 434
494 435
494 490
494 495
495 434
495 435
495 494
495 496
496 436
496 439
496 495
496 499
497 437
497 442
497 498
497 502
498 431
498 437
498 438
498 491
498 497
499 436
499 439
499 496
499 500
500 439
500 440
500 499
500 503
501 441
501 442
501 502
501 505
502 441
502 442
502 497
502 501
503 440
503 443
503 444
503 500
503 504
504 443
504 444
504 503
504 506
505 445
505 448
505 501
505 508
506 446
506 449
506 504
506 509
507 447
507 448
507 508
507 511
508 445
508 447
508 448
508 505
508 507
509 446
509 449
509 450
509 506
509 510
510 449
510 450
510 509
510 512
511 447
511 451
511 507
511 513
512 450
512 452
512 510
512 514
513 451
513 453
513 511
513 515
514 452
514 454
514 512
514 516
515 453
515 455
515 513
515 517
516 454
516 456
516 514
516 518
517 457
517 459
517 515
517 519
518 458
518 462
518 516
518 522
519 459
519 460
519 517
519 520
520 459
520 460
520 463
520 519
520 523
521 461
521 462
521 464
521 522
521 524
522 461
522 462
522 518
522 521
523 460
523 463
523 520
523 525
524 461
524 464
524 521
524 528
525 465
525 466
525 523
525 526
526 465
526 466
526 469
526 525
526 529
527 467
527 468
527 528
527 532
528 467
528 468
528 524
528 527
529 469
529 470
529 526
529 530
530 470
530 473
530 529
530 533
531 471
531 472
531 478
531 532
531 538
532 467
532 472
532 527
532 531
533 470
533 473
533 530
533 534
534 474
534 475
534 533
534 535
535 474
535 475
535 479
535 534
535 539
536 476
536 477
536 484
536 537
536 544
537 476
537 477
537 536
537 538
538 471
538 478
538 531
538 537
539 475
539 479
539 535
539 540
540 479
540 480
540 539
540 541
541 481
541 482
541 540
541 542
542 482
542 483
542 541
542 543
543 483
543 484
543 542
543 544
544 476
544 484
544 536
544 543
