0 1
0 7
0 8
0 9
1 0
1 2
1 8
1 9
2 1
2 3
2 10
2 11
3 2
3 4
3 10
3 11
4 3
4 5
4 11
4 12
5 4
5 12
5 13
5 14
6 7
6 8
6 15
6 16
7 0
7 6
7 8
7 16
7 17
8 0
8 1
8 6
8 7
8 9
8 17
9 0
9 1
9 8
9 10
9 18
10 2
10 3
10 9
10 11
10 19
11 2
11 3
11 4
11 10
11 12
11 20
12 4
12 5
12 11
12 13
12 21
13 5
13 12
13 14
13 22
14 5
14 13
14 22
14 23
14 24
15 6
15 16
15 25
15 26
15 27
16 6
16 7
16 15
16 17
16 27
17 7
17 8
17 16
17 18
17 28
18 9
18 17
18 19
18 29
19 10
19 18
19 20
19 30
20 11
20 19
20 21
20 31
21 12
21 20
21 22
21 32
22 13
22 14
22 21
22 23
22 33
23 14
23 22
23 24
23 34
24 14
24 23
24 34
24 35
25 15
25 26
25 36
25 37
26 15
26 25
26 27
26 36
26 37
27 15
27 16
27 26
27 28
27 38
28 17
28 27
28 29
28 39
29 18
29 28
29 30
29 40
30 19
30 29
30 31
30 41
30 49
31 20
31 30
31 32
31 42
32 21
32 31
32 33
32 43
33 22
33 32
33 34
33 44
34 23
34 24
34 33
34 35
34 45
35 24
35 34
35 46
35 47
36 25
36 26
36 37
36 52
37 25
37 26
37 36
37 38
37 53
38 27
38 37
38 39
38 54
39 28
39 38
39 40
39 55
40 29
40 39
40 48
40 56
41 30
41 42
41 49
41 57
42 31
42 41
42 43
42 50
42 51
42 58
43 32
43 42
43 44
43 51
43 59
44 33
44 43
44 45
44 60
45 34
45 44
45 46
45 61
46 35
46 45
46 47
46 62
47 35
47 46
47 62
47 63
48 40
48 49
48 56
48 64
48 190
49 30
49 41
49 48
49 191
50 42
50 51
50 192
50 193
51 42
51 43
51 50
51 59
51 65
51 192
51 193
52 36
52 53
52 66
52 67
53 37
53 52
53 54
53 67
54 38
54 53
54 55
54 68
55 39
55 54
55 56
55 69
56 40
56 48
56 55
56 57
56 64
57 41
57 56
57 58
57 71
58 42
58 57
58 59
58 72
59 43
59 51
59 58
59 60
59 65
59 73
60 44
60 59
60 61
60 74
61 45
61 60
61 62
61 75
62 46
62 47
62 61
62 63
62 77
63 47
63 62
63 76
63 77
63 93
64 48
64 56
64 190
64 199
65 51
65 59
65 81
65 201
66 52
66 67
66 82
66 83
67 52
67 53
67 66
67 68
67 82
67 83
68 54
68 67
68 69
68 84
69 55
69 68
69 70
69 85
70 69
70 78
70 79
70 86
71 57
71 72
71 78
71 79
72 58
72 71
72 80
72 88
73 59
73 74
73 81
73 89
74 60
74 73
74 75
74 90
75 61
75 74
75 76
75 91
76 63
76 75
76 77
76 92
76 93
77 62
77 63
77 76
77 93
78 70
78 71
78 79
78 211
78 212
79 70
79 71
79 78
79 86
79 87
79 94
79 211
79 212
80 72
80 81
80 88
80 95
80 213
81 65
81 73
81 80
81 214
82 66
82 67
82 83
82 96
83 66
83 67
83 82
83 84
83 96
84 68
84 83
84 85
84 96
84 97
85 69
85 84
85 86
85 98
86 70
86 79
86 85
86 87
86 99
87 79
87 86
87 94
87 100
88 72
88 80
88 89
88 95
88 101
89 73
89 88
89 90
89 102
90 74
90 89
90 91
90 103
91 75
91 90
91 92
91 104
91 105
92 76
92 91
92 93
92 105
93 63
93 76
93 77
93 92
94 79
94 87
94 95
94 212
95 80
95 88
95 94
95 213
96 82
96 83
96 84
96 97
96 106
97 84
97 96
97 98
97 106
97 107
98 85
98 97
98 99
98 108
99 86
99 98
99 100
99 109
100 87
100 99
100 101
100 110
101 88
101 100
101 102
101 111
102 89
102 101
102 103
102 112
103 90
103 102
103 104
103 113
103 114
104 91
104 103
104 105
104 114
105 91
105 92
105 104
105 114
106 96
106 97
106 107
106 115
107 97
107 106
107 108
107 115
107 116
108 98
108 107
108 109
108 115
108 116
108 117
109 99
109 108
109 110
109 117
110 100
110 109
110 111
110 118
110 122
111 101
111 110
111 112
111 119
111 122
112 102
112 111
112 113
112 120
112 121
113 103
113 112
113 114
113 121
114 103
114 104
114 105
114 113
114 121
115 106
115 107
115 108
115 116
116 107
116 108
116 115
116 117
117 108
117 109
117 116
117 118
118 110
118 117
118 119
118 122
119 111
119 118
119 120
119 122
120 112
120 119
120 121
120 122
121 112
121 113
121 114
121 120
122 110
122 111
122 118
122 119
122 120
123 124
123 126
123 130
123 135
124 123
124 126
124 127
124 130
124 131
124 136
125 134
125 135
125 577
125 651
126 123
126 124
126 135
126 578
127 124
127 128
127 136
127 579
128 127
128 136
128 579
128 580
129 134
129 135
129 138
129 165
129 166
130 123
130 124
130 135
130 166
131 124
131 132
131 136
131 167
132 131
132 137
132 139
132 140
133 134
133 142
133 576
133 650
133 651
134 125
134 129
134 133
134 651
135 123
135 125
135 126
135 129
135 130
136 124
136 127
136 128
136 131
136 137
137 132
137 136
137 652
137 653
138 129
138 141
138 142
138 165
138 177
139 132
139 140
139 167
139 178
139 179
140 132
140 139
140 143
140 178
140 179
141 138
141 142
141 149
141 723
141 724
142 133
142 138
142 141
142 149
143 140
143 144
143 153
143 725
144 143
144 153
144 725
144 733
145 146
145 150
145 154
145 187
146 145
146 154
146 155
146 187
146 188
147 148
147 151
147 156
147 189
148 147
148 151
148 152
148 189
149 141
149 142
149 150
149 792
150 145
150 149
150 154
150 157
150 792
151 147
151 148
151 152
151 156
151 159
151 160
152 148
152 151
152 153
152 793
153 143
153 144
153 152
153 725
153 793
153 794
154 145
154 146
154 150
154 155
154 157
154 158
155 146
155 154
155 156
155 158
156 147
156 151
156 155
156 159
157 150
157 154
157 158
157 868
157 869
157 942
158 154
158 155
158 157
158 869
158 943
159 151
159 156
159 160
159 870
160 151
160 159
160 870
160 871
161 162
161 163
161 172
161 173
161 175
162 161
162 163
162 164
162 172
162 173
163 161
163 162
163 164
163 166
163 175
164 162
164 163
164 167
164 176
165 129
165 138
165 166
165 177
166 129
166 130
166 163
166 165
167 131
167 139
167 164
167 178
168 169
168 170
168 180
168 209
168 210
168 221
169 168
169 170
169 171
169 209
169 210
169 222
170 168
170 169
170 171
170 180
170 181
171 169
171 170
171 180
171 181
172 161
172 162
172 173
172 182
172 183
173 161
173 162
173 172
173 181
173 182
173 183
174 175
174 177
174 184
174 185
174 187
175 161
175 163
175 174
175 184
176 164
176 178
176 179
176 186
177 138
177 165
177 174
177 187
178 139
178 140
178 167
178 176
178 179
179 139
179 140
179 176
179 178
179 189
180 168
180 170
180 171
180 181
181 170
181 171
181 173
181 180
181 182
181 183
182 172
182 173
182 181
182 183
183 172
183 173
183 181
183 182
183 186
184 174
184 175
184 185
184 187
184 188
185 174
185 184
185 186
185 187
185 188
186 176
186 183
186 185
186 189
187 145
187 146
187 174
187 177
187 184
187 185
187 188
188 146
188 184
188 185
188 187
189 147
189 148
189 179
189 186
190 48
190 64
190 191
190 194
190 199
191 49
191 190
191 194
191 195
192 50
192 51
192 193
192 200
193 50
193 51
193 192
193 200
193 201
194 190
194 191
194 195
194 202
194 203
195 191
195 194
195 196
195 197
195 198
195 203
196 195
196 198
196 200
196 204
197 195
197 198
197 203
197 207
197 208
198 195
198 196
198 197
198 208
199 64
199 190
199 202
199 211
200 192
200 193
200 196
200 201
200 204
200 205
201 65
201 193
201 200
201 205
201 214
201 218
202 194
202 199
202 203
202 206
202 215
203 194
203 195
203 197
203 202
203 206
203 207
204 196
204 200
204 205
204 208
204 218
205 200
205 201
205 204
205 217
205 218
206 202
206 203
206 207
206 215
206 219
207 197
207 203
207 206
207 219
208 197
208 198
208 204
208 220
209 168
209 169
209 210
209 221
209 222
210 168
210 169
210 209
210 221
210 222
211 78
211 79
211 199
211 212
211 215
212 78
212 79
212 94
212 211
212 216
213 80
213 95
213 214
213 217
214 81
214 201
214 213
214 218
215 202
215 206
215 211
215 216
216 212
216 215
216 217
216 219
217 205
217 213
217 216
217 218
217 220
218 201
218 204
218 205
218 214
218 217
219 206
219 207
219 216
219 220
219 221
220 208
220 217
220 219
220 222
221 168
221 209
221 210
221 219
221 222
222 169
222 209
222 210
222 220
222 221
223 224
223 225
223 248
223 249
223 256
223 257
224 223
224 225
224 226
224 256
224 257
225 223
225 224
225 226
225 256
225 257
225 264
225 265
226 224
226 225
226 264
226 265
227 228
227 232
227 305
227 314
227 315
228 227
228 229
228 233
228 306
228 315
229 228
229 230
229 234
229 307
229 316
230 229
230 235
230 307
230 308
230 316
230 317
231 232
231 238
231 313
231 322
231 323
232 227
232 231
232 314
232 324
233 228
233 234
233 240
233 315
233 324
234 229
234 233
234 316
234 325
235 230
235 236
235 242
235 317
235 325
236 235
236 243
236 317
236 318
236 326
236 327
237 238
237 245
237 321
237 322
237 331
238 231
238 237
238 322
238 333
239 247
239 323
239 324
239 333
240 233
240 241
240 248
240 324
241 240
241 242
241 249
241 325
242 235
242 241
242 250
242 325
242 326
242 334
243 236
243 244
243 327
243 334
244 243
244 251
244 252
244 327
244 328
244 335
244 336
245 237
245 246
245 331
245 332
246 245
246 247
246 254
246 332
246 333
247 239
247 246
247 255
247 333
248 223
248 240
248 249
248 256
249 223
249 241
249 248
249 250
250 242
250 249
250 258
250 334
251 244
251 252
251 259
251 334
251 335
252 244
252 251
252 335
252 336
253 254
253 261
253 339
253 340
254 246
254 253
254 255
254 262
254 340
255 247
255 254
255 256
255 263
256 223
256 224
256 225
256 248
256 255
257 223
257 224
257 225
257 258
257 265
258 250
258 257
258 259
258 266
259 251
259 258
259 260
259 341
260 259
260 268
260 341
260 342
261 253
261 262
261 345
261 346
262 254
262 261
262 263
262 346
263 255
263 262
263 264
263 271
264 225
264 226
264 263
264 265
264 272
265 225
265 226
265 257
265 264
265 266
265 273
266 258
266 265
266 274
266 347
267 268
267 275
267 347
267 348
268 260
268 267
268 348
268 349
269 270
269 277
269 352
269 353
270 269
270 271
270 278
270 353
270 354
271 263
271 270
271 272
271 279
271 354
272 264
272 271
272 273
272 280
273 265
273 272
273 274
273 281
274 266
274 273
274 347
274 355
275 267
275 276
275 284
275 355
275 356
276 275
276 284
276 356
276 357
277 269
277 278
277 352
277 353
277 360
277 361
278 270
278 277
278 285
278 361
278 362
279 271
279 286
279 354
279 362
279 363
280 272
280 281
280 287
280 363
281 273
281 280
281 288
281 364
282 283
282 289
282 364
282 365
283 282
283 284
283 290
283 365
283 366
284 275
284 276
284 283
284 356
284 357
284 366
284 367
285 278
285 286
285 361
285 362
285 371
285 372
286 279
286 285
286 291
286 362
286 363
286 372
286 373
287 280
287 288
287 363
287 373
288 281
288 287
288 293
288 364
288 374
289 282
289 290
289 294
289 364
289 375
290 283
290 289
290 365
290 366
290 375
290 376
291 286
291 372
291 373
291 380
291 381
292 293
292 295
292 296
292 381
293 288
293 292
293 294
293 296
293 374
293 382
294 289
294 293
294 374
294 375
294 382
294 383
295 292
295 296
295 381
295 389
295 390
296 292
296 293
296 295
296 381
296 382
296 389
296 390
297 298
297 304
297 406
297 415
297 416
298 297
298 305
298 407
298 416
299 300
299 306
299 408
299 417
300 299
300 307
300 409
300 418
301 302
301 308
301 410
301 419
302 301
302 309
302 411
302 419
302 420
303 304
303 312
303 414
303 426
304 297
304 303
304 415
304 426
305 227
305 298
305 314
305 416
306 228
306 299
306 315
306 417
307 229
307 230
307 300
307 418
308 230
308 301
308 317
308 419
309 302
309 310
309 420
309 427
310 309
310 319
310 421
310 427
311 312
311 320
311 424
311 425
311 432
312 303
312 311
312 313
312 321
312 426
313 231
313 312
313 322
313 426
314 227
314 232
314 305
314 324
315 227
315 228
315 233
315 306
315 324
316 229
316 230
316 234
316 325
317 230
317 235
317 236
317 308
318 236
318 319
318 327
318 427
319 310
319 318
319 427
319 428
320 311
320 321
320 431
320 432
320 438
321 237
321 312
321 320
321 432
322 231
322 237
322 238
322 313
322 332
322 333
323 231
323 239
323 324
323 333
324 232
324 233
324 239
324 240
324 314
324 315
324 323
325 234
325 235
325 241
325 242
325 316
325 326
326 236
326 242
326 325
326 334
327 236
327 243
327 244
327 318
327 328
328 244
328 327
328 329
328 433
329 328
329 337
329 433
329 434
329 439
330 331
330 338
330 437
330 438
331 237
331 245
331 330
331 339
331 438
332 245
332 246
332 322
332 333
333 238
333 239
333 246
333 247
333 322
333 323
333 332
334 242
334 243
334 250
334 251
334 326
334 335
335 244
335 251
335 252
335 334
335 341
336 244
336 252
336 337
336 439
337 329
337 336
337 343
337 439
337 440
338 330
338 339
338 443
338 444
339 253
339 331
339 338
339 340
339 444
340 253
340 254
340 339
340 346
341 259
341 260
341 335
341 342
342 260
342 341
342 343
342 349
342 445
343 337
343 342
343 350
343 445
343 446
344 345
344 351
344 444
344 449
344 450
345 261
345 344
345 346
345 450
346 261
346 262
346 340
346 345
347 266
347 267
347 274
347 348
347 355
348 267
348 268
348 347
348 349
349 268
349 342
349 348
349 350
349 451
350 343
350 349
350 451
350 452
351 344
351 352
351 450
351 455
351 456
352 269
352 277
352 351
352 456
353 269
353 270
353 277
353 354
354 270
354 271
354 279
354 353
355 274
355 275
355 347
355 356
356 275
356 276
356 284
356 355
357 276
357 284
357 358
357 457
358 357
358 368
358 457
358 458
359 360
359 369
359 461
359 462
360 277
360 359
360 361
360 370
360 462
361 277
361 278
361 285
361 360
361 371
362 278
362 279
362 285
362 286
362 363
363 279
363 280
363 286
363 287
363 362
363 372
363 373
364 281
364 282
364 288
364 289
364 365
364 374
365 282
365 283
365 290
365 364
365 375
366 283
366 284
366 290
366 367
366 376
367 284
367 366
367 368
367 377
367 463
368 358
368 367
368 457
368 463
368 464
369 359
369 370
369 462
369 467
369 468
370 360
370 369
370 371
370 468
371 285
371 361
371 370
371 379
372 285
372 286
372 291
372 363
373 286
373 287
373 291
373 363
374 288
374 293
374 294
374 364
375 289
375 290
375 294
375 365
375 383
376 290
376 366
376 377
376 384
376 469
377 367
377 376
377 469
377 470
378 379
378 386
378 473
378 474
379 371
379 378
379 380
379 474
380 291
380 379
380 381
380 388
381 291
381 292
381 295
381 296
381 380
382 293
382 294
382 296
382 383
383 294
383 375
383 382
383 391
384 376
384 385
384 469
384 475
385 384
385 469
385 475
385 476
386 378
386 387
386 474
386 479
386 480
387 386
387 393
387 474
387 480
387 486
388 380
388 394
388 481
388 487
389 295
389 296
389 390
389 395
390 295
390 296
390 389
390 391
390 395
390 396
391 383
391 390
391 392
391 397
391 482
392 391
392 398
392 482
392 483
393 387
393 394
393 480
393 481
393 486
393 487
394 388
394 393
394 395
394 481
394 487
395 389
395 390
395 394
395 396
396 390
396 395
396 397
396 488
397 391
397 396
397 398
397 482
397 488
397 489
398 392
398 397
398 482
398 483
398 489
398 490
399 400
399 406
399 407
399 496
399 505
399 506
400 399
400 407
400 497
400 506
401 402
401 408
401 409
401 507
402 401
402 409
402 499
402 508
403 404
403 410
403 500
403 509
404 403
404 410
404 411
404 500
404 501
404 509
404 510
405 406
405 414
405 504
405 516
406 297
406 399
406 405
406 415
407 298
407 399
407 400
407 416
408 299
408 401
408 409
408 417
408 507
409 300
409 401
409 402
409 408
409 418
409 508
410 301
410 403
410 404
410 411
411 302
411 404
411 410
411 412
412 411
412 421
412 511
412 517
413 414
413 424
413 514
413 523
414 303
414 405
414 413
414 425
414 515
415 297
415 304
415 406
415 426
415 516
416 297
416 298
416 305
416 407
417 299
417 306
417 408
417 418
418 300
418 307
418 409
418 417
419 301
419 302
419 308
419 420
420 302
420 309
420 419
420 427
420 517
421 310
421 412
421 422
421 518
422 421
422 429
422 518
422 519
422 524
423 424
423 430
423 521
423 522
423 528
424 311
424 413
424 423
424 425
424 522
424 523
425 311
425 414
425 424
425 426
425 523
426 303
426 304
426 312
426 313
426 415
426 425
427 309
427 310
427 318
427 319
427 420
428 319
428 429
428 433
428 524
429 422
429 428
429 524
429 525
430 423
430 431
430 527
430 528
430 533
431 320
431 430
431 432
431 528
432 311
432 320
432 321
432 431
433 328
433 329
433 428
433 434
434 329
434 433
434 435
434 529
435 434
435 441
435 529
435 530
435 534
436 437
436 532
436 533
436 538
437 330
437 436
437 438
437 533
438 320
438 330
438 331
438 437
439 329
439 336
439 337
439 440
440 337
440 439
440 441
440 534
441 435
441 440
441 447
441 534
441 535
442 443
442 448
442 537
442 538
443 338
443 442
443 444
443 538
444 338
444 339
444 344
444 443
445 342
445 343
445 446
445 451
446 343
446 445
446 447
446 539
447 441
447 446
447 539
447 540
448 442
448 449
448 542
448 543
449 344
449 448
449 450
449 543
450 344
450 345
450 351
450 449
450 456
451 349
451 350
451 445
451 452
451 457
452 350
452 451
452 453
452 544
453 452
453 459
453 544
453 545
454 455
454 543
454 547
454 548
455 351
455 454
455 456
455 548
456 351
456 352
456 450
456 455
457 357
457 358
457 368
457 451
457 458
458 358
458 457
458 459
458 549
459 453
459 458
459 465
459 549
459 550
460 461
460 466
460 551
460 552
461 359
461 460
461 462
461 552
462 359
462 360
462 369
462 461
463 367
463 368
463 464
463 470
464 368
464 463
464 465
464 471
464 553
465 459
465 464
465 549
465 550
465 553
465 554
466 460
466 467
466 552
466 555
466 556
467 369
467 466
467 468
467 556
468 369
468 370
468 467
468 473
469 376
469 377
469 384
469 385
469 470
469 475
470 377
470 463
470 469
470 471
470 557
471 464
471 470
471 557
471 558
472 473
472 478
472 561
472 562
473 378
473 468
473 472
473 474
473 562
474 378
474 379
474 386
474 387
474 473
474 480
475 384
475 385
475 469
475 476
476 385
476 475
476 477
476 563
477 476
477 557
477 563
477 564
478 472
478 479
478 562
478 567
478 568
479 386
479 478
479 485
479 568
480 386
480 387
480 393
480 474
480 486
481 388
481 393
481 394
481 487
482 391
482 392
482 397
482 398
482 488
482 489
483 392
483 398
483 484
483 490
484 483
484 491
484 569
484 573
485 479
485 486
485 568
485 572
486 387
486 393
486 480
486 485
486 487
487 388
487 393
487 394
487 481
487 486
488 396
488 397
488 482
488 489
489 397
489 398
489 482
489 488
490 398
490 483
490 491
490 573
491 484
491 490
491 569
491 573
491 574
492 493
492 497
492 498
492 577
492 578
492 584
493 492
493 494
493 498
493 578
494 493
494 499
494 578
494 579
495 496
495 504
495 582
495 583
495 592
495 593
496 399
496 495
496 497
496 505
496 506
497 400
497 492
497 496
497 577
498 492
498 493
498 499
498 578
499 402
499 494
499 498
499 500
499 579
500 403
500 404
500 499
500 501
500 509
501 404
501 500
501 502
501 510
502 501
502 510
502 511
502 588
502 589
502 598
502 599
503 504
503 514
503 591
503 603
504 405
504 495
504 503
504 505
505 399
505 496
505 504
505 506
505 516
506 399
506 400
506 496
506 505
506 594
507 401
507 408
507 508
507 595
508 402
508 409
508 507
508 596
509 403
509 404
509 500
509 510
510 404
510 501
510 502
510 509
510 517
511 412
511 502
511 512
511 599
512 511
512 519
512 600
512 604
513 514
513 521
513 601
513 609
514 413
514 503
514 513
514 602
515 414
515 516
515 523
515 603
516 405
516 415
516 505
516 515
517 412
517 420
517 510
517 518
518 421
518 422
518 517
518 524
519 422
519 512
519 520
519 605
520 519
520 525
520 526
520 606
520 610
521 423
521 513
521 522
521 527
522 423
522 424
522 521
522 523
523 413
523 424
523 425
523 515
523 522
524 422
524 428
524 429
524 518
524 525
525 429
525 520
525 524
525 526
525 614
526 520
526 525
526 530
526 614
527 430
527 521
527 528
527 532
527 613
528 423
528 430
528 431
528 527
529 434
529 435
529 530
529 614
530 435
530 526
530 529
530 535
530 614
531 532
531 536
531 616
531 617
532 436
532 527
532 531
532 533
533 430
533 436
533 437
533 532
534 435
534 440
534 441
534 535
535 441
535 530
535 534
535 618
536 531
536 537
536 620
536 621
537 442
537 536
537 538
537 542
538 436
538 442
538 443
538 537
539 446
539 447
539 540
539 544
540 447
540 539
540 545
540 622
541 542
541 546
541 624
541 625
542 448
542 537
542 541
542 543
542 547
543 448
543 449
543 454
543 542
543 548
544 452
544 453
544 539
544 545
544 549
545 453
545 540
545 544
545 550
545 626
546 541
546 547
546 624
546 625
546 628
546 629
547 454
547 542
547 546
547 548
548 454
548 455
548 543
548 547
549 458
549 459
549 465
549 544
549 550
550 459
550 465
550 545
550 549
550 630
551 460
551 552
551 555
551 633
552 460
552 461
552 466
552 551
553 464
553 465
553 554
553 558
553 559
554 465
554 553
554 559
554 634
555 466
555 551
555 556
555 635
556 466
556 467
556 555
556 561
557 470
557 471
557 477
557 558
557 563
558 471
558 553
558 557
558 559
558 565
558 636
559 553
559 554
559 558
559 565
559 636
559 637
560 561
560 566
560 638
560 639
561 472
561 556
561 560
561 562
561 566
562 472
562 473
562 478
562 561
563 476
563 477
563 557
563 564
564 477
564 563
564 565
564 570
564 640
565 558
565 559
565 564
565 636
565 640
565 641
566 560
566 561
566 567
566 639
566 642
566 643
567 478
567 566
567 568
567 571
567 572
568 478
568 479
568 485
568 567
568 571
568 572
569 484
569 491
569 570
569 574
570 564
570 569
570 575
570 644
570 648
570 649
571 567
571 568
571 572
571 647
572 485
572 567
572 568
572 571
573 484
573 490
573 491
573 574
574 491
574 569
574 573
574 575
574 648
575 570
575 574
575 648
575 649
576 133
576 577
576 583
576 650
576 651
576 656
577 125
577 492
577 497
577 576
577 584
578 126
578 492
578 493
578 494
578 498
579 127
579 128
579 494
579 499
579 580
580 128
580 579
580 581
580 587
580 652
581 580
581 587
581 588
581 652
581 653
581 661
582 495
582 592
582 593
582 655
583 495
583 576
583 650
583 656
584 492
584 577
584 594
584 657
584 667
585 586
585 595
585 596
585 658
586 585
586 596
586 597
586 659
587 580
587 581
587 588
587 597
587 652
588 502
588 581
588 587
588 589
588 661
589 502
589 588
589 598
589 599
589 662
590 591
590 601
590 663
590 664
590 674
591 503
591 590
591 592
591 602
591 603
592 495
592 582
592 591
592 593
592 603
592 665
592 675
593 495
593 582
593 592
593 594
593 666
593 667
594 506
594 584
594 593
594 595
594 667
595 507
595 585
595 594
595 596
596 508
596 585
596 586
596 595
596 597
597 586
597 587
597 596
597 668
598 502
598 589
598 599
598 669
599 502
599 511
599 589
599 598
599 600
599 604
600 512
600 599
600 604
600 605
601 513
601 590
601 602
601 609
601 681
602 514
602 591
602 601
602 603
602 609
603 503
603 515
603 591
603 592
603 602
603 675
604 512
604 599
604 600
604 605
605 519
605 600
605 604
605 606
606 520
606 605
606 610
606 611
607 608
607 612
607 613
607 679
607 680
607 685
607 686
608 607
608 609
608 613
608 680
609 513
609 601
609 602
609 608
609 681
610 520
610 606
610 611
610 614
611 606
611 610
611 614
611 615
612 607
612 613
612 616
612 685
612 686
613 527
613 607
613 608
613 612
614 525
614 526
614 529
614 530
614 610
614 611
614 615
615 611
615 614
615 618
615 687
616 531
616 612
616 617
616 620
616 690
617 531
617 616
617 621
617 690
618 535
618 615
618 619
618 622
619 618
619 622
619 623
619 691
619 692
619 695
619 696
620 536
620 616
620 621
620 694
621 536
621 617
621 620
621 694
622 540
622 618
622 619
622 623
622 626
623 619
623 622
623 695
623 696
624 541
624 546
624 625
624 698
625 541
625 546
625 624
625 629
625 698
626 545
626 622
626 627
626 631
627 626
627 631
627 699
627 700
628 546
628 629
628 632
628 702
629 546
629 625
629 628
629 702
630 550
630 631
630 634
630 703
631 626
631 627
631 630
631 700
631 703
631 704
632 628
632 633
632 705
632 706
633 551
633 632
633 635
633 706
634 554
634 630
634 637
634 707
635 555
635 633
635 638
635 710
636 558
636 559
636 565
636 637
637 559
637 634
637 636
637 711
638 560
638 635
638 639
638 712
639 560
639 566
639 638
639 642
640 564
640 565
640 641
640 645
640 713
641 565
641 640
641 645
641 713
642 566
642 639
642 643
642 646
642 647
643 566
643 642
643 646
643 647
644 570
644 645
644 649
644 717
645 640
645 641
645 644
645 713
645 717
645 718
646 642
646 643
646 647
646 715
646 716
646 719
646 720
647 571
647 642
647 643
647 646
648 570
648 574
648 575
648 649
649 570
649 575
649 644
649 648
650 133
650 576
650 583
650 651
650 656
651 125
651 133
651 134
651 576
651 650
652 137
652 580
652 581
652 587
652 653
653 137
653 581
653 652
653 661
654 655
654 664
654 665
654 726
655 582
655 654
655 656
655 727
656 576
656 583
656 650
656 655
656 666
656 724
657 584
657 658
657 666
657 667
657 729
658 585
658 657
658 659
658 730
659 586
659 658
659 660
659 731
660 659
660 668
660 732
660 740
661 581
661 588
661 653
661 662
662 589
662 661
662 670
662 734
663 590
663 664
663 673
663 674
663 736
664 590
664 654
664 663
664 665
664 675
665 592
665 654
665 664
665 675
666 593
666 656
666 657
666 667
666 739
667 584
667 593
667 594
667 657
667 666
668 597
668 660
668 669
668 740
669 598
669 668
669 740
669 741
670 662
670 671
670 676
670 748
671 670
671 672
671 676
671 743
671 748
672 671
672 677
672 678
672 744
672 749
672 750
673 663
673 674
673 680
673 681
674 590
674 663
674 673
674 675
674 681
675 592
675 603
675 664
675 665
675 674
676 670
676 671
676 677
676 748
677 672
677 676
677 678
677 682
678 672
678 677
678 682
678 753
679 607
679 680
679 685
679 686
679 751
680 607
680 608
680 673
680 679
680 681
681 601
681 609
681 673
681 674
681 680
682 677
682 678
682 683
682 753
683 682
683 684
683 687
683 754
684 683
684 687
684 688
684 754
684 755
684 758
684 759
685 607
685 612
685 679
685 686
685 689
685 756
686 607
686 612
686 679
686 685
686 690
686 757
687 615
687 683
687 684
687 688
688 684
688 687
688 692
688 758
688 759
689 685
689 690
689 693
689 760
690 616
690 617
690 686
690 689
691 619
691 692
691 695
691 761
692 619
692 688
692 691
692 696
693 689
693 694
693 697
693 763
694 620
694 621
694 693
694 698
695 619
695 623
695 691
695 696
695 764
696 619
696 623
696 692
696 695
696 764
697 693
697 698
697 701
697 766
698 624
698 625
698 694
698 697
698 702
699 627
699 700
699 703
699 767
700 627
700 631
700 699
700 767
701 697
701 702
701 705
701 769
702 628
702 629
702 698
702 701
702 706
703 630
703 631
703 699
703 704
703 707
703 708
704 631
704 703
704 708
704 771
705 632
705 701
705 706
705 709
705 772
705 773
706 632
706 633
706 702
706 705
706 709
706 773
707 634
707 703
707 708
707 711
708 703
708 704
708 707
708 774
708 775
709 705
709 706
709 710
709 776
709 777
710 635
710 709
710 712
710 777
711 637
711 707
711 714
711 778
712 638
712 710
712 715
712 781
713 640
713 641
713 645
713 714
713 718
713 782
714 711
714 713
714 782
714 783
715 646
715 712
715 716
715 719
715 784
715 785
716 646
716 715
716 719
716 720
716 785
717 644
717 645
717 718
717 721
717 722
718 645
718 713
718 717
718 721
718 722
718 782
719 646
719 715
719 716
719 720
719 785
719 789
720 646
720 716
720 719
720 785
720 789
721 717
721 718
721 722
721 790
722 717
722 718
722 721
722 786
722 790
722 791
723 141
723 724
723 727
723 792
724 141
724 656
724 723
724 727
725 143
725 144
725 153
725 733
726 654
726 727
726 737
726 738
727 655
727 723
727 724
727 726
727 796
728 729
728 739
728 797
728 798
729 657
729 728
729 730
729 798
730 658
730 729
730 731
730 799
730 800
731 659
731 730
731 732
731 800
732 660
732 731
732 740
732 741
732 801
733 144
733 725
733 734
733 741
734 662
734 733
734 735
734 804
735 734
735 742
735 743
735 804
736 663
736 737
736 746
736 747
737 726
737 736
737 738
737 747
737 806
738 726
738 737
738 739
738 807
739 666
739 728
739 738
739 808
740 660
740 668
740 669
740 732
740 741
741 669
741 732
741 733
741 740
741 811
742 735
742 743
742 748
742 812
743 671
743 735
743 742
743 744
743 748
743 804
744 672
744 743
744 749
744 750
744 814
745 746
745 751
745 752
745 815
746 736
746 745
746 747
746 752
746 815
747 736
747 737
747 746
747 817
748 670
748 671
748 676
748 742
748 743
748 749
749 672
749 744
749 748
749 750
749 753
750 672
750 744
750 749
750 753
750 754
750 820
751 679
751 745
751 752
751 757
752 745
752 746
752 751
752 757
752 815
753 678
753 682
753 749
753 750
753 754
754 683
754 684
754 750
754 753
754 755
755 684
755 754
755 758
755 759
755 826
756 685
756 757
756 760
756 827
757 686
757 751
757 752
757 756
758 684
758 688
758 755
758 759
758 761
759 684
759 688
759 755
759 758
759 761
759 830
760 689
760 756
760 763
760 831
761 691
761 758
761 759
761 762
762 761
762 764
762 765
762 834
763 693
763 760
763 766
763 835
764 695
764 696
764 762
764 765
765 762
765 764
765 768
765 838
766 697
766 763
766 769
766 839
767 699
767 700
767 768
767 770
767 771
768 765
768 767
768 771
768 842
769 701
769 766
769 772
769 843
770 767
770 771
770 774
770 845
771 704
771 767
771 768
771 770
772 705
772 769
772 773
772 847
773 705
773 706
773 772
773 776
773 777
774 708
774 770
774 775
774 779
774 850
774 854
775 708
775 774
775 779
775 850
776 709
776 773
776 777
776 780
777 709
777 710
777 773
777 776
777 780
778 711
778 779
778 853
778 854
779 774
779 775
779 778
779 854
780 776
780 777
780 781
780 855
781 712
781 780
781 784
781 855
781 856
782 713
782 714
782 718
782 783
782 786
782 787
783 714
783 782
783 787
783 858
784 715
784 781
784 785
784 788
784 789
784 859
785 715
785 716
785 719
785 720
785 784
785 788
785 789
786 722
786 782
786 787
786 790
786 791
787 782
787 783
787 786
787 791
788 784
788 785
788 789
788 863
789 719
789 720
789 784
789 785
789 788
790 721
790 722
790 786
790 791
790 866
791 722
791 786
791 787
791 790
791 866
792 149
792 150
792 723
792 797
792 867
793 152
793 153
793 794
793 801
794 153
794 793
794 802
794 872
795 796
795 806
795 807
795 873
796 727
796 795
796 797
796 873
796 874
797 728
797 792
797 796
797 808
797 809
797 867
798 728
798 729
798 799
798 808
798 809
798 876
799 730
799 798
799 800
799 869
799 877
800 730
800 731
800 799
800 801
800 878
801 732
801 793
801 800
801 810
801 811
802 794
802 803
802 872
802 880
803 802
803 804
803 812
803 881
804 734
804 735
804 743
804 803
804 812
804 813
805 806
805 816
805 817
805 882
806 737
806 795
806 805
806 807
806 873
807 738
807 795
807 806
807 873
807 884
808 739
808 797
808 798
808 809
808 885
809 797
809 798
809 808
809 876
809 885
809 886
810 801
810 811
810 889
810 890
811 741
811 801
811 810
811 890
812 742
812 803
812 804
812 818
813 804
813 814
813 818
813 892
814 744
814 813
814 819
814 820
815 745
815 746
815 752
815 816
815 821
815 822
816 805
816 815
816 817
816 822
816 823
817 747
817 805
817 816
817 823
817 882
818 812
818 813
818 819
818 896
819 814
819 818
819 820
819 824
820 750
820 814
820 819
820 824
821 815
821 822
821 827
821 899
822 815
822 816
822 821
822 823
823 816
823 817
823 822
823 893
823 900
823 901
824 819
824 820
824 825
824 902
825 824
825 826
825 829
825 903
826 755
826 825
826 829
826 830
827 756
827 821
827 828
827 831
827 899
827 904
828 827
828 832
828 899
828 904
829 825
829 826
829 830
829 906
829 907
830 759
830 826
830 829
830 833
830 907
831 760
831 827
831 832
831 835
831 836
832 828
832 831
832 908
832 909
833 830
833 834
833 837
833 907
833 911
834 762
834 833
834 838
834 907
834 911
835 763
835 831
835 836
835 839
835 912
836 831
836 835
836 912
836 913
837 833
837 838
837 841
837 915
838 765
838 834
838 837
838 842
838 915
839 766
839 835
839 840
839 843
840 839
840 844
840 916
840 917
841 837
841 842
841 845
841 919
842 768
842 838
842 841
842 846
842 919
843 769
843 839
843 844
843 847
844 840
844 843
844 920
844 921
845 770
845 841
845 846
845 850
845 923
846 842
846 845
846 850
846 923
847 772
847 843
847 848
847 851
847 924
847 927
848 847
848 851
848 924
848 927
849 850
849 853
849 854
849 926
850 774
850 775
850 845
850 846
850 849
850 854
851 847
851 848
851 852
851 855
851 927
852 851
852 855
852 856
852 927
852 928
853 778
853 849
853 854
853 858
853 930
854 774
854 778
854 779
854 849
854 850
854 853
855 780
855 781
855 851
855 852
855 856
856 781
856 852
856 855
856 859
856 931
857 858
857 861
857 862
857 933
857 934
857 938
858 783
858 853
858 857
858 934
859 784
859 856
859 860
859 863
860 859
860 863
860 864
860 935
860 939
861 857
861 862
861 865
861 866
861 938
862 857
862 861
862 865
862 866
862 938
863 788
863 859
863 860
863 864
863 939
864 860
864 863
864 939
864 940
865 861
865 862
865 866
865 941
866 790
866 791
866 861
866 862
866 865
867 792
867 797
867 868
867 875
868 157
868 867
868 869
868 875
868 942
869 157
869 158
869 799
869 868
869 877
870 159
870 160
870 944
870 945
870 950
871 160
871 872
871 879
871 945
872 794
872 802
872 871
872 880
873 795
873 796
873 806
873 807
873 874
873 883
873 884
874 796
874 873
874 875
874 884
874 946
875 867
875 868
875 874
875 946
876 798
876 809
876 877
876 886
876 887
877 799
877 869
877 876
877 887
878 800
878 879
878 888
878 889
879 871
879 878
879 889
879 945
879 951
880 802
880 872
880 881
880 952
880 953
881 803
881 880
881 890
881 891
881 953
882 805
882 817
882 883
882 893
882 894
883 873
883 882
883 895
883 954
884 807
884 873
884 874
884 885
884 895
885 808
885 809
885 884
885 947
886 809
886 876
886 887
886 947
886 957
887 876
887 877
887 886
887 888
887 958
888 878
888 887
888 889
888 959
889 810
889 878
889 879
889 888
889 960
890 810
890 811
890 881
890 891
890 953
891 881
891 890
891 892
891 896
891 953
891 962
891 963
892 813
892 891
892 896
892 897
892 963
893 823
893 882
893 894
893 901
894 882
894 893
894 895
894 901
894 954
894 965
895 883
895 884
895 894
895 954
896 818
896 891
896 892
896 897
896 963
896 969
897 892
897 896
897 898
897 902
897 963
898 897
898 902
898 903
898 971
899 821
899 827
899 828
899 900
899 904
899 905
900 823
900 899
900 901
900 905
900 972
901 823
901 893
901 894
901 900
901 964
902 824
902 897
902 898
902 903
903 825
903 898
903 902
903 906
904 827
904 828
904 899
904 905
904 978
905 899
905 900
905 904
905 978
906 829
906 903
906 907
906 982
907 829
907 830
907 833
907 834
907 906
907 910
907 911
908 832
908 909
908 912
908 978
908 983
909 832
909 908
909 978
909 983
910 907
910 911
910 914
910 986
911 833
911 834
911 907
911 910
911 914
911 915
912 835
912 836
912 908
912 913
912 987
913 836
913 912
913 917
913 987
914 910
914 911
914 915
914 990
915 837
915 838
915 911
915 914
916 840
916 917
916 920
916 991
917 840
917 913
917 916
917 991
918 919
918 922
918 923
918 994
919 841
919 842
919 918
919 923
920 844
920 916
920 921
920 995
920 999
921 844
921 920
921 995
921 999
922 918
922 923
922 926
922 998
923 845
923 846
923 918
923 919
923 922
924 847
924 848
924 925
924 927
924 999
925 924
925 927
925 928
925 999
926 849
926 922
926 930
926 1003
927 847
927 848
927 851
927 852
927 924
927 925
927 928
928 852
928 925
928 927
928 931
928 1004
929 930
929 933
929 934
929 1006
929 1007
929 1012
930 853
930 926
930 929
930 1007
931 856
931 928
931 932
931 1008
932 931
932 936
932 1008
932 1009
932 1013
933 857
933 929
933 934
933 938
933 1012
934 857
934 858
934 929
934 933
934 938
934 1012
935 860
935 936
935 939
935 940
935 1013
936 932
936 935
936 939
936 940
936 1013
937 938
937 941
937 1017
937 1021
938 857
938 861
938 862
938 933
938 934
938 937
939 860
939 863
939 864
939 935
939 936
939 940
940 864
940 935
940 936
940 939
940 1018
941 865
941 937
941 1017
941 1021
942 157
942 868
942 943
942 948
943 158
943 942
943 944
943 949
944 870
944 943
944 945
944 950
945 870
945 871
945 879
945 944
945 950
945 951
946 874
946 875
946 947
946 955
947 885
947 886
947 946
947 948
947 956
947 957
947 1022
948 942
948 947
948 949
948 1022
948 1023
949 943
949 948
949 950
949 1024
950 870
950 944
950 945
950 949
950 951
950 1025
951 879
951 945
951 950
951 1026
952 880
952 953
952 961
952 1027
953 880
953 881
953 890
953 891
953 952
953 961
953 962
954 883
954 894
954 895
954 965
955 946
955 966
955 1028
955 1029
956 947
956 957
956 967
956 1022
957 886
957 947
957 956
957 1031
958 887
958 959
958 1024
958 1032
959 888
959 958
959 960
959 1025
959 1033
960 889
960 959
960 1026
960 1034
961 952
961 953
961 968
961 1027
962 891
962 953
962 963
962 1036
963 891
963 892
963 896
963 897
963 962
963 970
964 901
964 965
964 972
964 973
965 894
965 954
965 964
965 966
966 955
966 965
966 967
966 974
966 1028
967 956
967 966
967 1029
967 1039
968 961
968 969
968 1036
968 1044
969 896
969 968
969 970
969 975
970 963
970 969
970 971
970 1046
971 898
971 970
971 976
971 977
972 900
972 964
972 973
972 1047
973 964
973 972
973 974
973 1047
974 966
974 973
974 1037
974 1048
974 1049
975 969
975 976
975 1046
975 1052
975 1053
976 971
976 975
976 977
976 1054
977 971
977 976
977 981
977 1054
978 904
978 905
978 908
978 909
978 979
978 983
978 984
979 978
979 980
979 984
979 1055
980 979
980 1047
980 1055
980 1056
981 977
981 982
981 1054
981 1059
981 1060
982 906
982 981
982 986
982 1054
982 1060
983 908
983 909
983 978
983 984
984 978
984 979
984 983
984 1061
985 986
985 1060
985 1064
985 1065
986 910
986 982
986 985
986 990
986 1065
987 912
987 913
987 988
987 991
988 987
988 991
988 992
988 1066
989 990
989 1065
989 1069
989 1070
990 914
990 986
990 989
990 994
990 1070
991 916
991 917
991 987
991 988
991 992
992 988
992 991
992 996
992 1071
993 994
993 997
993 1074
993 1075
994 918
994 990
994 993
994 1075
995 920
995 921
995 996
995 999
996 992
996 995
996 999
996 1000
996 1076
997 993
997 998
997 1079
997 1080
997 1086
998 922
998 997
998 1003
998 1080
999 920
999 921
999 924
999 925
999 995
999 996
999 1000
1000 996
1000 999
1000 1001
1000 1004
1000 1081
1001 1000
1001 1005
1001 1081
1001 1082
1001 1087
1002 1003
1002 1006
1002 1007
1002 1085
1002 1086
1002 1092
1003 926
1003 998
1003 1002
1003 1007
1003 1086
1004 928
1004 1000
1004 1005
1004 1087
1005 1001
1005 1004
1005 1087
1005 1088
1006 929
1006 1002
1006 1007
1006 1091
1006 1092
1007 929
1007 930
1007 1002
1007 1003
1007 1006
1007 1092
1008 931
1008 932
1008 1009
1008 1013
1009 932
1009 1008
1009 1013
1009 1093
1010 1011
1010 1096
1010 1097
1010 1103
1011 1010
1011 1012
1011 1017
1011 1097
1012 929
1012 933
1012 934
1012 1011
1013 932
1013 935
1013 936
1013 1008
1013 1009
1013 1014
1014 1013
1014 1015
1014 1018
1014 1098
1015 1014
1015 1019
1015 1098
1015 1099
1015 1104
1016 1017
1016 1020
1016 1021
1016 1102
1016 1103
1016 1109
1017 937
1017 941
1017 1011
1017 1016
1017 1021
1017 1103
1018 940
1018 1014
1018 1019
1018 1104
1019 1015
1019 1018
1019 1104
1019 1105
1020 1016
1020 1021
1020 1102
1020 1109
1021 937
1021 941
1021 1016
1021 1017
1021 1020
1022 947
1022 948
1022 956
1022 1023
1022 1030
1022 1031
1023 948
1023 1022
1023 1024
1023 1031
1024 949
1024 958
1024 1023
1024 1025
1024 1032
1025 950
1025 959
1025 1024
1025 1033
1026 951
1026 960
1026 1027
1026 1034
1027 952
1027 961
1027 1026
1027 1034
1027 1035
1028 955
1028 966
1028 1029
1028 1037
1028 1038
1029 955
1029 967
1029 1028
1029 1030
1029 1038
1029 1110
1030 1022
1030 1029
1030 1031
1030 1110
1030 1111
1031 957
1031 1022
1031 1023
1031 1030
1031 1040
1031 1112
1032 958
1032 1024
1032 1033
1032 1041
1032 1113
1033 959
1033 1025
1033 1032
1033 1042
1033 1114
1034 960
1034 1026
1034 1027
1034 1035
1034 1043
1034 1115
1034 1116
1035 1027
1035 1034
1035 1036
1035 1044
1035 1116
1036 962
1036 968
1036 1035
1036 1045
1037 974
1037 1028
1037 1038
1037 1048
1038 1028
1038 1029
1038 1037
1038 1110
1038 1117
1039 967
1039 1050
1039 1110
1039 1111
1040 1031
1040 1041
1040 1111
1040 1112
1040 1119
1041 1032
1041 1040
1041 1113
1041 1120
1042 1033
1042 1043
1042 1114
1042 1121
1043 1034
1043 1042
1043 1044
1043 1115
1043 1116
1043 1122
1044 968
1044 1035
1044 1043
1044 1051
1044 1116
1044 1123
1045 1036
1045 1046
1045 1052
1045 1124
1046 970
1046 975
1046 1045
1046 1053
1047 972
1047 973
1047 980
1047 1048
1047 1055
1048 974
1048 1037
1048 1047
1048 1049
1048 1125
1049 974
1049 1048
1049 1050
1049 1125
1049 1126
1050 1039
1050 1049
1050 1117
1050 1118
1050 1126
1050 1127
1051 1044
1051 1052
1051 1123
1051 1124
1051 1132
1051 1133
1052 975
1052 1045
1052 1051
1052 1134
1053 975
1053 1046
1053 1054
1053 1134
1054 976
1054 977
1054 981
1054 982
1054 1053
1054 1060
1055 979
1055 980
1055 1047
1055 1056
1055 1061
1056 980
1056 1055
1056 1057
1056 1062
1056 1135
1057 1056
1057 1125
1057 1135
1057 1136
1058 1059
1058 1134
1058 1141
1058 1142
1059 981
1059 1058
1059 1060
1059 1142
1060 981
1060 982
1060 985
1060 1054
1060 1059
1060 1065
1061 984
1061 1055
1061 1062
1061 1066
1062 1056
1062 1061
1062 1067
1062 1143
1063 1064
1063 1142
1063 1147
1063 1148
1064 985
1064 1063
1064 1065
1064 1148
1065 985
1065 986
1065 989
1065 1060
1065 1064
1066 988
1066 1061
1066 1067
1066 1071
1067 1062
1067 1066
1067 1072
1067 1149
1068 1069
1068 1148
1068 1152
1068 1153
1069 989
1069 1068
1069 1070
1069 1153
1070 989
1070 990
1070 1069
1070 1075
1071 992
1071 1066
1071 1072
1071 1076
1072 1067
1072 1071
1072 1077
1072 1154
1073 1074
1073 1078
1073 1157
1073 1158
1073 1164
1074 993
1074 1073
1074 1075
1074 1158
1075 993
1075 994
1075 1070
1075 1074
1076 996
1076 1071
1076 1077
1076 1081
1077 1072
1077 1076
1077 1082
1077 1159
1078 1073
1078 1079
1078 1163
1078 1164
1079 997
1079 1078
1079 1080
1079 1164
1080 997
1080 998
1080 1079
1080 1086
1081 1000
1081 1001
1081 1076
1081 1082
1081 1087
1082 1001
1082 1077
1082 1081
1082 1083
1082 1165
1083 1082
1083 1089
1083 1165
1083 1166
1083 1173
1084 1085
1084 1090
1084 1171
1084 1172
1084 1181
1085 1002
1085 1084
1085 1086
1085 1172
1086 997
1086 1002
1086 1003
1086 1080
1086 1085
1086 1092
1087 1001
1087 1004
1087 1005
1087 1081
1087 1088
1088 1005
1088 1087
1088 1089
1088 1093
1088 1173
1089 1083
1089 1088
1089 1094
1089 1173
1089 1174
1090 1084
1090 1091
1090 1180
1090 1181
1091 1006
1091 1090
1091 1092
1091 1181
1092 1002
1092 1006
1092 1007
1092 1086
1092 1091
1093 1009
1093 1088
1093 1094
1093 1098
1094 1089
1094 1093
1094 1099
1094 1182
1095 1096
1095 1188
1095 1189
1095 1196
1095 1197
1096 1010
1096 1095
1096 1097
1096 1189
1097 1010
1097 1011
1097 1096
1097 1103
1098 1014
1098 1015
1098 1093
1098 1099
1098 1104
1099 1015
1099 1094
1099 1098
1099 1100
1099 1190
1100 1099
1100 1106
1100 1190
1100 1191
1100 1198
1100 1199
1101 1102
1101 1108
1101 1196
1101 1197
1101 1204
1102 1016
1102 1020
1102 1101
1102 1103
1102 1109
1102 1197
1103 1010
1103 1016
1103 1017
1103 1097
1103 1102
1104 1015
1104 1018
1104 1019
1104 1098
1104 1105
1105 1019
1105 1104
1105 1106
1105 1198
1106 1100
1106 1105
1106 1198
1106 1199
1107 1108
1107 1195
1107 1203
1107 1204
1108 1101
1108 1107
1108 1109
1108 1204
1109 1016
1109 1020
1109 1102
1109 1108
1110 1029
1110 1030
1110 1038
1110 1039
1110 1111
1110 1117
1111 1030
1111 1039
1111 1040
1111 1110
1112 1031
1112 1040
1112 1113
1112 1119
1113 1032
1113 1041
1113 1112
1113 1114
1113 1120
1114 1033
1114 1042
1114 1113
1114 1115
1114 1121
1115 1034
1115 1043
1115 1114
1115 1122
1116 1034
1116 1035
1116 1043
1116 1044
1117 1038
1117 1050
1117 1110
1117 1118
1118 1050
1118 1117
1118 1127
1118 1205
1119 1040
1119 1112
1119 1205
1119 1206
1120 1041
1120 1113
1120 1121
1120 1129
1120 1207
1121 1042
1121 1114
1121 1120
1121 1130
1121 1208
1122 1043
1122 1115
1122 1209
1122 1210
1123 1044
1123 1051
1123 1124
1123 1210
1124 1045
1124 1051
1124 1123
1124 1133
1125 1048
1125 1049
1125 1057
1125 1126
1125 1135
1126 1049
1126 1050
1126 1125
1126 1127
1126 1136
1126 1211
1127 1050
1127 1118
1127 1126
1127 1212
1128 1129
1128 1138
1128 1205
1128 1206
1128 1213
1129 1120
1129 1128
1129 1207
1129 1214
1130 1121
1130 1131
1130 1208
1130 1215
1131 1130
1131 1139
1131 1209
1131 1210
1131 1216
1132 1051
1132 1133
1132 1210
1132 1217
1133 1051
1133 1124
1133 1132
1133 1134
1133 1218
1134 1052
1134 1053
1134 1058
1134 1133
1134 1142
1135 1056
1135 1057
1135 1125
1135 1136
1135 1143
1136 1057
1136 1126
1136 1135
1136 1144
1136 1219
1137 1138
1137 1145
1137 1211
1137 1219
1137 1220
1138 1128
1138 1137
1138 1212
1138 1213
1138 1220
1138 1221
1139 1131
1139 1216
1139 1217
1139 1224
1139 1225
1140 1141
1140 1146
1140 1218
1140 1225
1140 1226
1141 1058
1141 1140
1141 1142
1141 1226
1142 1058
1142 1059
1142 1063
1142 1134
1142 1141
1143 1062
1143 1135
1143 1144
1143 1149
1144 1136
1144 1143
1144 1145
1144 1150
1144 1227
1145 1137
1145 1144
1145 1219
1145 1220
1145 1227
1145 1228
1146 1140
1146 1147
1146 1226
1146 1233
1146 1234
1147 1063
1147 1146
1147 1148
1147 1234
1148 1063
1148 1064
1148 1068
1148 1147
1148 1153
1149 1067
1149 1143
1149 1150
1149 1154
1150 1144
1150 1149
1150 1155
1150 1235
1151 1152
1151 1234
1151 1241
1151 1242
1152 1068
1152 1151
1152 1153
1152 1242
1153 1068
1153 1069
1153 1148
1153 1152
1154 1072
1154 1149
1154 1155
1154 1159
1155 1150
1155 1154
1155 1160
1155 1243
1155 1251
1156 1157
1156 1162
1156 1249
1156 1250
1156 1258
1157 1073
1157 1156
1157 1158
1157 1250
1158 1073
1158 1074
1158 1157
1158 1164
1159 1077
1159 1154
1159 1160
1159 1165
1160 1155
1160 1159
1160 1161
1160 1251
1161 1160
1161 1251
1161 1252
1161 1259
1162 1156
1162 1163
1162 1257
1162 1258
1163 1078
1163 1162
1163 1164
1163 1258
1164 1073
1164 1078
1164 1079
1164 1158
1164 1163
1165 1082
1165 1083
1165 1159
1165 1166
1165 1173
1166 1083
1166 1165
1166 1259
1166 1267
1167 1168
1167 1175
1167 1259
1167 1260
1167 1267
1168 1167
1168 1175
1168 1176
1168 1260
1168 1261
1168 1268
1168 1269
1169 1170
1169 1178
1169 1264
1169 1265
1169 1272
1169 1273
1170 1169
1170 1265
1170 1266
1170 1274
1171 1084
1171 1172
1171 1181
1171 1266
1172 1084
1172 1085
1172 1171
1172 1181
1173 1083
1173 1088
1173 1089
1173 1165
1173 1174
1174 1089
1174 1173
1174 1182
1174 1267
1175 1167
1175 1168
1175 1176
1175 1267
1175 1268
1176 1168
1176 1175
1176 1268
1176 1269
1176 1275
1177 1178
1177 1186
1177 1187
1177 1271
1177 1272
1177 1278
1177 1279
1178 1169
1178 1177
1178 1272
1178 1280
1179 1180
1179 1273
1179 1274
1179 1280
1180 1090
1180 1179
1180 1181
1180 1274
1181 1084
1181 1090
1181 1091
1181 1171
1181 1172
1181 1180
1182 1094
1182 1174
1182 1183
1182 1190
1183 1182
1183 1184
1183 1191
1183 1275
1184 1183
1184 1192
1184 1275
1184 1276
1184 1281
1185 1276
1185 1277
1185 1281
1185 1282
1186 1177
1186 1278
1186 1283
1186 1284
1187 1177
1187 1279
1187 1280
1187 1284
1188 1095
1188 1189
1188 1196
1188 1280
1189 1095
1189 1096
1189 1188
1189 1197
1190 1099
1190 1100
1190 1182
1190 1191
1190 1198
1191 1100
1191 1183
1191 1190
1191 1198
1191 1199
1192 1184
1192 1193
1192 1200
1192 1281
1193 1192
1193 1200
1193 1201
1193 1281
1193 1282
1193 1285
1194 1195
1194 1202
1194 1283
1194 1284
1194 1285
1195 1107
1195 1194
1195 1196
1195 1203
1195 1284
1196 1095
1196 1101
1196 1188
1196 1195
1196 1197
1196 1204
1197 1095
1197 1101
1197 1102
1197 1189
1197 1196
1198 1100
1198 1105
1198 1106
1198 1190
1198 1191
1198 1199
1199 1100
1199 1106
1199 1191
1199 1198
1199 1200
1200 1192
1200 1193
1200 1199
1200 1201
1201 1193
1201 1200
1201 1202
1201 1282
1201 1285
1202 1194
1202 1201
1202 1203
1202 1285
1203 1107
1203 1195
1203 1202
1203 1204
1204 1101
1204 1107
1204 1108
1204 1196
1204 1203
1205 1118
1205 1119
1205 1128
1205 1206
1205 1212
1206 1119
1206 1128
1206 1205
1206 1207
1206 1213
1207 1120
1207 1129
1207 1206
1207 1208
1207 1214
1208 1121
1208 1130
1208 1207
1208 1215
1209 1122
1209 1131
1209 1210
1209 1216
1210 1122
1210 1123
1210 1131
1210 1132
1210 1209
1210 1216
1210 1217
1211 1126
1211 1137
1211 1212
1211 1219
1212 1127
1212 1138
1212 1205
1212 1211
1213 1128
1213 1138
1213 1206
1213 1221
1214 1129
1214 1207
1214 1215
1214 1222
1215 1130
1215 1208
1215 1214
1215 1223
1216 1131
1216 1139
1216 1209
1216 1210
1217 1132
1217 1139
1217 1210
1217 1218
1218 1133
1218 1140
1218 1217
1218 1225
1218 1226
1219 1136
1219 1137
1219 1145
1219 1211
1219 1220
1220 1137
1220 1138
1220 1145
1220 1219
1220 1221
1220 1228
1221 1138
1221 1213
1221 1220
1221 1229
1222 1214
1222 1223
1222 1286
1222 1287
1223 1215
1223 1222
1223 1224
1223 1286
1223 1287
1224 1139
1224 1223
1224 1225
1224 1232
1225 1139
1225 1140
1225 1218
1225 1224
1225 1226
1226 1140
1226 1141
1226 1146
1226 1218
1226 1225
1227 1144
1227 1145
1227 1228
1227 1235
1228 1145
1228 1220
1228 1227
1228 1229
1228 1236
1229 1221
1229 1228
1229 1237
1229 1288
1230 1238
1230 1286
1230 1288
1230 1289
1230 1290
1231 1232
1231 1239
1231 1287
1231 1290
1232 1224
1232 1231
1232 1233
1232 1240
1233 1146
1233 1232
1233 1234
1233 1241
1234 1146
1234 1147
1234 1151
1234 1233
1234 1242
1235 1150
1235 1227
1235 1236
1235 1243
1236 1228
1236 1235
1236 1237
1236 1244
1237 1229
1237 1236
1237 1288
1237 1291
1238 1230
1238 1239
1238 1291
1238 1292
1239 1231
1239 1238
1239 1240
1239 1293
1239 1294
1239 1298
1240 1232
1240 1239
1240 1294
1240 1298
1241 1151
1241 1233
1241 1242
1241 1249
1242 1151
1242 1152
1242 1234
1242 1241
1242 1250
1243 1155
1243 1235
1243 1244
1243 1251
1244 1236
1244 1243
1244 1245
1244 1252
1245 1244
1245 1253
1245 1295
1245 1299
1246 1247
1246 1295
1246 1296
1246 1299
1247 1246
1247 1248
1247 1255
1247 1297
1247 1298
1248 1247
1248 1249
1248 1256
1248 1294
1248 1298
1249 1156
1249 1241
1249 1248
1249 1250
1250 1156
1250 1157
1250 1242
1250 1249
1251 1155
1251 1160
1251 1161
1251 1243
1251 1252
1252 1161
1252 1244
1252 1251
1252 1253
1253 1245
1253 1252
1253 1261
1253 1299
1254 1299
1254 1300
1254 1301
1254 1302
1255 1247
1255 1256
1255 1301
1255 1303
1256 1248
1256 1255
1256 1257
1256 1264
1257 1162
1257 1256
1257 1258
1257 1265
1258 1156
1258 1162
1258 1163
1258 1257
1259 1161
1259 1166
1259 1167
1259 1260
1259 1267
1260 1167
1260 1168
1260 1259
1260 1261
1261 1168
1261 1253
1261 1260
1261 1262
1261 1269
1262 1261
1262 1270
1262 1302
1262 1303
1263 1264
1263 1271
1263 1302
1263 1303
1264 1169
1264 1256
1264 1263
1264 1265
1264 1272
1265 1169
1265 1170
1265 1257
1265 1264
1265 1266
1265 1274
1266 1170
1266 1171
1266 1265
1266 1274
1267 1166
1267 1167
1267 1174
1267 1175
1267 1259
1268 1168
1268 1175
1268 1176
1268 1275
1269 1168
1269 1176
1269 1261
1269 1270
1269 1276
1270 1262
1270 1269
1270 1271
1270 1277
1271 1177
1271 1263
1271 1270
1271 1272
1272 1169
1272 1177
1272 1178
1272 1264
1272 1271
1273 1169
1273 1179
1273 1274
1273 1280
1274 1170
1274 1179
1274 1180
1274 1265
1274 1266
1274 1273
1275 1176
1275 1183
1275 1184
1275 1268
1275 1276
1276 1184
1276 1185
1276 1269
1276 1275
1276 1281
1277 1185
1277 1270
1277 1278
1277 1282
1278 1177
1278 1186
1278 1277
1278 1284
1279 1177
1279 1187
1279 1280
1279 1284
1280 1178
1280 1179
1280 1187
1280 1188
1280 1273
1280 1279
1281 1184
1281 1185
1281 1192
1281 1193
1281 1276
1282 1185
1282 1193
1282 1201
1282 1277
1282 1283
1282 1285
1283 1186
1283 1194
1283 1282
1283 1284
1283 1285
1284 1186
1284 1187
1284 1194
1284 1195
1284 1278
1284 1279
1284 1283
1285 1193
1285 1194
1285 1201
1285 1202
1285 1282
1285 1283
1286 1222
1286 1223
1286 1230
1286 1287
1286 1289
1287 1222
1287 1223
1287 1231
1287 1286
1287 1290
1288 1229
1288 1230
1288 1237
1288 1289
1288 1291
1288 1292
1289 1230
1289 1286
1289 1288
1289 1290
1290 1230
1290 1231
1290 1287
1290 1289
1291 1237
1291 1238
1291 1288
1291 1292
1292 1238
1292 1288
1292 1291
1292 1293
1293 1239
1293 1292
1293 1294
1293 1298
1294 1239
1294 1240
1294 1248
1294 1293
1294 1297
1294 1298
1295 1245
1295 1246
1295 1296
1295 1299
1296 1246
1296 1295
1296 1297
1296 1299
1297 1247
1297 1294
1297 1296
1297 1298
1298 1239
1298 1240
1298 1247
1298 1248
1298 1293
1298 1294
1298 1297
1299 1245
1299 1246
1299 1253
1299 1254
1299 1295
1299 1296
1299 1300
1300 1254
1300 1299
1300 1301
1300 1302
1301 1254
1301 1255
1301 1300
1301 1303
1302 1254
1302 1262
1302 1263
1302 1300
1302 1303
1303 1255
1303 1262
1303 1263
1303 1301
1303 1302
