0 1
0 4
0 124
0 381
0 395
1 0
1 2
1 5
1 368
1 382
2 1
2 3
2 6
2 369
2 383
3 2
3 7
3 125
3 384
3 396
4 0
4 5
4 8
4 126
5 1
5 4
5 6
5 9
6 2
6 5
6 7
6 10
7 3
7 6
7 11
7 125
7 127
8 4
8 9
8 12
8 128
9 5
9 8
9 10
9 13
10 6
10 9
10 11
10 14
11 7
11 10
11 15
11 129
12 8
12 13
12 16
12 130
13 9
13 12
13 14
13 17
14 10
14 13
14 15
14 18
15 11
15 14
15 19
15 131
16 12
16 17
16 20
16 132
17 13
17 16
17 18
17 21
18 14
18 17
18 19
18 22
19 15
19 18
19 23
19 133
20 16
20 21
20 24
20 134
21 17
21 20
21 22
21 25
22 18
22 21
22 23
22 26
23 19
23 22
23 27
23 135
24 20
24 25
24 28
24 136
25 21
25 24
25 26
25 29
26 22
26 25
26 27
26 30
27 23
27 26
27 31
27 137
28 24
28 29
28 32
28 138
29 25
29 28
29 30
29 33
30 26
30 29
30 31
30 34
31 27
31 30
31 35
31 139
32 28
32 33
32 36
32 140
33 29
33 32
33 34
33 37
34 30
34 33
34 35
34 38
35 31
35 34
35 39
35 142
36 32
36 37
36 40
36 143
37 33
37 36
37 38
37 41
38 34
38 37
38 39
38 42
39 35
39 38
39 43
39 144
40 36
40 41
40 44
40 145
41 37
41 40
41 42
41 45
42 38
42 41
42 43
42 46
43 39
43 42
43 47
43 146
44 40
44 45
44 48
44 147
45 41
45 44
45 46
45 49
46 42
46 45
46 47
46 50
47 43
47 46
47 51
47 148
48 44
48 49
48 52
48 149
49 45
49 48
49 50
49 53
50 46
50 49
50 51
50 54
51 47
51 50
51 55
51 150
52 48
52 53
52 56
52 151
53 49
53 52
53 54
53 57
54 50
54 53
54 55
54 58
55 51
55 54
55 59
55 152
56 52
56 57
56 60
56 153
57 53
57 56
57 58
57 61
58 54
58 57
58 59
58 62
59 55
59 58
59 63
59 154
60 56
60 61
60 64
60 155
61 57
61 60
61 62
61 65
62 58
62 61
62 63
62 66
63 59
63 62
63 67
63 156
64 60
64 65
64 68
64 157
65 61
65 64
65 66
65 69
66 62
66 65
66 67
66 70
67 63
67 66
67 71
67 158
68 64
68 69
68 72
68 159
69 65
69 68
69 70
69 73
70 66
70 69
70 71
70 74
71 67
71 70
71 75
71 160
72 68
72 73
72 76
72 161
73 69
73 72
73 74
73 77
74 70
74 73
74 75
74 78
75 71
75 74
75 79
75 162
76 72
76 77
76 80
76 163
77 73
77 76
77 78
77 81
78 74
78 77
78 79
78 82
79 75
79 78
79 83
79 164
80 76
80 81
80 84
80 165
81 77
81 80
81 82
81 85
82 78
82 81
82 83
82 86
83 79
83 82
83 87
83 166
84 80
84 85
84 88
84 167
85 81
85 84
85 86
85 89
86 82
86 85
86 87
86 90
87 83
87 86
87 91
87 168
88 84
88 89
88 92
88 169
89 85
89 88
89 90
89 93
90 86
90 89
90 91
90 94
91 87
91 90
91 95
91 170
92 88
92 93
92 96
92 171
93 89
93 92
93 94
93 97
94 90
94 93
94 95
94 98
95 91
95 94
95 99
95 172
96 92
96 97
96 100
96 173
97 93
97 96
97 98
97 101
98 94
98 97
98 99
98 102
99 95
99 98
99 103
99 174
100 96
100 101
100 104
100 175
101 97
101 100
101 102
101 105
102 98
102 101
102 103
102 106
103 99
103 102
103 107
103 176
104 100
104 105
104 108
104 177
105 101
105 104
105 106
105 109
106 102
106 105
106 107
106 110
107 103
107 106
107 111
107 178
108 104
108 109
108 120
108 179
108 185
109 105
109 108
109 110
109 113
110 106
110 109
110 111
110 114
111 107
111 110
111 115
111 180
112 113
112 116
112 120
112 181
112 185
113 109
113 112
113 114
113 117
113 120
114 110
114 113
114 115
114 118
114 123
115 111
115 114
115 123
115 182
115 188
116 112
116 117
116 121
116 183
116 186
117 113
117 116
117 118
117 121
117 122
118 114
118 117
118 119
118 121
118 122
119 118
119 122
119 123
119 184
119 187
119 188
120 108
120 112
120 113
120 181
120 185
121 116
121 117
121 118
121 122
122 117
122 118
122 119
122 121
123 114
123 115
123 119
123 182
123 188
124 0
124 126
124 395
124 407
125 3
125 7
125 127
125 191
125 194
126 4
126 124
126 128
126 192
127 7
127 125
127 129
127 194
128 8
128 126
128 130
128 195
129 11
129 127
129 131
129 197
130 12
130 128
130 132
130 198
131 15
131 129
131 133
131 200
132 16
132 130
132 134
132 201
133 19
133 131
133 135
133 203
134 20
134 132
134 136
134 204
135 23
135 133
135 137
135 206
136 24
136 134
136 138
136 207
137 27
137 135
137 139
137 209
138 28
138 136
138 140
138 141
138 210
139 31
139 137
139 142
139 212
140 32
140 138
140 141
140 143
141 138
141 140
141 143
141 213
142 35
142 139
142 144
142 215
143 36
143 140
143 141
143 145
143 216
144 39
144 142
144 146
144 218
145 40
145 143
145 147
145 219
146 43
146 144
146 148
146 221
147 44
147 145
147 149
147 222
148 47
148 146
148 150
148 224
148 227
149 48
149 147
149 151
149 225
150 51
150 148
150 152
150 227
151 52
151 149
151 153
151 228
152 55
152 150
152 154
152 230
153 56
153 151
153 155
153 231
154 59
154 152
154 156
154 230
154 233
155 60
155 153
155 157
155 234
156 63
156 154
156 158
156 236
157 64
157 155
157 159
157 237
158 67
158 156
158 160
158 239
159 68
159 157
159 161
159 240
160 71
160 158
160 162
160 242
161 72
161 159
161 163
161 243
162 75
162 160
162 164
162 245
163 76
163 161
163 165
163 246
164 79
164 162
164 166
164 248
165 80
165 163
165 167
165 249
166 83
166 164
166 168
166 251
166 254
167 84
167 165
167 169
167 252
168 87
168 166
168 170
168 254
169 88
169 167
169 171
169 255
170 91
170 168
170 172
170 256
171 92
171 169
171 173
171 257
172 95
172 170
172 174
172 258
173 96
173 171
173 175
173 259
174 99
174 172
174 176
174 260
175 100
175 173
175 177
175 261
176 103
176 174
176 178
176 262
177 104
177 175
177 179
177 263
178 107
178 176
178 180
178 264
179 108
179 177
179 181
179 185
179 265
180 111
180 178
180 182
180 266
181 112
181 120
181 179
181 183
181 185
182 115
182 123
182 180
182 188
182 268
183 116
183 181
183 186
183 269
184 119
184 187
184 188
184 273
185 108
185 112
185 120
185 179
185 181
185 267
186 116
186 183
186 269
186 271
187 119
187 184
187 272
187 273
188 115
188 119
188 123
188 182
188 184
189 190
189 192
189 407
189 408
189 409
189 425
190 189
190 191
190 193
190 409
190 426
191 125
191 190
191 194
191 396
191 409
191 410
192 126
192 189
192 193
192 195
193 190
193 192
193 194
193 196
194 125
194 127
194 191
194 193
194 197
195 128
195 192
195 196
195 198
196 193
196 195
196 197
196 199
197 129
197 194
197 196
197 200
198 130
198 195
198 199
198 201
199 196
199 198
199 200
199 202
200 131
200 197
200 199
200 203
201 132
201 198
201 202
201 204
202 199
202 201
202 203
202 205
203 133
203 200
203 202
203 206
204 134
204 201
204 205
204 207
205 202
205 204
205 206
205 208
206 135
206 203
206 205
206 209
207 136
207 204
207 208
207 210
208 205
208 207
208 209
208 211
209 137
209 206
209 208
209 212
210 138
210 207
210 211
210 213
211 208
211 210
211 212
211 214
212 139
212 209
212 211
212 215
213 141
213 210
213 214
213 216
214 211
214 213
214 215
214 217
215 142
215 212
215 214
215 218
216 143
216 213
216 217
216 219
217 214
217 216
217 218
217 220
218 144
218 215
218 217
218 221
219 145
219 216
219 220
219 222
220 217
220 219
220 221
220 223
221 146
221 218
221 220
221 224
222 147
222 219
222 223
222 225
223 220
223 222
223 224
223 226
224 148
224 221
224 223
224 227
225 149
225 222
225 226
225 228
226 223
226 225
226 227
226 229
227 148
227 150
227 224
227 226
228 151
228 225
228 229
228 231
229 226
229 228
229 230
229 232
230 152
230 154
230 229
230 233
231 153
231 228
231 232
231 234
232 229
232 231
232 233
232 235
233 154
233 230
233 232
233 236
234 155
234 231
234 235
234 237
235 232
235 234
235 236
235 238
236 156
236 233
236 235
236 239
237 157
237 234
237 238
237 240
238 235
238 237
238 239
238 241
239 158
239 236
239 238
239 242
240 159
240 237
240 241
240 243
241 238
241 240
241 242
241 244
242 160
242 239
242 241
242 245
243 161
243 240
243 244
243 246
244 241
244 243
244 245
244 247
245 162
245 242
245 244
245 248
246 163
246 243
246 247
246 249
247 244
247 246
247 248
247 250
248 164
248 245
248 247
248 251
249 165
249 246
249 250
249 252
250 247
250 249
250 251
250 253
251 166
251 248
251 250
251 254
252 167
252 249
252 253
252 255
253 250
253 252
253 254
253 256
254 166
254 168
254 251
254 253
255 169
255 252
255 256
255 257
256 170
256 253
256 255
256 258
257 171
257 255
257 258
257 259
258 172
258 256
258 257
258 260
259 173
259 257
259 260
259 261
260 174
260 258
260 259
260 262
261 175
261 259
261 262
261 263
262 176
262 260
262 261
262 264
263 177
263 261
263 264
263 265
264 178
264 262
264 263
264 266
265 179
265 263
265 266
265 267
266 180
266 264
266 265
266 268
267 185
267 265
267 268
267 269
268 182
268 266
268 267
268 270
269 183
269 186
269 267
269 270
269 271
270 268
270 269
270 271
270 272
270 273
271 186
271 269
271 270
271 272
272 187
272 270
272 271
272 273
273 184
273 187
273 270
273 272
274 275
274 279
274 280
274 304
275 274
275 276
275 279
275 280
275 281
276 275
276 277
276 281
276 282
277 276
277 278
277 281
277 282
278 277
278 282
278 283
278 308
279 274
279 275
279 280
279 284
279 304
279 305
280 274
280 275
280 279
280 281
280 285
281 275
281 276
281 277
281 280
281 282
281 286
281 306
282 276
282 277
282 278
282 281
282 283
282 287
282 307
283 278
283 282
283 288
283 308
284 279
284 285
284 289
284 309
285 280
285 284
285 286
285 290
286 281
286 285
286 287
286 291
287 282
287 286
287 288
287 292
288 283
288 287
288 293
288 310
289 284
289 290
289 294
289 311
290 285
290 289
290 291
290 295
291 286
291 290
291 292
291 296
292 287
292 291
292 293
292 297
293 288
293 292
293 298
293 312
294 289
294 295
294 299
294 300
295 290
295 294
295 296
295 299
295 300
296 291
296 295
296 297
296 301
297 292
297 296
297 298
297 302
298 293
298 297
298 303
298 314
299 294
299 295
299 300
299 315
299 316
300 294
300 295
300 299
300 301
301 296
301 300
301 302
301 317
302 297
302 301
302 303
302 318
303 298
303 302
303 314
303 319
304 274
304 279
304 305
304 309
304 320
305 279
305 304
305 306
305 321
306 281
306 305
306 307
306 322
307 282
307 306
307 308
307 323
308 278
308 283
308 307
308 310
308 324
309 284
309 304
309 311
309 325
310 288
310 308
310 312
310 326
311 289
311 309
311 313
311 327
312 293
312 310
312 314
312 328
313 311
313 315
313 316
313 329
314 298
314 303
314 312
314 319
314 330
315 299
315 313
315 316
315 331
316 299
316 313
316 315
316 317
316 332
317 301
317 316
317 318
317 333
318 302
318 317
318 319
318 334
319 303
319 314
319 318
319 335
320 304
320 321
320 325
320 336
321 305
321 320
321 322
321 337
322 306
322 321
322 323
322 338
323 307
323 322
323 324
323 339
324 308
324 323
324 326
324 340
325 309
325 320
325 327
325 341
326 310
326 324
326 328
326 342
327 311
327 325
327 329
327 343
328 312
328 326
328 330
328 344
329 313
329 327
329 331
329 332
329 345
330 314
330 328
330 335
330 346
331 315
331 329
331 332
331 347
332 316
332 329
332 331
332 333
332 348
333 317
333 332
333 334
333 349
334 318
334 333
334 335
334 350
335 319
335 330
335 334
335 351
336 320
336 337
336 341
336 352
337 321
337 336
337 338
337 353
338 322
338 337
338 339
338 354
339 323
339 338
339 340
339 355
340 324
340 339
340 342
340 356
341 325
341 336
341 343
341 352
342 326
342 340
342 344
342 356
342 361
343 327
343 341
343 345
343 362
344 328
344 342
344 346
344 363
345 329
345 343
345 347
345 348
345 364
346 330
346 344
346 351
346 365
347 331
347 345
347 348
347 366
348 332
348 345
348 347
348 349
348 367
349 333
349 348
349 350
349 368
350 334
350 349
350 351
350 369
351 335
351 346
351 350
351 370
352 336
352 341
352 353
352 357
352 358
353 337
353 352
353 354
353 357
353 358
353 359
354 338
354 353
354 355
354 358
354 359
355 339
355 354
355 356
355 360
356 340
356 342
356 355
356 360
356 361
357 352
357 353
357 358
357 362
357 371
358 352
358 353
358 354
358 357
358 359
358 372
359 353
359 354
359 358
359 360
359 373
360 355
360 356
360 359
360 374
361 342
361 356
361 363
361 375
362 343
362 357
362 364
362 376
363 344
363 361
363 365
363 377
364 345
364 362
364 366
364 367
364 378
365 346
365 363
365 370
365 379
365 384
366 347
366 364
366 367
366 380
367 348
367 364
367 366
367 381
367 382
368 1
368 349
368 369
368 382
369 2
369 350
369 368
369 370
369 383
370 351
370 365
370 369
370 383
370 384
371 357
371 372
371 376
371 385
372 358
372 371
372 373
372 386
373 359
373 372
373 374
373 387
374 360
374 373
374 375
374 388
375 361
375 374
375 377
375 389
376 362
376 371
376 378
376 390
377 363
377 375
377 379
377 391
378 364
378 376
378 380
378 381
378 392
379 365
379 377
379 384
379 393
379 396
380 366
380 378
380 381
380 394
381 0
381 367
381 378
381 380
381 382
382 1
382 367
382 368
382 381
383 2
383 369
383 370
383 384
384 3
384 365
384 370
384 379
384 383
384 396
385 371
385 386
385 390
385 397
386 372
386 385
386 387
386 398
387 373
387 386
387 388
387 399
388 374
388 387
388 389
388 400
389 375
389 388
389 391
389 401
390 376
390 385
390 392
390 402
391 377
391 389
391 393
391 403
392 378
392 390
392 394
392 395
392 404
393 379
393 391
393 396
393 405
393 410
394 380
394 392
394 395
394 406
395 0
395 124
395 392
395 394
395 407
396 3
396 191
396 379
396 384
396 393
396 410
397 385
397 398
397 402
397 411
397 412
398 386
398 397
398 399
398 402
398 411
398 412
399 387
399 398
399 400
399 413
400 388
400 399
400 401
400 413
400 414
401 389
401 400
401 403
401 415
402 390
402 397
402 398
402 404
402 411
403 391
403 401
403 415
403 420
404 392
404 402
404 406
404 421
405 393
405 410
405 422
405 427
406 394
406 404
406 407
406 423
407 124
407 189
407 395
407 406
407 408
407 424
408 189
408 407
408 409
408 425
409 189
409 190
409 191
409 408
410 191
410 393
410 396
410 405
410 427
411 397
411 398
411 402
411 412
411 416
411 417
412 397
412 398
412 411
412 413
412 416
412 417
413 399
413 400
413 412
413 414
413 418
414 400
414 413
414 415
414 419
415 401
415 403
415 414
415 419
415 420
416 411
416 412
416 417
416 428
417 411
417 412
417 416
417 418
417 429
418 413
418 417
418 419
418 430
419 414
419 415
419 418
419 431
420 403
420 415
420 422
420 432
421 404
421 423
421 424
421 433
422 405
422 420
422 427
422 434
422 439
423 406
423 421
423 424
423 435
424 407
424 421
424 423
424 425
424 437
425 189
425 408
425 424
425 426
425 437
426 190
426 425
426 427
426 438
427 405
427 410
427 422
427 426
427 439
428 416
428 429
428 433
428 440
429 417
429 428
429 430
429 441
430 418
430 429
430 431
430 442
431 419
431 430
431 432
431 443
432 420
432 431
432 434
432 444
433 421
433 428
433 435
433 436
433 445
434 422
434 432
434 439
434 446
434 451
435 423
435 433
435 436
435 447
436 433
436 435
436 437
436 448
437 424
437 425
437 436
437 438
437 449
438 426
438 437
438 439
438 450
439 422
439 427
439 434
439 438
439 451
440 428
440 441
440 445
440 452
441 429
441 440
441 442
441 453
442 430
442 441
442 443
442 454
443 431
443 442
443 444
443 455
444 432
444 443
444 446
444 456
445 433
445 440
445 447
445 448
446 434
446 444
446 451
446 458
446 463
447 435
447 445
447 448
447 459
448 436
448 445
448 447
448 449
449 437
449 448
449 450
449 461
450 438
450 449
450 451
450 462
451 434
451 439
451 446
451 450
451 463
452 440
452 453
452 457
452 464
452 465
453 441
453 452
453 454
453 457
453 464
453 465
454 442
454 453
454 455
454 466
455 443
455 454
455 456
455 467
456 444
456 455
456 458
456 468
457 452
457 453
457 459
457 460
457 464
458 446
458 456
458 463
458 468
459 447
459 457
459 460
459 475
459 484
460 457
460 459
460 461
460 475
460 484
461 449
461 460
461 462
461 476
462 450
462 461
462 463
462 477
463 446
463 451
463 458
463 462
463 478
464 452
464 453
464 457
464 465
464 469
464 470
464 479
465 452
465 453
465 464
465 466
465 470
465 479
466 454
466 465
466 467
466 471
467 455
467 466
467 468
467 472
468 456
468 458
468 467
468 472
468 473
469 464
469 470
469 474
469 475
469 479
469 484
470 464
470 465
470 469
470 471
470 479
470 480
471 466
471 470
471 472
471 476
471 481
472 467
472 468
472 471
472 477
472 482
473 468
473 478
473 483
473 488
474 469
474 475
474 479
474 484
474 485
475 459
475 460
475 469
475 474
475 479
475 484
475 485
476 461
476 471
476 477
476 486
477 462
477 472
477 476
477 482
477 487
477 488
478 463
478 473
478 483
478 488
479 464
479 465
479 469
479 470
479 474
479 475
479 480
479 484
480 470
480 479
480 481
480 485
481 471
481 480
481 482
481 486
482 472
482 477
482 481
482 483
482 487
483 473
483 478
483 482
483 488
484 459
484 460
484 469
484 474
484 475
484 479
485 474
485 475
485 480
485 486
486 476
486 481
486 485
486 487
487 477
487 482
487 486
487 488
488 473
488 477
488 478
488 483
488 487
