0 1
0 12
0 13
0 49
1 0
1 2
1 49
1 50
2 1
2 3
2 50
2 51
3 2
3 4
3 51
3 52
4 3
4 5
4 52
4 53
5 4
5 6
5 53
5 54
6 5
6 7
6 54
6 55
7 6
7 8
7 55
7 56
8 7
8 9
8 56
8 57
9 8
9 10
9 57
9 58
10 9
10 11
10 58
10 59
11 10
11 14
11 59
11 60
12 0
12 13
12 15
12 16
12 63
13 0
13 12
13 15
13 16
14 11
14 17
14 64
14 68
15 12
15 13
15 16
15 18
15 67
16 12
16 13
16 15
16 19
17 14
17 20
17 64
17 68
18 15
18 19
18 21
18 71
19 16
19 18
19 21
19 22
20 17
20 23
20 68
20 72
21 18
21 19
21 22
21 24
21 75
22 19
22 21
22 24
22 25
23 20
23 26
23 72
23 76
24 21
24 22
24 25
24 27
24 79
25 22
25 24
25 27
25 28
26 23
26 29
26 76
26 80
27 24
27 25
27 28
27 30
27 83
28 25
28 27
28 30
28 31
29 26
29 32
29 80
29 84
30 27
30 28
30 31
30 33
30 34
30 87
31 28
31 30
31 33
31 34
32 29
32 35
32 84
32 88
33 30
33 31
33 34
33 36
33 91
34 30
34 31
34 33
34 36
35 32
35 47
35 88
35 92
36 33
36 34
36 37
36 95
37 36
37 38
37 95
37 96
38 37
38 39
38 96
38 97
39 38
39 40
39 97
39 98
40 39
40 41
40 98
40 99
41 40
41 42
41 99
41 100
42 41
42 43
42 100
42 101
43 42
43 44
43 101
43 102
44 43
44 45
44 103
44 104
45 44
45 46
45 104
45 105
46 45
46 47
46 104
46 105
47 35
47 46
47 105
47 106
48 49
48 62
48 63
48 108
49 0
49 1
49 48
49 50
49 109
50 1
50 2
50 49
50 51
50 110
51 2
51 3
51 50
51 52
51 111
52 3
52 4
52 51
52 53
52 112
53 4
53 5
53 52
53 54
53 113
54 5
54 6
54 53
54 55
54 114
55 6
55 7
55 54
55 56
55 115
56 7
56 8
56 55
56 57
56 116
57 8
57 9
57 56
57 58
57 117
58 9
58 10
58 57
58 59
58 118
59 10
59 11
59 58
59 60
59 119
60 11
60 59
60 61
60 120
61 60
61 65
61 120
61 121
62 48
62 63
62 66
62 122
63 12
63 48
63 62
63 67
64 14
64 17
64 65
64 68
64 69
65 61
65 64
65 69
65 123
66 62
66 67
66 70
66 124
67 15
67 63
67 66
67 71
68 14
68 17
68 20
68 64
68 69
68 72
69 64
69 65
69 68
69 73
69 125
70 66
70 71
70 74
70 126
71 18
71 67
71 70
71 75
72 20
72 23
72 68
72 73
72 76
73 69
73 72
73 77
73 127
74 70
74 75
74 78
74 128
75 21
75 71
75 74
75 79
76 23
76 26
76 72
76 77
76 80
77 73
77 76
77 81
77 129
78 74
78 79
78 82
78 130
79 24
79 75
79 78
79 83
80 26
80 29
80 76
80 81
80 84
81 77
81 80
81 85
81 131
82 78
82 83
82 86
82 132
83 27
83 79
83 82
83 87
84 29
84 32
84 80
84 85
84 88
85 81
85 84
85 89
85 133
86 82
86 87
86 90
86 91
86 134
87 30
87 83
87 86
87 91
88 32
88 35
88 84
88 89
88 92
89 85
89 88
89 92
89 93
89 135
90 86
90 91
90 94
90 136
91 33
91 86
91 87
91 90
92 35
92 88
92 89
92 93
93 89
93 92
93 107
93 137
94 90
94 95
94 138
94 139
95 36
95 37
95 94
95 96
95 139
96 37
96 38
96 95
96 97
96 140
97 38
97 39
97 96
97 98
97 141
98 39
98 40
98 97
98 99
98 142
99 40
99 41
99 98
99 100
99 143
100 41
100 42
100 99
100 101
100 144
101 42
101 43
101 100
101 102
101 145
102 43
102 101
102 103
102 146
103 44
103 102
103 104
103 147
104 44
104 45
104 46
104 103
104 105
104 148
105 45
105 46
105 47
105 104
105 106
105 149
106 47
106 105
106 107
106 150
107 93
107 106
107 150
107 151
108 48
108 109
108 122
108 153
109 49
109 108
109 110
109 154
110 50
110 109
110 111
110 155
111 51
111 110
111 112
111 156
112 52
112 111
112 113
112 157
113 53
113 112
113 114
113 158
114 54
114 113
114 115
114 159
115 55
115 114
115 116
115 160
116 56
116 115
116 117
116 161
117 57
117 116
117 118
117 162
118 58
118 117
118 119
118 163
119 59
119 118
119 120
119 164
120 60
120 61
120 119
120 121
120 165
121 61
121 120
121 123
121 166
122 62
122 108
122 124
122 169
123 65
123 121
123 125
123 170
124 66
124 122
124 126
124 173
125 69
125 123
125 127
125 174
126 70
126 124
126 128
126 177
127 73
127 125
127 129
127 178
128 74
128 126
128 130
128 181
129 77
129 127
129 131
129 182
130 78
130 128
130 132
130 185
131 81
131 129
131 133
131 186
132 82
132 130
132 134
132 189
133 85
133 131
133 135
133 190
134 86
134 132
134 136
134 193
135 89
135 133
135 137
135 194
136 90
136 134
136 138
136 193
136 197
137 93
137 135
137 151
137 194
137 198
138 94
138 136
138 139
138 201
139 94
139 95
139 138
139 140
139 202
140 96
140 139
140 141
140 203
141 97
141 140
141 142
141 204
142 98
142 141
142 143
142 205
143 99
143 142
143 144
143 206
144 100
144 143
144 145
144 207
145 101
145 144
145 146
145 208
146 102
146 145
146 147
146 209
147 103
147 146
147 148
147 210
148 104
148 147
148 149
148 211
149 105
149 148
149 150
149 212
150 106
150 107
150 149
150 151
150 213
151 107
151 137
151 150
151 214
152 153
152 168
152 169
152 216
153 108
153 152
153 154
153 217
154 109
154 153
154 155
154 218
155 110
155 154
155 156
155 219
156 111
156 155
156 157
156 220
157 112
157 156
157 158
157 221
158 113
158 157
158 159
158 222
159 114
159 158
159 160
159 223
160 115
160 159
160 161
160 224
161 116
161 160
161 162
161 225
162 117
162 161
162 163
162 226
163 118
163 162
163 164
163 227
164 119
164 163
164 165
164 228
165 120
165 164
165 166
165 229
166 121
166 165
166 167
166 230
167 166
167 171
167 230
167 231
168 152
168 169
168 172
168 232
169 122
169 152
169 168
169 173
170 123
170 171
170 174
170 175
171 167
171 170
171 175
171 233
172 168
172 173
172 176
172 234
173 124
173 169
173 172
173 177
174 125
174 170
174 175
174 178
175 170
175 171
175 174
175 179
175 235
176 172
176 177
176 180
176 236
177 126
177 173
177 176
177 181
178 127
178 174
178 179
178 182
179 175
179 178
179 183
179 237
180 176
180 181
180 184
180 238
181 128
181 177
181 180
181 185
182 129
182 178
182 183
182 186
183 179
183 182
183 187
183 239
184 180
184 185
184 188
184 240
185 130
185 181
185 184
185 189
186 131
186 182
186 187
186 190
187 183
187 186
187 191
187 241
188 184
188 189
188 192
188 242
189 132
189 185
189 188
189 193
190 133
190 186
190 191
190 194
191 187
191 190
191 195
191 243
192 188
192 193
192 196
192 197
192 244
193 134
193 136
193 189
193 192
193 196
193 197
194 135
194 137
194 190
194 195
194 198
194 199
195 191
195 194
195 198
195 199
195 245
196 192
196 193
196 197
196 200
196 246
197 136
197 192
197 193
197 196
198 137
198 194
198 195
198 199
199 194
199 195
199 198
199 215
199 247
200 196
200 201
200 248
200 249
201 138
201 200
201 202
201 249
202 139
202 201
202 203
202 250
203 140
203 202
203 204
203 251
204 141
204 203
204 205
204 252
205 142
205 204
205 206
205 253
206 143
206 205
206 207
206 254
207 144
207 206
207 208
207 255
208 145
208 207
208 209
208 256
209 146
209 208
209 210
209 257
210 147
210 209
210 211
210 258
211 148
211 210
211 212
211 259
212 149
212 211
212 213
212 260
213 150
213 212
213 214
213 261
214 151
214 213
214 215
214 262
215 199
215 214
215 262
215 263
216 152
216 217
216 232
216 264
216 266
217 153
217 216
217 218
217 267
218 154
218 217
218 219
218 268
219 155
219 218
219 220
219 269
220 156
220 219
220 221
220 270
221 157
221 220
221 222
221 271
222 158
222 221
222 223
222 272
223 159
223 222
223 224
223 273
224 160
224 223
224 225
224 274
225 161
225 224
225 226
225 275
226 162
226 225
226 227
226 276
227 163
227 226
227 228
227 277
228 164
228 227
228 229
228 278
229 165
229 228
229 230
229 279
230 166
230 167
230 229
230 231
230 280
231 167
231 230
231 233
231 281
232 168
232 216
232 234
232 282
233 171
233 231
233 235
233 283
234 172
234 232
234 236
234 284
235 175
235 233
235 237
235 285
236 176
236 234
236 238
236 286
237 179
237 235
237 239
237 287
238 180
238 236
238 240
238 288
239 183
239 237
239 241
239 289
240 184
240 238
240 242
240 290
241 187
241 239
241 243
241 291
242 188
242 240
242 244
242 292
243 191
243 241
243 245
243 293
244 192
244 242
244 246
244 294
245 195
245 243
245 247
245 295
246 196
246 244
246 248
246 296
247 199
247 245
247 263
247 297
248 200
248 246
248 249
248 298
249 200
249 201
249 248
249 250
249 299
250 202
250 249
250 251
250 300
251 203
251 250
251 252
251 301
252 204
252 251
252 253
252 302
253 205
253 252
253 254
253 303
254 206
254 253
254 255
254 304
255 207
255 254
255 256
255 305
256 208
256 255
256 257
256 306
257 209
257 256
257 258
257 307
258 210
258 257
258 259
258 308
259 211
259 258
259 260
259 309
260 212
260 259
260 261
260 310
261 213
261 260
261 262
261 311
262 214
262 215
262 261
262 263
262 312
263 215
263 247
263 262
263 313
264 216
264 265
264 266
264 267
264 314
265 264
265 266
265 267
265 314
265 315
265 317
266 216
266 264
266 265
266 282
266 316
267 217
267 264
267 265
267 268
267 317
268 218
268 267
268 269
268 318
269 219
269 268
269 270
269 319
270 220
270 269
270 271
270 320
271 221
271 270
271 272
271 321
272 222
272 271
272 273
272 322
273 223
273 272
273 274
273 323
274 224
274 273
274 275
274 324
275 225
275 274
275 276
275 325
276 226
276 275
276 277
276 326
277 227
277 276
277 278
277 327
278 228
278 277
278 279
278 328
279 229
279 278
279 280
279 329
280 230
280 279
280 281
280 330
281 231
281 280
281 283
281 331
282 232
282 266
282 284
282 332
283 233
283 281
283 285
283 333
284 234
284 282
284 286
284 334
285 235
285 283
285 287
285 335
286 236
286 284
286 288
286 336
287 237
287 285
287 289
287 337
288 238
288 286
288 290
288 338
289 239
289 287
289 291
289 339
290 240
290 288
290 292
290 340
291 241
291 289
291 293
291 341
292 242
292 290
292 294
292 342
293 243
293 291
293 295
293 343
294 244
294 292
294 296
294 344
295 245
295 293
295 297
295 345
296 246
296 294
296 298
296 346
297 247
297 295
297 313
297 347
298 248
298 296
298 299
298 348
299 249
299 298
299 300
299 349
300 250
300 299
300 301
300 350
301 251
301 300
301 302
301 351
302 252
302 301
302 303
302 352
303 253
303 302
303 304
303 353
304 254
304 303
304 305
304 354
305 255
305 304
305 306
305 355
306 256
306 305
306 307
306 356
307 257
307 306
307 308
307 357
308 258
308 307
308 309
308 358
309 259
309 308
309 310
309 359
310 260
310 309
310 311
310 360
311 261
311 310
311 312
311 361
312 262
312 311
312 313
312 362
313 263
313 297
313 312
313 363
314 264
314 265
314 315
314 316
314 364
315 265
315 314
315 316
315 317
315 365
316 266
316 314
316 315
316 332
316 366
317 265
317 267
317 315
317 318
317 367
318 268
318 317
318 319
318 368
319 269
319 318
319 320
319 369
320 270
320 319
320 321
320 370
321 271
321 320
321 322
321 371
322 272
322 321
322 323
322 372
323 273
323 322
323 324
323 373
324 274
324 323
324 325
324 374
325 275
325 324
325 326
325 375
326 276
326 325
326 327
326 376
327 277
327 326
327 328
327 377
328 278
328 327
328 329
328 378
329 279
329 328
329 330
329 379
330 280
330 329
330 331
330 380
331 281
331 330
331 333
331 381
332 282
332 316
332 334
332 382
333 283
333 331
333 335
333 383
334 284
334 332
334 336
334 384
335 285
335 333
335 337
335 385
336 286
336 334
336 338
336 386
337 287
337 335
337 339
337 387
338 288
338 336
338 340
338 388
339 289
339 337
339 341
339 389
340 290
340 338
340 342
340 390
341 291
341 339
341 343
341 391
342 292
342 340
342 344
342 392
343 293
343 341
343 345
343 393
344 294
344 342
344 346
344 394
345 295
345 343
345 347
345 395
346 296
346 344
346 348
346 396
347 297
347 345
347 363
347 397
348 298
348 346
348 349
348 398
349 299
349 348
349 350
349 399
350 300
350 349
350 351
350 400
351 301
351 350
351 352
351 401
352 302
352 351
352 353
352 402
353 303
353 352
353 354
353 403
354 304
354 353
354 355
354 404
355 305
355 354
355 356
355 405
356 306
356 355
356 357
356 406
357 307
357 356
357 358
357 407
358 308
358 357
358 359
358 408
359 309
359 358
359 360
359 409
360 310
360 359
360 361
360 410
361 311
361 360
361 362
361 411
362 312
362 361
362 363
362 412
363 313
363 347
363 362
363 413
364 314
364 365
364 366
364 414
365 315
365 364
365 367
365 415
366 316
366 364
366 382
366 414
367 317
367 365
367 368
367 417
368 318
368 367
368 369
368 418
369 319
369 368
369 370
369 419
370 320
370 369
370 371
370 420
371 321
371 370
371 372
371 421
372 322
372 371
372 373
372 422
373 323
373 372
373 374
373 423
374 324
374 373
374 375
374 424
375 325
375 374
375 376
375 425
376 326
376 375
376 377
376 426
377 327
377 376
377 378
377 427
378 328
378 377
378 379
378 428
379 329
379 378
379 380
379 429
380 330
380 379
380 381
380 430
381 331
381 380
381 383
381 431
382 332
382 366
382 384
382 432
383 333
383 381
383 385
383 433
384 334
384 382
384 386
384 434
385 335
385 383
385 387
385 435
386 336
386 384
386 388
386 436
387 337
387 385
387 389
387 437
388 338
388 386
388 390
388 438
389 339
389 387
389 391
389 439
390 340
390 388
390 392
390 440
391 341
391 389
391 393
391 441
392 342
392 390
392 394
392 442
393 343
393 391
393 395
393 443
394 344
394 392
394 396
394 444
395 345
395 393
395 397
395 445
396 346
396 394
396 398
396 446
397 347
397 395
397 413
397 447
398 348
398 396
398 399
398 448
399 349
399 398
399 400
399 449
400 350
400 399
400 401
400 450
401 351
401 400
401 402
401 451
402 352
402 401
402 403
402 452
403 353
403 402
403 404
403 453
404 354
404 403
404 405
404 454
405 355
405 404
405 406
405 455
406 356
406 405
406 407
406 456
407 357
407 406
407 408
407 457
408 358
408 407
408 409
408 458
409 359
409 408
409 410
409 459
410 360
410 409
410 411
410 460
411 361
411 410
411 412
411 461
412 362
412 411
412 413
412 462
413 363
413 397
413 412
413 463
414 364
414 366
414 415
414 416
414 464
415 365
415 414
415 416
415 417
415 465
416 414
416 415
416 432
416 464
416 466
417 367
417 415
417 418
417 465
417 467
418 368
418 417
418 419
418 468
419 369
419 418
419 420
419 469
420 370
420 419
420 421
420 470
421 371
421 420
421 422
421 471
422 372
422 421
422 423
422 472
423 373
423 422
423 424
423 473
424 374
424 423
424 425
424 474
425 375
425 424
425 426
425 475
426 376
426 425
426 427
426 476
427 377
427 426
427 428
427 477
428 378
428 427
428 429
428 478
429 379
429 428
429 430
429 479
430 380
430 429
430 431
430 480
431 381
431 430
431 433
431 481
432 382
432 416
432 434
432 482
433 383
433 431
433 435
433 483
434 384
434 432
434 436
434 484
435 385
435 433
435 437
435 485
436 386
436 434
436 438
436 486
437 387
437 435
437 439
437 487
438 388
438 436
438 440
438 488
439 389
439 437
439 441
439 489
440 390
440 438
440 442
440 490
441 391
441 439
441 443
441 491
442 392
442 440
442 444
442 492
443 393
443 441
443 445
443 493
444 394
444 442
444 446
444 494
445 395
445 443
445 447
445 495
446 396
446 444
446 448
446 496
447 397
447 445
447 463
447 497
448 398
448 446
448 449
448 498
449 399
449 448
449 450
449 499
450 400
450 449
450 451
450 500
451 401
451 450
451 452
451 501
452 402
452 451
452 453
452 502
453 403
453 452
453 454
453 503
454 404
454 453
454 455
454 504
455 405
455 454
455 456
455 505
456 406
456 455
456 457
456 506
457 407
457 456
457 458
457 507
458 408
458 457
458 459
458 508
459 409
459 458
459 460
459 509
460 410
460 459
460 461
460 510
461 411
461 460
461 462
461 511
462 412
462 461
462 463
462 512
463 413
463 447
463 462
463 513
464 414
464 416
464 465
464 466
465 415
465 417
465 464
465 466
465 467
466 416
466 464
466 465
466 482
466 514
467 417
467 465
467 468
467 515
468 418
468 467
468 469
468 516
469 419
469 468
469 470
469 517
470 420
470 469
470 471
470 518
471 421
471 470
471 472
471 519
472 422
472 471
472 473
472 520
473 423
473 472
473 474
473 521
474 424
474 473
474 475
474 522
475 425
475 474
475 476
475 523
476 426
476 475
476 477
476 524
477 427
477 476
477 478
477 525
478 428
478 477
478 479
478 526
479 429
479 478
479 480
479 527
480 430
480 479
480 481
480 528
481 431
481 480
481 483
481 529
482 432
482 466
482 484
482 530
483 433
483 481
483 485
483 531
484 434
484 482
484 486
484 532
485 435
485 483
485 487
485 533
486 436
486 484
486 488
486 534
487 437
487 485
487 489
487 535
488 438
488 486
488 490
488 536
489 439
489 487
489 491
489 537
490 440
490 488
490 492
490 538
491 441
491 489
491 493
491 539
492 442
492 490
492 494
492 540
493 443
493 491
493 495
493 541
494 444
494 492
494 496
494 542
495 445
495 493
495 497
495 543
496 446
496 494
496 498
496 544
497 447
497 495
497 513
497 545
498 448
498 496
498 499
498 546
499 449
499 498
499 500
499 547
500 450
500 499
500 501
500 548
501 451
501 500
501 502
501 549
502 452
502 501
502 503
502 550
503 453
503 502
503 504
503 551
504 454
504 503
504 505
504 552
505 455
505 504
505 506
505 553
506 456
506 505
506 507
506 554
507 457
507 506
507 508
507 555
508 458
508 507
508 509
508 556
509 459
509 508
509 510
509 557
510 460
510 509
510 511
510 558
511 461
511 510
511 512
511 559
512 462
512 511
512 513
512 560
513 463
513 497
513 512
513 561
514 466
514 515
514 530
514 562
515 467
515 514
515 516
515 563
516 468
516 515
516 517
516 564
517 469
517 516
517 518
517 565
518 470
518 517
518 519
518 566
519 471
519 518
519 520
519 567
520 472
520 519
520 521
520 568
521 473
521 520
521 522
521 569
522 474
522 521
522 523
522 570
523 475
523 522
523 524
523 571
524 476
524 523
524 525
524 572
525 477
525 524
525 526
525 573
526 478
526 525
526 527
526 574
527 479
527 526
527 528
527 575
528 480
528 527
528 529
528 576
528 577
529 481
529 528
529 531
529 577
530 482
530 514
530 532
530 578
531 483
531 529
531 533
531 581
532 484
532 530
532 534
532 582
533 485
533 531
533 535
533 585
534 486
534 532
534 536
534 586
535 487
535 533
535 537
535 589
536 488
536 534
536 538
536 590
537 489
537 535
537 539
537 593
538 490
538 536
538 540
538 594
539 491
539 537
539 541
539 597
540 492
540 538
540 542
540 598
541 493
541 539
541 543
541 601
542 494
542 540
542 544
542 602
543 495
543 541
543 545
543 605
544 496
544 542
544 546
544 606
545 497
545 543
545 561
545 609
546 498
546 544
546 547
546 610
547 499
547 546
547 548
547 610
547 611
548 500
548 547
548 549
548 612
549 501
549 548
549 550
549 613
550 502
550 549
550 551
550 614
551 503
551 550
551 552
551 615
552 504
552 551
552 553
552 616
553 505
553 552
553 554
553 617
554 506
554 553
554 555
554 618
555 507
555 554
555 556
555 619
556 508
556 555
556 557
556 620
557 509
557 556
557 558
557 621
558 510
558 557
558 559
558 622
559 511
559 558
559 560
559 623
560 512
560 559
560 561
560 624
560 625
561 513
561 545
561 560
561 625
562 514
562 563
562 578
562 579
563 515
563 562
563 564
563 626
564 516
564 563
564 565
564 627
565 517
565 564
565 566
565 628
566 518
566 565
566 567
566 629
567 519
567 566
567 568
567 630
568 520
568 567
568 569
568 631
569 521
569 568
569 570
569 632
570 522
570 569
570 571
570 633
571 523
571 570
571 572
571 634
572 524
572 571
572 573
572 635
573 525
573 572
573 574
573 636
574 526
574 573
574 575
574 637
575 527
575 574
575 576
575 638
576 528
576 575
576 577
576 639
577 528
577 529
577 576
577 581
578 530
578 562
578 579
578 582
579 562
579 578
579 582
579 583
579 640
580 581
580 584
580 585
580 641
581 531
581 577
581 580
581 585
582 532
582 578
582 579
582 583
582 586
583 579
583 582
583 587
583 642
584 580
584 585
584 588
584 641
584 643
585 533
585 580
585 581
585 584
585 589
586 534
586 582
586 587
586 590
587 583
587 586
587 591
587 644
588 584
588 589
588 592
588 645
589 535
589 585
589 588
589 593
590 536
590 586
590 591
590 594
591 587
591 590
591 595
591 646
592 588
592 593
592 596
592 647
593 537
593 589
593 592
593 597
594 538
594 590
594 595
594 598
595 591
595 594
595 599
595 648
596 592
596 597
596 600
596 649
597 539
597 593
597 596
597 601
598 540
598 594
598 599
598 602
599 595
599 598
599 603
599 650
600 596
600 601
600 604
600 651
601 541
601 597
601 600
601 605
602 542
602 598
602 603
602 606
602 607
603 599
603 602
603 606
603 607
603 652
603 654
604 600
604 605
604 608
604 653
605 543
605 601
605 604
605 608
605 609
606 544
606 602
606 603
606 607
606 610
607 602
607 603
607 606
607 654
608 604
608 605
608 609
608 655
609 545
609 605
609 608
609 625
610 546
610 547
610 606
610 611
611 547
611 610
611 612
611 656
612 548
612 611
612 613
612 657
613 549
613 612
613 614
613 658
614 550
614 613
614 615
614 659
615 551
615 614
615 616
615 660
616 552
616 615
616 617
616 661
617 553
617 616
617 618
617 662
618 554
618 617
618 619
618 663
619 555
619 618
619 620
619 664
620 556
620 619
620 621
620 665
621 557
621 620
621 622
621 666
622 558
622 621
622 623
622 667
623 559
623 622
623 624
623 668
624 560
624 623
624 625
624 669
625 560
625 561
625 609
625 624
626 563
626 627
626 640
626 670
627 564
627 626
627 628
627 671
628 565
628 627
628 629
628 672
629 566
629 628
629 630
629 673
630 567
630 629
630 631
630 674
631 568
631 630
631 632
631 675
632 569
632 631
632 633
632 676
633 570
633 632
633 634
633 677
634 571
634 633
634 635
634 678
635 572
635 634
635 636
635 679
636 573
636 635
636 637
636 680
637 574
637 636
637 638
637 681
638 575
638 637
638 639
638 682
638 683
639 576
639 638
639 641
639 683
640 579
640 626
640 642
640 684
641 580
641 584
641 639
641 643
641 687
642 583
642 640
642 644
642 688
643 584
643 641
643 645
643 691
644 587
644 642
644 646
644 692
645 588
645 643
645 647
645 695
646 591
646 644
646 648
646 696
647 592
647 645
647 649
647 699
648 595
648 646
648 650
648 700
649 596
649 647
649 651
649 703
650 599
650 648
650 652
650 704
651 600
651 649
651 653
651 707
652 603
652 650
652 654
652 708
653 604
653 651
653 655
653 711
654 603
654 607
654 652
654 656
654 712
655 608
655 653
655 669
655 715
656 611
656 654
656 657
656 716
657 612
657 656
657 658
657 716
657 717
658 613
658 657
658 659
658 718
659 614
659 658
659 660
659 719
660 615
660 659
660 661
660 720
661 616
661 660
661 662
661 721
662 617
662 661
662 663
662 722
663 618
663 662
663 664
663 723
664 619
664 663
664 665
664 724
665 620
665 664
665 666
665 725
666 621
666 665
666 667
666 726
667 622
667 666
667 668
667 727
668 623
668 667
668 669
668 728
668 729
669 624
669 655
669 668
669 729
670 626
670 671
670 684
670 685
671 627
671 670
671 672
671 730
671 731
672 628
672 671
672 673
672 730
672 731
673 629
673 672
673 674
673 732
674 630
674 673
674 675
674 733
675 631
675 674
675 676
675 734
676 632
676 675
676 677
676 735
677 633
677 676
677 678
677 736
678 634
678 677
678 679
678 737
679 635
679 678
679 680
679 738
680 636
680 679
680 681
680 739
680 740
681 637
681 680
681 682
681 740
681 741
682 638
682 681
682 683
682 741
683 638
683 639
683 682
683 687
684 640
684 670
684 685
684 688
685 670
685 684
685 689
685 742
686 687
686 690
686 691
686 743
687 641
687 683
687 686
687 690
687 691
688 642
688 684
688 689
688 692
689 685
689 688
689 693
689 742
689 744
690 686
690 687
690 691
690 694
690 743
690 745
691 643
691 686
691 687
691 690
691 695
692 644
692 688
692 693
692 696
693 689
693 692
693 697
693 746
694 690
694 695
694 698
694 747
695 645
695 691
695 694
695 699
696 646
696 692
696 697
696 700
697 693
697 696
697 701
697 748
698 694
698 699
698 702
698 749
699 647
699 695
699 698
699 703
700 648
700 696
700 701
700 704
701 697
701 700
701 705
701 750
702 698
702 703
702 706
702 751
703 649
703 699
703 702
703 707
704 650
704 700
704 705
704 708
705 701
705 704
705 709
705 752
706 702
706 707
706 710
706 753
707 651
707 703
707 706
707 711
708 652
708 704
708 709
708 712
708 713
709 705
709 708
709 713
709 754
709 756
710 706
710 711
710 714
710 755
710 757
711 653
711 707
711 710
711 714
711 715
712 654
712 708
712 713
712 716
713 708
713 709
713 712
713 756
714 710
714 711
714 715
714 757
715 655
715 711
715 714
715 729
716 656
716 657
716 712
716 717
717 657
717 716
717 718
717 758
718 658
718 717
718 719
718 758
718 759
719 659
719 718
719 720
719 759
719 760
720 660
720 719
720 721
720 761
721 661
721 720
721 722
721 762
722 662
722 721
722 723
722 763
723 663
723 722
723 724
723 764
724 664
724 723
724 725
724 765
725 665
725 724
725 726
725 766
726 666
726 725
726 727
726 767
727 667
727 726
727 728
727 768
727 769
728 668
728 727
728 729
728 768
728 769
729 668
729 669
729 715
729 728
730 671
730 672
730 731
730 742
731 671
731 672
731 730
731 732
732 673
732 731
732 733
732 770
733 674
733 732
733 734
733 770
734 675
734 733
734 735
734 771
735 676
735 734
735 736
735 771
735 772
735 773
736 677
736 735
736 737
736 773
736 774
736 785
736 801
737 678
737 736
737 738
737 774
737 802
738 679
738 737
738 739
738 774
738 775
739 680
739 738
739 740
739 775
740 680
740 681
740 739
740 741
741 681
741 682
741 740
741 743
742 685
742 689
742 730
742 744
743 686
743 690
743 741
743 745
744 689
744 742
744 746
744 778
745 690
745 743
745 747
745 779
746 693
746 744
746 748
746 780
747 694
747 745
747 749
747 781
748 697
748 746
748 750
748 782
748 784
749 698
749 747
749 751
749 783
749 813
750 701
750 748
750 752
750 784
751 702
751 749
751 753
751 783
752 705
752 750
752 754
752 786
753 706
753 751
753 755
753 817
754 709
754 752
754 756
754 788
755 710
755 753
755 757
755 789
756 709
756 713
756 754
756 758
757 710
757 714
757 755
757 769
758 717
758 718
758 756
758 759
759 718
759 719
759 758
759 760
760 719
760 759
760 761
760 792
761 720
761 760
761 762
761 792
762 721
762 761
762 763
762 793
763 722
763 762
763 764
763 793
763 794
763 795
764 723
764 763
764 765
764 795
764 796
765 724
765 764
765 766
765 796
766 725
766 765
766 767
766 796
766 797
767 726
767 766
767 768
767 797
768 727
768 728
768 767
768 769
769 727
769 728
769 757
769 768
770 732
770 733
770 771
770 776
770 798
771 734
771 735
771 770
771 772
771 799
772 735
772 771
772 773
772 800
773 735
773 736
773 772
773 785
773 801
774 736
774 737
774 738
774 785
774 802
775 738
775 739
775 777
775 803
775 805
776 770
776 778
776 804
776 808
777 775
777 779
777 805
777 806
778 744
778 776
778 780
778 807
778 808
779 745
779 777
779 781
779 809
780 746
780 778
780 782
780 810
781 747
781 779
781 783
781 811
782 748
782 780
782 784
782 810
782 812
783 749
783 751
783 781
783 813
783 815
784 748
784 750
784 782
784 812
784 814
785 736
785 773
785 774
785 802
786 752
786 788
786 814
786 816
787 789
787 817
787 819
787 820
788 754
788 786
788 790
788 818
789 755
789 787
789 791
789 819
789 820
790 788
790 792
790 821
790 822
791 789
791 797
791 819
791 823
792 760
792 761
792 790
792 822
792 824
793 762
793 763
793 794
793 825
794 763
794 793
794 795
794 825
794 826
795 763
795 764
795 794
795 826
795 827
796 764
796 765
796 766
796 797
796 828
797 766
797 767
797 791
797 796
797 829
798 770
798 799
798 804
798 830
799 771
799 798
799 800
799 831
800 772
800 799
800 801
800 832
801 736
801 773
801 800
801 802
801 833
802 737
802 774
802 785
802 801
802 834
803 775
803 805
803 835
803 838
804 776
804 798
804 808
804 836
805 775
805 777
805 803
805 806
805 838
806 777
806 805
806 809
806 839
807 778
807 808
807 840
807 841
808 776
808 778
808 804
808 807
808 841
809 779
809 806
809 811
809 843
810 780
810 782
810 812
810 844
811 781
811 809
811 813
811 845
812 782
812 784
812 810
812 814
812 846
813 749
813 783
813 811
813 815
813 847
814 784
814 786
814 812
814 816
814 848
815 783
815 813
815 817
815 849
816 786
816 814
816 818
816 850
817 753
817 787
817 815
817 820
817 851
818 788
818 816
818 821
818 852
819 787
819 789
819 791
819 820
819 823
819 854
820 787
820 789
820 817
820 819
820 854
820 855
821 790
821 818
821 822
821 856
822 790
822 792
822 821
822 824
822 857
823 791
823 819
823 829
823 859
824 792
824 822
824 857
824 860
825 793
825 794
825 826
825 861
826 794
826 795
826 825
826 827
826 862
827 795
827 826
827 828
827 863
828 796
828 827
828 829
828 864
829 797
829 823
829 828
829 865
830 798
830 831
830 837
830 866
830 873
831 799
831 830
831 832
831 867
832 800
832 831
832 833
832 868
833 801
833 832
833 834
833 869
834 802
834 833
834 835
834 870
835 803
835 834
835 838
835 871
835 874
836 804
836 837
836 841
836 872
837 830
837 836
837 866
837 872
837 873
838 803
838 805
838 835
838 839
838 874
839 806
839 838
839 842
839 875
840 807
840 841
840 844
840 876
840 877
841 807
841 808
841 836
841 840
841 877
842 839
842 843
842 875
842 878
842 879
843 809
843 842
843 845
843 879
844 810
844 840
844 846
844 880
845 811
845 843
845 847
845 881
846 812
846 844
846 848
846 882
847 813
847 845
847 849
847 883
848 814
848 846
848 850
848 884
849 815
849 847
849 851
849 885
850 816
850 848
850 852
850 886
851 817
851 849
851 855
851 887
852 818
852 850
852 853
852 888
852 889
853 852
853 856
853 888
853 889
853 892
854 819
854 820
854 855
854 859
854 890
855 820
855 851
855 854
855 890
855 891
856 821
856 853
856 857
856 892
857 822
857 824
857 856
857 860
857 893
858 859
858 865
858 894
858 895
858 901
859 823
859 854
859 858
859 895
860 824
860 857
860 861
860 893
860 896
861 825
861 860
861 862
861 897
862 826
862 861
862 863
862 898
863 827
863 862
863 864
863 899
864 828
864 863
864 865
864 900
865 829
865 858
865 864
865 894
865 901
866 830
866 837
866 867
866 873
866 902
867 831
867 866
867 868
867 903
868 832
868 867
868 869
868 904
869 833
869 868
869 870
869 905
870 834
870 869
870 871
870 906
871 835
871 870
871 874
871 907
872 836
872 837
872 873
872 877
872 908
873 830
873 837
873 866
873 872
874 835
874 838
874 871
874 875
874 907
875 839
875 842
875 874
875 878
875 915
876 840
876 877
876 880
876 916
877 840
877 841
877 872
877 876
878 842
878 875
878 879
878 915
878 925
879 842
879 843
879 878
879 881
879 925
880 844
880 876
880 882
880 926
881 845
881 879
881 883
881 935
882 846
882 880
882 884
882 936
883 847
883 881
883 885
883 945
884 848
884 882
884 886
884 946
885 849
885 883
885 887
885 955
886 850
886 884
886 888
886 956
887 851
887 885
887 891
887 965
888 852
888 853
888 886
888 889
888 966
889 852
889 853
889 888
889 892
890 854
890 855
890 891
890 895
891 855
891 887
891 890
891 975
892 853
892 856
892 889
892 893
892 976
893 857
893 860
893 892
893 896
894 858
894 865
894 895
894 901
895 858
895 859
895 890
895 894
895 983
896 860
896 893
896 897
896 984
897 861
897 896
897 898
897 985
898 862
898 897
898 899
898 986
899 863
899 898
899 900
899 987
900 864
900 899
900 901
900 988
901 858
901 865
901 894
901 900
901 989
902 866
902 903
902 908
902 909
902 910
903 867
903 902
903 904
903 910
904 868
904 903
904 905
904 911
905 869
905 904
905 906
905 912
906 870
906 905
906 907
906 913
907 871
907 874
907 906
907 914
908 872
908 902
908 909
908 917
909 902
909 908
909 910
909 918
910 902
910 903
910 909
910 911
911 904
911 910
911 912
911 920
912 905
912 911
912 913
912 921
913 906
913 912
913 914
913 922
914 907
914 913
914 915
914 923
915 875
915 878
915 914
915 924
916 876
916 917
916 926
916 927
917 908
917 916
917 918
917 927
918 909
918 917
918 919
918 927
918 928
919 918
919 920
919 928
919 929
920 911
920 919
920 921
920 930
921 912
921 920
921 922
921 931
922 913
922 921
922 923
922 932
923 914
923 922
923 924
923 933
924 915
924 923
924 925
924 934
925 878
925 879
925 924
925 935
926 880
926 916
926 927
926 936
927 916
927 917
927 918
927 926
927 928
927 937
928 918
928 919
928 927
928 929
928 938
929 919
929 928
929 930
929 939
930 920
930 929
930 931
930 940
931 921
931 930
931 932
931 941
932 922
932 931
932 933
932 941
932 942
933 923
933 932
933 934
933 942
933 943
934 924
934 933
934 935
934 944
935 881
935 925
935 934
935 945
936 882
936 926
936 937
936 946
937 927
937 936
937 938
937 947
938 928
938 937
938 939
938 948
939 929
939 938
939 940
939 949
940 930
940 939
940 941
940 950
941 931
941 932
941 940
941 942
941 951
942 932
942 933
942 941
942 943
942 952
943 933
943 942
943 944
943 953
944 934
944 943
944 945
944 954
945 883
945 935
945 944
945 955
946 884
946 936
946 947
946 956
947 937
947 946
947 948
947 957
948 938
948 947
948 949
948 958
949 939
949 948
949 950
949 959
950 940
950 949
950 951
950 960
951 941
951 950
951 952
951 961
952 942
952 951
952 953
952 962
953 943
953 952
953 954
953 963
954 944
954 953
954 955
954 964
955 885
955 945
955 954
955 965
956 886
956 946
956 957
956 966
957 947
957 956
957 958
957 966
957 967
958 948
958 957
958 959
958 968
959 949
959 958
959 960
959 969
960 950
960 959
960 961
960 970
961 951
961 960
961 962
961 971
962 952
962 961
962 963
962 972
963 953
963 962
963 964
963 973
964 954
964 963
964 965
964 974
964 975
965 887
965 955
965 964
965 975
966 888
966 956
966 957
966 967
966 976
967 957
967 966
967 968
967 976
968 958
968 967
968 969
968 977
969 959
969 968
969 970
969 978
970 960
970 969
970 971
970 979
971 961
971 970
971 972
971 980
972 962
972 971
972 973
972 981
973 963
973 972
973 974
973 982
974 964
974 973
974 975
974 983
975 891
975 964
975 965
975 974
976 892
976 966
976 967
976 977
977 968
977 976
977 978
977 984
978 969
978 977
978 979
978 984
978 985
979 970
979 978
979 980
979 986
980 971
980 979
980 981
980 987
981 972
981 980
981 982
981 988
981 989
982 973
982 981
982 983
982 989
983 895
983 974
983 982
983 989
984 896
984 977
984 978
984 985
985 897
985 978
985 984
985 986
986 898
986 979
986 985
986 987
987 899
987 980
987 986
987 988
988 900
988 981
988 987
988 989
989 901
989 981
989 982
989 983
989 988
