0 6
0 123
0 260
0 261
0 392
1 7
1 254
1 262
1 393
1 464
2 8
2 255
2 263
2 394
3 9
3 256
3 264
3 395
3 466
4 5
4 10
4 257
4 265
4 396
5 4
5 10
5 11
5 258
5 259
5 265
5 266
5 267
5 397
6 0
6 7
6 12
6 261
7 1
7 6
7 8
7 13
7 262
8 2
8 7
8 9
8 14
8 263
9 3
9 8
9 15
9 256
9 264
10 4
10 5
10 11
10 265
11 5
11 10
11 17
11 134
12 6
12 13
12 18
12 135
13 7
13 12
13 14
13 18
13 19
14 8
14 13
14 15
14 20
15 9
15 14
15 16
15 21
16 15
16 17
16 22
16 23
17 11
17 16
17 23
17 134
17 140
17 146
18 12
18 13
18 19
18 24
18 141
19 13
19 18
19 20
19 25
20 14
20 19
20 21
20 26
21 15
21 20
21 22
21 27
22 16
22 21
22 23
22 28
22 146
23 16
23 17
23 22
23 140
23 145
23 146
24 18
24 25
24 29
24 147
25 19
25 24
25 26
25 30
26 20
26 25
26 27
26 31
27 21
27 26
27 28
27 32
28 22
28 27
28 33
28 151
29 24
29 30
29 34
29 152
30 25
30 29
30 31
30 35
31 26
31 30
31 32
31 36
32 27
32 31
32 33
32 37
33 28
33 32
33 38
33 156
34 29
34 35
34 39
34 157
35 30
35 34
35 36
35 40
36 31
36 35
36 37
36 41
37 32
37 36
37 38
37 42
38 33
38 37
38 43
38 161
39 34
39 40
39 44
39 162
40 35
40 39
40 41
40 45
41 36
41 40
41 42
41 46
42 37
42 41
42 43
42 47
43 38
43 42
43 48
43 166
44 39
44 45
44 49
44 167
45 40
45 44
45 46
45 50
46 41
46 45
46 47
46 51
47 42
47 46
47 48
47 52
48 43
48 47
48 53
48 171
49 44
49 50
49 54
49 172
50 45
50 49
50 51
50 55
51 46
51 50
51 52
51 56
52 47
52 51
52 53
52 57
53 48
53 52
53 58
53 176
54 49
54 55
54 59
54 177
55 50
55 54
55 56
55 60
56 51
56 55
56 57
56 61
57 52
57 56
57 58
57 62
58 53
58 57
58 63
58 181
59 54
59 60
59 64
59 182
60 55
60 59
60 61
60 65
61 56
61 60
61 62
61 66
62 57
62 61
62 63
62 67
63 58
63 62
63 68
63 186
64 59
64 65
64 69
64 187
65 60
65 64
65 66
65 70
66 61
66 65
66 67
66 71
67 62
67 66
67 68
67 72
68 63
68 67
68 73
68 191
69 64
69 70
69 74
69 192
70 65
70 69
70 71
70 75
71 66
71 70
71 72
71 76
72 67
72 71
72 73
72 77
73 68
73 72
73 78
73 196
74 69
74 75
74 79
74 197
75 70
75 74
75 76
75 80
76 71
76 75
76 77
76 81
77 72
77 76
77 78
77 82
78 73
78 77
78 83
78 201
79 74
79 80
79 84
79 202
80 75
80 79
80 81
80 85
81 76
81 80
81 82
81 86
82 77
82 81
82 83
82 87
83 78
83 82
83 88
83 206
84 79
84 85
84 89
84 207
85 80
85 84
85 86
85 90
86 81
86 85
86 87
86 91
87 82
87 86
87 88
87 92
88 83
88 87
88 93
88 211
89 84
89 90
89 94
89 212
90 85
90 89
90 91
90 95
91 86
91 90
91 92
91 96
92 87
92 91
92 93
92 97
93 88
93 92
93 98
93 216
94 89
94 95
94 99
94 217
95 90
95 94
95 96
95 100
96 91
96 95
96 97
96 101
97 92
97 96
97 98
97 102
98 93
98 97
98 103
98 221
99 94
99 100
99 105
99 222
100 95
100 99
100 101
100 106
101 96
101 100
101 102
101 107
102 97
102 101
102 103
102 108
103 98
103 102
103 104
103 109
103 227
104 103
104 109
104 110
104 226
104 227
104 233
105 99
105 106
105 111
105 228
106 100
106 105
106 107
106 112
107 101
107 106
107 108
107 113
108 102
108 107
108 109
108 114
109 103
109 104
109 108
109 110
109 115
110 104
110 109
110 116
110 227
110 233
111 105
111 112
111 117
111 234
112 106
112 111
112 113
112 118
113 107
113 112
113 114
113 119
114 108
114 113
114 115
114 120
115 109
115 114
115 116
115 121
116 110
116 115
116 122
116 239
117 111
117 118
117 234
117 240
118 112
118 117
118 119
118 241
119 113
119 118
119 120
119 242
120 114
120 119
120 121
120 243
121 115
121 120
121 122
121 244
121 245
122 116
122 121
122 244
122 245
123 0
123 129
123 268
123 269
123 276
123 277
124 130
124 270
124 278
124 464
125 131
125 271
125 279
125 394
126 132
126 272
126 280
126 395
126 466
127 128
127 133
127 273
127 281
127 396
128 127
128 134
128 273
128 274
128 275
128 282
128 397
129 123
129 130
129 135
129 269
130 124
130 129
130 131
130 136
130 270
131 125
131 130
131 132
131 137
131 271
132 126
132 131
132 133
132 138
132 272
133 127
133 132
133 134
133 273
134 11
134 17
134 128
134 133
135 12
135 129
135 136
135 141
136 130
136 135
136 137
136 142
137 131
137 136
137 138
137 143
138 132
138 137
138 139
138 144
139 138
139 140
139 145
139 146
140 17
140 23
140 139
140 146
141 18
141 135
141 142
141 147
142 136
142 141
142 143
142 148
143 137
143 142
143 144
143 149
144 138
144 143
144 145
144 150
145 23
145 139
145 144
145 146
145 151
146 17
146 22
146 23
146 139
146 140
146 145
147 24
147 141
147 148
147 152
148 142
148 147
148 149
148 153
149 143
149 148
149 150
149 154
150 144
150 149
150 151
150 155
151 28
151 145
151 150
151 156
152 29
152 147
152 153
152 157
153 148
153 152
153 154
153 158
154 149
154 153
154 155
154 159
155 150
155 154
155 156
155 160
156 33
156 151
156 155
156 161
157 34
157 152
157 158
157 162
158 153
158 157
158 159
158 163
159 154
159 158
159 160
159 164
160 155
160 159
160 161
160 165
161 38
161 156
161 160
161 166
162 39
162 157
162 163
162 167
163 158
163 162
163 164
163 168
164 159
164 163
164 165
164 169
165 160
165 164
165 166
165 170
166 43
166 161
166 165
166 171
167 44
167 162
167 168
167 172
168 163
168 167
168 169
168 173
169 164
169 168
169 170
169 174
170 165
170 169
170 171
170 175
171 48
171 166
171 170
171 176
172 49
172 167
172 173
172 177
173 168
173 172
173 174
173 178
174 169
174 173
174 175
174 179
175 170
175 174
175 176
175 180
176 53
176 171
176 175
176 181
177 54
177 172
177 178
177 182
178 173
178 177
178 179
178 183
179 174
179 178
179 180
179 184
180 175
180 179
180 181
180 185
181 58
181 176
181 180
181 186
182 59
182 177
182 183
182 187
183 178
183 182
183 184
183 188
184 179
184 183
184 185
184 189
185 180
185 184
185 186
185 190
186 63
186 181
186 185
186 191
187 64
187 182
187 188
187 192
188 183
188 187
188 189
188 193
189 184
189 188
189 190
189 194
190 185
190 189
190 191
190 195
191 68
191 186
191 190
191 196
192 69
192 187
192 193
192 197
193 188
193 192
193 194
193 198
194 189
194 193
194 195
194 199
195 190
195 194
195 196
195 200
196 73
196 191
196 195
196 201
197 74
197 192
197 198
197 202
198 193
198 197
198 199
198 203
199 194
199 198
199 200
199 204
200 195
200 199
200 201
200 205
201 78
201 196
201 200
201 206
202 79
202 197
202 203
202 207
203 198
203 202
203 204
203 208
204 199
204 203
204 205
204 209
205 200
205 204
205 206
205 210
206 83
206 201
206 205
206 211
207 84
207 202
207 208
207 212
208 203
208 207
208 209
208 213
209 204
209 208
209 210
209 214
210 205
210 209
210 211
210 215
211 88
211 206
211 210
211 216
212 89
212 207
212 213
212 217
213 208
213 212
213 214
213 218
214 209
214 213
214 215
214 219
215 210
215 214
215 216
215 220
216 93
216 211
216 215
216 221
217 94
217 212
217 218
217 222
218 213
218 217
218 219
218 223
219 214
219 218
219 220
219 224
220 215
220 219
220 221
220 225
221 98
221 216
221 220
221 226
222 99
222 217
222 223
222 228
223 218
223 222
223 224
223 229
224 219
224 223
224 225
224 230
225 220
225 224
225 226
225 231
226 104
226 221
226 225
226 227
226 232
227 103
227 104
227 110
227 226
227 232
227 233
228 105
228 222
228 229
228 234
229 223
229 228
229 230
229 235
230 224
230 229
230 231
230 236
231 225
231 230
231 232
231 237
232 226
232 227
232 231
232 233
233 104
233 110
233 227
233 232
233 239
234 111
234 117
234 228
234 235
234 240
235 229
235 234
235 236
235 240
235 241
236 230
236 235
236 237
236 241
236 242
237 231
237 236
237 238
237 242
237 243
238 237
238 239
238 244
238 245
239 116
239 233
239 238
239 245
240 117
240 234
240 235
240 241
241 118
241 235
241 236
241 240
241 242
242 119
242 236
242 237
242 241
242 243
243 120
243 237
243 242
243 244
244 121
244 122
244 238
244 243
244 245
245 121
245 122
245 238
245 239
245 244
246 247
246 252
246 253
246 254
247 246
247 248
247 253
247 254
248 247
248 249
248 255
248 256
249 248
249 250
249 256
249 257
250 249
250 251
250 257
250 258
251 250
251 257
251 258
251 259
252 246
252 253
252 260
252 261
253 246
253 247
253 252
253 254
253 261
254 1
254 246
254 247
254 253
254 255
255 2
255 248
255 254
255 256
256 3
256 9
256 248
256 249
256 255
256 257
257 4
257 249
257 250
257 251
257 256
257 258
258 5
258 250
258 251
258 257
258 259
259 5
259 251
259 258
259 266
259 267
260 0
260 252
260 261
260 268
261 0
261 6
261 252
261 253
261 260
261 392
261 463
262 1
262 7
262 387
262 392
262 393
262 464
263 2
263 8
263 271
263 394
263 466
264 3
264 9
264 389
264 395
264 466
265 4
265 5
265 10
265 396
265 397
266 5
266 259
266 267
266 275
266 397
267 5
267 259
267 266
267 275
268 123
268 260
268 269
268 276
269 123
269 129
269 268
269 276
269 277
269 463
270 124
270 130
270 278
270 393
270 464
271 125
271 131
271 263
271 279
271 394
271 466
272 126
272 132
272 280
272 395
272 466
273 127
273 128
273 133
273 281
273 282
273 396
274 128
274 275
274 282
274 397
275 128
275 266
275 267
275 274
276 123
276 268
276 269
276 277
277 123
277 269
277 276
277 278
278 124
278 270
278 277
278 279
279 125
279 271
279 278
279 280
280 126
280 272
280 279
280 281
281 127
281 273
281 280
281 282
282 128
282 273
282 274
282 281
283 284
283 285
283 286
283 287
284 283
284 285
284 286
284 287
285 283
285 284
285 286
285 287
286 283
286 284
286 285
286 287
286 288
286 289
287 283
287 284
287 285
287 286
287 288
287 290
288 286
288 287
288 290
288 291
289 286
289 290
289 292
289 398
290 287
290 288
290 289
290 291
290 398
291 288
291 290
291 293
291 294
291 295
292 289
292 293
292 398
292 399
292 400
293 291
293 292
293 294
293 297
293 400
294 291
294 293
294 295
294 298
295 291
295 294
295 298
295 299
296 300
296 399
296 401
296 402
297 293
297 298
297 399
297 400
297 402
298 294
298 295
298 297
298 299
298 302
299 295
299 298
299 302
299 303
299 304
300 296
300 301
300 401
300 403
301 300
301 306
301 403
301 404
302 298
302 299
302 303
302 307
302 405
303 299
303 302
303 304
303 308
304 299
304 303
304 308
304 309
305 306
305 310
305 406
305 407
306 301
306 305
306 311
306 404
306 406
306 407
307 302
307 308
307 312
307 405
307 408
308 303
308 304
308 307
308 309
308 313
309 304
309 308
309 313
309 314
310 305
310 311
310 409
310 410
311 306
311 310
311 312
311 316
311 410
311 411
312 307
312 311
312 313
312 411
313 308
313 309
313 312
313 314
313 318
314 309
314 313
314 318
314 319
315 316
315 320
315 412
315 413
316 311
316 315
316 317
316 321
316 413
316 414
317 316
317 322
317 413
317 414
318 313
318 314
318 319
318 323
318 414
319 314
319 318
319 324
319 325
320 315
320 326
320 415
320 416
321 316
321 322
321 327
321 416
321 417
322 317
322 321
322 328
322 417
322 418
323 318
323 324
323 329
323 418
324 319
324 323
324 325
324 330
325 319
325 324
325 330
325 331
326 320
326 332
326 419
326 420
327 321
327 328
327 333
327 420
327 421
328 322
328 327
328 334
328 421
328 422
329 323
329 330
329 335
329 422
330 324
330 325
330 329
330 331
330 336
331 325
331 330
331 336
331 337
332 326
332 338
332 423
332 424
333 327
333 334
333 339
333 424
333 425
334 328
334 333
334 340
334 425
334 426
335 329
335 336
335 341
335 426
336 330
336 331
336 335
336 337
336 342
336 343
337 331
337 336
337 342
337 343
338 332
338 344
338 427
338 428
339 333
339 340
339 345
339 428
340 334
340 339
340 346
340 429
340 430
341 335
341 342
341 426
341 430
342 336
342 337
342 341
342 343
342 348
343 336
343 337
343 342
343 349
344 338
344 350
344 431
344 432
345 339
345 346
345 351
345 432
346 340
346 345
346 433
346 434
347 348
347 353
347 430
347 434
348 342
348 347
348 349
348 354
349 343
349 348
349 354
349 355
350 344
350 356
350 435
350 436
351 345
351 352
351 436
351 437
352 351
352 358
352 437
352 438
353 347
353 354
353 359
353 438
354 348
354 349
354 353
354 355
354 360
354 361
355 349
355 354
355 360
355 361
356 350
356 357
356 362
356 439
356 440
357 356
357 358
357 363
357 440
358 352
358 357
358 364
358 441
358 442
359 353
359 360
359 365
359 442
360 354
360 355
360 359
360 361
360 366
361 354
361 355
361 360
361 367
362 356
362 363
362 443
362 444
363 357
363 362
363 369
363 444
364 358
364 370
364 445
364 446
365 359
365 366
365 371
365 446
366 360
366 365
366 367
366 372
367 361
367 366
367 372
367 373
368 369
368 374
368 447
368 448
369 363
369 368
369 375
369 448
370 364
370 376
370 449
370 450
371 365
371 372
371 377
371 450
372 366
372 367
372 371
372 373
372 378
373 367
373 372
373 378
373 379
374 368
374 375
374 451
374 452
375 369
375 374
375 381
375 452
376 370
376 382
376 453
376 454
377 371
377 378
377 383
377 454
378 372
378 373
378 377
378 379
378 384
379 373
379 378
379 384
379 385
380 381
380 386
380 455
380 456
381 375
381 380
381 387
381 456
382 376
382 383
382 388
382 457
382 458
383 377
383 382
383 384
383 389
383 458
384 378
384 379
384 383
384 385
384 390
385 379
385 384
385 390
385 391
386 380
386 387
386 392
386 459
386 463
387 262
387 381
387 386
387 393
387 460
388 382
388 394
388 461
388 462
388 465
389 264
389 383
389 390
389 395
389 462
389 466
390 384
390 385
390 389
390 391
390 396
390 397
391 385
391 390
391 396
391 397
392 0
392 261
392 262
392 386
392 459
392 463
393 1
393 262
393 270
393 387
393 460
393 464
394 2
394 125
394 263
394 271
394 388
394 461
394 465
395 3
395 126
395 264
395 272
395 389
395 466
396 4
396 127
396 265
396 273
396 390
396 391
396 397
397 5
397 128
397 265
397 266
397 274
397 390
397 391
397 396
398 289
398 290
398 292
398 400
399 292
399 296
399 297
399 400
399 401
399 402
400 292
400 293
400 297
400 398
400 399
400 402
401 296
401 300
401 399
401 402
401 403
402 296
402 297
402 399
402 400
402 401
403 300
403 301
403 401
403 404
404 301
404 306
404 403
404 405
404 406
404 407
405 302
405 307
405 404
405 407
405 408
406 305
406 306
406 404
406 407
406 409
407 305
407 306
407 404
407 405
407 406
407 408
408 307
408 405
408 407
408 411
409 310
409 406
409 410
409 412
410 310
410 311
410 409
410 411
411 311
411 312
411 408
411 410
412 315
412 409
412 413
412 415
413 315
413 316
413 317
413 412
413 414
414 316
414 317
414 318
414 413
414 417
415 320
415 412
415 416
415 419
416 320
416 321
416 415
416 417
417 321
417 322
417 414
417 416
417 418
417 421
418 322
418 323
418 417
418 422
419 326
419 415
419 420
419 423
420 326
420 327
420 419
420 421
421 327
421 328
421 417
421 420
421 422
421 425
422 328
422 329
422 418
422 421
423 332
423 419
423 424
423 427
424 332
424 333
424 423
424 425
425 333
425 334
425 421
425 424
425 426
425 429
426 334
426 335
426 341
426 425
427 338
427 423
427 428
427 431
428 338
428 339
428 427
428 432
429 340
429 425
429 430
429 433
430 340
430 341
430 347
430 429
430 434
431 344
431 427
431 432
431 435
432 344
432 345
432 428
432 431
433 346
433 429
433 434
433 437
434 346
434 347
434 430
434 433
435 350
435 431
435 436
435 439
436 350
436 351
436 435
436 440
437 351
437 352
437 433
437 438
437 441
438 352
438 353
438 437
438 442
439 356
439 435
439 440
439 443
440 356
440 357
440 436
440 439
440 444
441 358
441 437
441 442
441 445
442 358
442 359
442 438
442 441
442 446
443 362
443 439
443 444
443 447
444 362
444 363
444 440
444 443
445 364
445 441
445 446
445 449
446 364
446 365
446 442
446 445
446 450
447 368
447 443
447 448
447 451
448 368
448 369
448 447
448 452
449 370
449 445
449 450
449 453
450 370
450 371
450 446
450 449
451 374
451 447
451 452
451 455
452 374
452 375
452 448
452 451
452 456
453 376
453 449
453 454
453 457
454 376
454 377
454 453
454 458
455 380
455 451
455 456
455 459
456 380
456 381
456 452
456 455
456 460
457 382
457 453
457 458
457 461
457 465
458 382
458 383
458 454
458 457
458 462
459 386
459 392
459 455
459 460
459 463
460 387
460 393
460 456
460 459
460 463
460 464
461 388
461 394
461 457
461 462
461 465
462 388
462 389
462 458
462 461
462 465
462 466
463 261
463 269
463 386
463 392
463 459
463 460
464 1
464 124
464 262
464 270
464 393
464 460
465 388
465 394
465 457
465 461
465 462
466 3
466 126
466 263
466 264
466 271
466 272
466 389
466 395
466 462
