0 1
0 4
0 5
0 6
1 0
1 2
1 5
1 6
1 7
2 1
2 6
2 7
2 8
3 4
3 10
3 11
3 12
4 0
4 3
4 5
4 12
5 0
5 1
5 4
5 6
6 0
6 1
6 2
6 5
6 7
6 14
7 1
7 2
7 6
7 8
8 2
8 7
8 9
8 16
9 8
9 16
9 17
9 18
10 3
10 11
10 19
10 20
11 3
11 10
11 12
11 20
12 3
12 4
12 11
12 13
12 21
13 12
13 14
13 22
13 74
14 6
14 13
14 15
14 23
15 14
15 16
15 24
15 76
16 8
16 9
16 15
16 17
16 25
17 9
17 16
17 18
17 26
18 9
18 17
18 26
18 27
19 10
19 20
19 28
19 29
20 10
20 11
20 19
20 21
20 28
20 29
21 12
21 20
21 22
21 30
22 13
22 21
22 23
22 74
22 78
23 14
23 22
23 32
23 74
23 75
23 79
23 90
24 15
24 25
24 33
24 75
24 76
24 80
25 16
25 24
25 26
25 34
26 17
26 18
26 25
26 27
26 35
26 36
27 18
27 26
27 35
27 36
28 19
28 20
28 29
28 37
29 19
29 20
29 28
29 30
29 37
29 38
30 21
30 29
30 39
30 77
30 78
30 82
31 32
31 40
31 74
31 77
31 78
32 23
32 31
32 33
32 41
33 24
33 32
33 34
33 76
33 80
33 81
34 25
34 33
34 35
34 80
34 81
34 86
35 26
35 27
35 34
35 36
35 44
35 45
36 26
36 27
36 35
36 45
37 28
37 29
37 38
37 46
38 29
38 37
38 39
38 46
38 47
39 30
39 38
39 48
39 77
39 82
39 83
40 31
40 41
40 49
40 82
40 83
40 87
41 32
41 40
41 42
41 50
42 41
42 43
42 51
42 85
42 86
42 89
43 42
43 44
43 52
43 81
43 85
43 86
44 35
44 43
44 45
44 53
44 54
45 35
45 36
45 44
45 54
46 37
46 38
46 47
46 55
47 38
47 46
47 48
47 55
47 56
48 39
48 47
48 49
48 57
49 40
49 48
49 50
49 58
49 84
49 87
50 41
50 49
50 51
50 59
50 88
50 97
51 42
51 50
51 52
51 60
51 85
51 89
52 43
52 51
52 53
52 61
53 44
53 52
53 54
53 62
53 63
54 44
54 45
54 53
54 63
55 46
55 47
55 56
55 64
56 47
56 55
56 57
56 64
57 48
57 56
57 58
57 64
57 65
58 49
58 57
58 59
58 87
59 50
59 58
59 60
59 67
60 51
60 59
60 61
60 89
61 52
61 60
61 62
61 69
61 70
62 53
62 61
62 63
62 70
63 53
63 54
63 62
63 70
64 55
64 56
64 57
64 65
65 57
65 64
65 66
65 71
66 65
66 67
66 71
66 72
67 59
67 66
67 68
67 71
67 72
67 73
68 67
68 69
68 72
68 73
69 61
69 68
69 70
69 73
70 61
70 62
70 63
70 69
71 65
71 66
71 67
71 72
72 66
72 67
72 68
72 71
72 73
73 67
73 68
73 69
73 72
74 13
74 22
74 23
74 31
74 75
74 78
74 79
75 23
75 24
75 74
75 76
75 79
75 90
75 92
76 15
76 24
76 33
76 75
76 80
77 30
77 31
77 39
77 78
77 82
78 22
78 30
78 31
78 74
78 77
78 91
79 23
79 74
79 75
79 90
79 91
79 92
80 24
80 33
80 34
80 76
80 81
80 93
81 33
81 34
81 43
81 80
81 86
82 30
82 39
82 40
82 77
82 83
83 39
83 40
83 82
83 87
83 94
84 49
84 87
84 88
84 94
84 95
84 97
85 42
85 43
85 51
85 86
85 89
85 96
86 34
86 42
86 43
86 81
86 85
87 40
87 49
87 58
87 83
87 84
87 88
88 50
88 84
88 87
88 89
88 95
88 97
89 42
89 51
89 60
89 85
89 88
89 97
90 23
90 75
90 79
90 92
90 93
91 78
91 79
91 92
91 94
92 75
92 79
92 90
92 91
92 93
93 80
93 90
93 92
93 96
93 100
94 83
94 84
94 91
94 95
95 84
95 88
95 94
95 96
95 97
96 85
96 93
96 95
96 97
97 50
97 84
97 88
97 89
97 95
97 96
98 99
98 101
98 102
98 104
98 107
99 98
99 100
99 101
99 103
99 104
100 93
100 99
100 103
100 106
101 98
101 99
101 102
101 104
101 107
102 98
102 101
102 103
102 107
103 99
103 100
103 102
103 109
104 98
104 99
104 101
104 105
104 107
104 108
105 104
105 106
105 108
105 109
106 100
106 105
106 109
106 111
106 113
107 98
107 101
107 102
107 104
107 108
108 104
108 105
108 107
108 109
108 112
109 103
109 105
109 106
109 108
109 111
109 113
110 111
110 112
110 113
110 114
111 106
111 109
111 110
111 112
111 113
112 108
112 110
112 111
112 113
112 115
113 106
113 109
113 110
113 111
113 112
114 110
114 115
114 116
114 117
115 112
115 114
115 116
115 117
116 114
116 115
116 117
116 118
116 119
117 114
117 115
117 116
117 118
117 119
118 116
118 117
118 119
118 120
119 116
119 117
119 118
119 122
120 118
120 121
120 122
120 123
121 120
121 122
121 123
121 126
121 129
122 119
122 120
122 121
122 123
123 120
123 121
123 122
123 126
123 129
124 125
124 127
124 128
124 130
124 131
124 133
125 124
125 126
125 127
125 128
126 121
126 123
126 125
126 129
126 132
127 124
127 125
127 128
127 130
127 133
127 134
128 124
128 125
128 127
128 129
129 121
129 123
129 126
129 128
129 135
130 124
130 127
130 131
130 133
130 136
131 124
131 130
131 132
131 137
132 126
132 131
132 135
132 138
133 124
133 127
133 130
133 134
133 139
134 127
134 133
134 135
134 140
135 129
135 132
135 134
135 141
136 130
136 137
136 139
136 144
137 131
137 136
137 138
137 142
137 145
138 132
138 137
138 143
138 146
139 133
139 136
139 140
139 147
140 134
140 139
140 141
140 147
140 148
140 150
140 151
141 135
141 140
141 149
141 152
142 137
142 143
142 145
142 146
142 155
142 160
143 138
143 142
143 145
143 146
143 156
143 160
144 136
144 145
144 159
144 160
145 137
145 142
145 143
145 144
145 146
145 160
146 138
146 142
146 143
146 145
146 160
147 139
147 140
147 148
147 150
147 164
147 165
148 140
148 147
148 150
148 151
148 152
148 165
149 141
149 152
149 165
149 166
150 140
150 147
150 148
150 151
150 165
150 169
151 140
151 148
151 150
151 152
151 165
151 170
152 141
152 148
152 149
152 151
152 171
153 154
153 158
153 178
153 185
154 153
154 155
154 159
154 179
155 142
155 154
155 156
155 180
156 143
156 155
156 157
156 161
157 156
157 161
157 162
157 181
157 182
157 186
158 153
158 159
158 163
158 184
158 185
159 144
159 154
159 158
159 185
160 142
160 143
160 144
160 145
160 146
161 156
161 157
161 162
161 186
162 157
162 161
162 167
162 186
162 187
163 158
163 164
163 168
163 190
163 191
164 147
164 163
164 168
164 191
165 147
165 148
165 149
165 150
165 151
166 149
166 167
166 171
166 192
167 162
167 166
167 172
167 192
167 193
168 163
168 164
168 169
168 191
168 195
169 150
169 168
169 170
169 196
170 151
170 169
170 171
170 197
171 152
171 166
171 170
171 172
171 192
171 198
172 167
172 171
172 192
172 199
173 174
173 178
173 216
173 217
174 173
174 175
174 179
174 210
174 217
175 174
175 176
175 180
175 211
176 175
176 177
176 181
176 212
176 218
177 176
177 182
177 213
177 218
177 219
178 153
178 173
178 179
178 185
178 216
179 154
179 174
179 178
179 180
179 217
180 155
180 175
180 179
180 181
181 157
181 176
181 180
181 182
181 218
182 157
182 177
182 181
182 218
182 219
183 184
183 189
183 221
183 222
183 225
183 226
184 158
184 183
184 185
184 189
184 190
184 222
185 153
185 158
185 159
185 178
185 184
186 157
186 161
186 162
186 187
187 162
187 186
187 188
187 193
187 223
188 187
188 194
188 223
188 224
188 227
189 183
189 184
189 221
189 222
189 225
189 226
190 163
190 184
190 191
190 226
191 163
191 164
191 168
191 190
192 166
192 167
192 171
192 172
193 167
193 187
193 194
193 227
194 188
194 193
194 223
194 227
194 228
195 168
195 196
195 200
195 230
195 231
196 169
196 195
196 197
196 201
196 231
197 170
197 196
197 201
197 202
198 171
198 199
198 203
198 232
199 172
199 198
199 204
199 232
199 233
200 195
200 201
200 230
200 231
200 235
201 196
201 197
201 200
201 202
201 231
201 236
202 197
202 201
202 203
202 237
203 198
203 202
203 204
203 232
203 238
204 199
204 203
204 232
204 233
204 239
205 206
205 210
205 211
205 245
205 252
205 253
206 205
206 207
206 211
206 246
206 253
207 206
207 212
207 247
207 254
208 209
208 215
208 250
208 258
208 259
209 208
209 216
209 251
209 259
210 174
210 205
210 217
210 252
211 175
211 205
211 206
211 253
212 176
212 207
212 213
212 218
212 254
213 177
213 212
213 214
213 218
213 254
213 255
214 213
214 220
214 255
214 260
215 208
215 216
215 258
215 259
216 173
216 178
216 209
216 215
217 173
217 174
217 179
217 210
218 176
218 177
218 181
218 182
218 212
218 213
218 219
219 177
219 182
219 218
219 220
220 214
220 219
220 260
220 261
221 183
221 189
221 222
221 264
222 183
222 184
222 189
222 221
223 187
223 188
223 194
223 224
224 188
224 223
224 228
224 265
225 183
225 189
225 226
225 229
225 268
226 183
226 189
226 190
226 225
227 188
227 193
227 194
227 228
228 194
228 224
228 227
228 269
229 225
229 230
229 272
229 273
230 195
230 200
230 229
230 231
230 273
231 195
231 196
231 200
231 201
231 230
232 198
232 199
232 203
232 204
232 238
233 199
233 204
233 234
233 274
234 233
234 240
234 274
234 275
235 200
235 236
235 278
235 279
236 201
236 235
236 237
236 241
236 279
237 202
237 236
237 241
237 242
238 203
238 232
238 243
238 280
239 204
239 240
239 274
239 281
240 234
240 239
240 274
240 282
241 236
241 237
241 242
241 279
241 286
242 237
242 241
242 243
242 287
243 238
243 242
243 280
243 288
244 245
244 251
244 252
244 299
244 308
245 205
245 244
245 246
245 252
245 300
246 206
246 245
246 253
246 301
247 207
247 248
247 254
247 302
248 247
248 249
248 255
248 303
248 309
249 248
249 256
249 309
249 310
250 208
250 251
250 307
250 308
251 209
251 244
251 250
251 308
252 205
252 210
252 244
252 245
253 205
253 206
253 211
253 246
254 207
254 212
254 213
254 247
255 213
255 214
255 248
255 256
255 260
256 249
256 255
256 309
256 310
257 258
257 263
257 264
257 313
257 314
258 208
258 215
258 257
258 259
258 314
259 208
259 209
259 215
259 258
260 214
260 220
260 255
260 261
261 220
261 260
261 262
261 265
261 315
262 261
262 265
262 266
262 315
262 316
263 257
263 264
263 267
263 268
263 319
264 221
264 257
264 263
264 268
265 224
265 261
265 262
265 266
266 262
266 265
266 270
266 320
267 263
267 268
267 271
267 323
268 225
268 263
268 264
268 267
268 271
269 228
269 270
269 275
269 276
270 266
270 269
270 276
270 324
271 267
271 268
271 272
271 327
271 328
272 229
272 271
272 273
272 328
273 229
273 230
273 272
273 278
274 233
274 234
274 239
274 240
274 275
275 234
275 269
275 274
275 276
275 283
275 329
276 269
276 270
276 275
276 283
276 329
276 330
277 278
277 284
277 333
277 334
278 235
278 273
278 277
278 284
278 285
279 235
279 236
279 241
279 285
279 286
280 238
280 243
280 281
280 288
281 239
281 280
281 289
281 290
281 335
282 240
282 283
282 290
282 335
282 336
283 275
283 276
283 282
283 329
283 336
283 337
284 277
284 278
284 285
284 333
284 334
285 278
285 279
285 284
285 286
285 334
286 241
286 279
286 285
286 287
286 341
287 242
287 286
287 291
287 342
288 243
288 280
288 289
288 343
289 281
289 288
289 290
289 335
289 344
290 281
290 282
290 289
290 335
290 336
291 287
291 341
291 342
291 349
292 293
292 299
292 300
292 360
292 369
293 292
293 294
293 300
293 361
294 293
294 295
294 301
294 362
295 294
295 296
295 302
295 363
296 295
296 302
296 303
296 364
296 370
297 298
297 306
297 368
297 376
298 297
298 307
298 308
298 376
299 244
299 292
299 300
299 308
299 369
300 245
300 292
300 293
300 299
300 301
301 246
301 294
301 300
301 302
302 247
302 295
302 296
302 301
302 303
303 248
303 296
303 302
303 309
303 370
304 305
304 310
304 371
304 377
305 304
305 311
305 371
305 372
305 377
306 297
306 307
306 314
306 375
306 376
307 250
307 298
307 306
307 308
308 244
308 250
308 251
308 298
308 299
308 307
309 248
309 249
309 256
309 303
309 310
310 249
310 256
310 304
310 309
310 311
310 315
311 305
311 310
311 315
311 377
312 313
312 318
312 380
312 381
312 385
313 257
313 312
313 314
313 381
314 257
314 258
314 306
314 313
315 261
315 262
315 310
315 311
316 262
316 317
316 382
316 386
317 316
317 382
317 383
317 386
318 312
318 319
318 322
318 384
318 385
319 263
319 318
319 322
319 323
319 385
320 266
320 321
320 324
320 386
321 320
321 325
321 386
321 387
322 318
322 319
322 323
322 388
322 389
323 267
323 319
323 322
323 389
324 270
324 320
324 325
324 390
325 321
325 324
325 390
325 391
326 327
326 389
326 392
326 393
327 271
327 326
327 328
327 393
328 271
328 272
328 327
328 332
329 275
329 276
329 283
329 337
330 276
330 331
330 390
330 394
331 330
331 390
331 394
331 395
332 328
332 333
332 338
332 397
332 398
333 277
333 284
333 332
333 334
334 277
334 284
334 285
334 333
334 339
334 340
335 281
335 282
335 289
335 290
335 336
335 344
335 345
336 282
336 283
336 290
336 335
336 337
336 345
337 283
337 329
337 336
337 346
338 332
338 339
338 398
338 403
339 334
339 338
339 340
339 398
339 403
340 334
340 339
340 341
340 347
340 404
341 286
341 291
341 340
341 347
341 348
342 287
342 291
342 343
342 349
343 288
343 342
343 344
343 350
343 351
344 289
344 335
344 343
344 351
344 352
344 405
345 335
345 336
345 346
345 399
346 337
346 345
346 399
346 406
346 407
347 340
347 341
347 348
347 404
347 411
348 341
348 347
348 349
348 412
349 291
349 342
349 348
349 350
349 413
350 343
350 349
350 351
350 414
351 343
351 344
351 350
351 352
351 405
351 415
352 344
352 351
352 405
352 406
353 354
353 360
353 361
353 427
353 437
354 353
354 355
354 361
354 428
355 354
355 356
355 362
355 429
356 355
356 357
356 363
356 430
357 356
357 363
357 364
357 431
357 438
358 359
358 367
358 368
358 443
358 444
359 358
359 360
359 368
359 369
359 436
359 444
360 292
360 353
360 359
360 361
360 369
360 437
361 293
361 353
361 354
361 360
361 362
362 294
362 355
362 361
362 363
363 295
363 356
363 357
363 362
363 364
364 296
364 357
364 363
364 365
364 370
364 438
365 364
365 370
365 371
365 439
365 445
366 372
366 440
366 445
366 446
367 358
367 368
367 443
367 444
368 297
368 358
368 359
368 367
368 376
368 444
369 292
369 299
369 359
369 360
370 296
370 303
370 364
370 365
371 304
371 305
371 365
371 372
371 377
372 305
372 366
372 371
372 445
372 446
373 378
373 379
373 446
373 451
374 375
374 381
374 449
374 450
375 306
375 374
375 376
375 381
375 450
376 297
376 298
376 306
376 368
376 375
377 304
377 305
377 311
377 371
377 378
378 373
378 377
378 379
378 451
379 373
379 378
379 451
379 452
380 312
380 381
380 384
380 455
381 312
381 313
381 374
381 375
381 380
382 316
382 317
382 383
382 386
383 317
383 382
383 386
383 456
384 318
384 380
384 385
384 388
384 459
385 312
385 318
385 319
385 384
386 316
386 317
386 320
386 321
386 382
386 383
386 387
387 321
387 386
387 391
387 460
388 322
388 384
388 389
388 463
389 322
389 323
389 326
389 388
389 393
390 324
390 325
390 330
390 331
390 391
390 394
390 395
391 325
391 387
391 390
391 464
392 326
392 393
392 396
392 467
393 326
393 327
393 389
393 392
394 330
394 331
394 390
394 395
395 331
395 390
395 394
395 468
396 392
396 397
396 471
396 472
397 332
397 396
397 398
397 472
398 332
398 338
398 339
398 397
398 403
399 345
399 346
399 400
399 406
399 407
400 399
400 401
400 408
400 473
401 400
401 408
401 473
401 474
402 403
402 409
402 477
402 478
403 338
403 339
403 398
403 402
403 410
403 478
404 340
404 347
404 410
404 411
405 344
405 351
405 352
405 406
405 415
405 416
406 346
406 352
406 399
406 405
406 407
406 416
406 417
407 346
407 399
407 406
407 417
407 479
408 400
408 401
408 473
408 479
408 480
409 402
409 477
409 478
409 482
410 403
410 404
410 411
410 478
410 483
411 347
411 404
411 410
411 412
411 418
411 484
412 348
412 411
412 413
412 418
412 419
413 349
413 412
413 414
413 420
414 350
414 413
414 415
414 421
414 422
415 351
415 405
415 414
415 416
415 422
415 485
416 405
416 406
416 415
416 486
417 406
417 407
417 479
417 487
418 411
418 412
418 419
418 484
418 490
419 412
419 418
419 420
419 491
420 413
420 419
420 421
420 492
421 414
421 420
421 422
421 493
422 414
422 415
422 421
422 485
422 494
423 424
423 428
423 500
423 507
423 508
424 423
424 425
424 429
424 501
424 508
425 424
425 430
425 501
425 502
425 503
425 509
426 427
426 436
426 504
426 505
426 506
426 515
427 353
427 426
427 437
427 506
428 354
428 423
428 500
428 507
429 355
429 424
429 501
429 508
430 356
430 425
430 502
430 509
431 357
431 438
431 503
431 510
432 433
432 439
432 510
432 511
432 516
433 432
433 439
433 511
433 512
433 516
434 435
434 442
434 513
434 514
434 519
434 520
435 434
435 443
435 514
435 520
436 359
436 426
436 437
436 444
436 505
436 515
437 353
437 360
437 427
437 436
438 357
438 364
438 431
438 439
439 365
439 432
439 433
439 438
439 516
440 366
440 445
440 446
440 517
440 518
441 447
441 517
441 518
441 521
442 434
442 443
442 450
442 519
442 520
443 358
443 367
443 435
443 442
443 444
444 358
444 359
444 367
444 368
444 436
444 443
445 365
445 366
445 372
445 440
445 446
446 366
446 372
446 373
446 440
446 445
446 447
447 441
447 446
447 451
447 521
448 449
448 454
448 455
448 522
448 523
448 526
449 374
449 448
449 450
449 523
450 374
450 375
450 442
450 449
451 373
451 378
451 379
451 447
451 452
452 379
452 451
452 453
452 524
452 525
453 452
453 456
453 457
453 524
453 525
453 527
454 448
454 455
454 458
454 522
454 526
455 380
455 448
455 454
455 459
455 526
456 383
456 453
456 457
456 460
457 453
457 456
457 461
457 527
457 529
458 454
458 459
458 462
458 528
458 530
459 384
459 455
459 458
459 463
460 387
460 456
460 461
460 464
461 457
461 460
461 465
461 529
461 531
462 458
462 463
462 528
462 530
463 388
463 459
463 462
463 467
464 391
464 460
464 465
464 468
465 461
465 464
465 469
465 531
466 467
466 470
466 532
466 534
467 392
467 463
467 466
467 470
467 532
468 395
468 464
468 469
468 475
468 533
469 465
469 468
469 475
469 533
470 466
470 467
470 471
470 532
470 534
470 535
471 396
471 470
471 472
471 535
472 396
472 397
472 471
472 477
473 400
473 401
473 408
473 474
473 480
474 401
474 473
474 475
474 536
474 537
475 468
475 469
475 474
475 533
475 536
475 537
475 541
476 477
476 481
476 538
476 539
477 402
477 409
477 472
477 476
477 478
477 482
478 402
478 403
478 409
478 410
478 477
478 482
478 483
479 407
479 408
479 417
479 487
480 408
480 473
480 488
480 540
481 476
481 538
481 539
481 542
481 543
482 409
482 477
482 478
482 543
483 410
483 478
483 484
483 489
483 544
483 549
484 411
484 418
484 483
484 490
485 415
485 422
485 486
485 494
486 416
486 485
486 495
486 496
486 545
487 417
487 479
487 488
487 546
487 547
488 480
488 487
488 546
488 547
489 483
489 544
489 548
489 549
490 418
490 484
490 550
490 557
491 419
491 497
491 551
491 558
492 420
492 498
492 552
492 559
493 421
493 499
493 553
493 560
494 422
494 485
494 554
494 561
495 486
495 496
495 545
495 555
496 486
496 495
496 545
496 546
496 555
496 556
497 491
497 498
497 551
497 552
497 557
497 558
497 559
498 492
498 497
498 552
498 559
499 493
499 553
499 560
499 561
500 423
500 428
500 507
500 508
501 424
501 425
501 429
501 502
501 508
502 425
502 430
502 501
502 503
502 509
503 425
503 431
503 502
503 509
503 510
504 426
504 505
504 514
504 515
505 426
505 436
505 504
505 506
505 515
506 426
506 427
506 505
506 507
507 423
507 428
507 500
507 506
508 423
508 424
508 429
508 500
508 501
509 425
509 430
509 502
509 503
509 510
510 431
510 432
510 503
510 509
511 432
511 433
511 512
511 516
512 433
512 511
512 516
512 517
513 434
513 514
513 519
513 520
514 434
514 435
514 504
514 513
514 515
514 520
515 426
515 436
515 504
515 505
515 514
516 432
516 433
516 439
516 511
516 512
517 440
517 441
517 512
517 518
518 440
518 441
518 517
518 521
519 434
519 442
519 513
519 520
519 523
520 434
520 435
520 442
520 513
520 514
520 519
521 441
521 447
521 518
521 524
522 448
522 454
522 523
522 526
523 448
523 449
523 519
523 522
524 452
524 453
524 521
524 525
525 452
525 453
525 524
525 527
526 448
526 454
526 455
526 522
526 528
527 453
527 457
527 525
527 529
528 458
528 462
528 526
528 530
529 457
529 461
529 527
529 531
530 458
530 462
530 528
530 532
531 461
531 465
531 529
531 533
532 466
532 467
532 470
532 530
532 534
533 468
533 469
533 475
533 531
533 537
534 466
534 470
534 532
534 535
535 470
535 471
535 534
535 538
536 474
536 475
536 537
536 540
536 541
537 474
537 475
537 533
537 536
537 541
538 476
538 481
538 535
538 539
538 542
539 476
539 481
539 538
539 542
539 543
540 480
540 536
540 541
540 547
541 475
541 536
541 537
541 540
542 481
542 538
542 539
542 543
543 481
543 482
543 539
543 542
543 544
543 548
544 483
544 489
544 543
544 548
544 549
545 486
545 495
545 496
545 546
545 555
545 556
546 487
546 488
546 496
546 545
546 547
546 556
547 487
547 488
547 540
547 546
548 489
548 543
548 544
548 549
549 483
549 489
549 544
549 548
550 490
550 551
550 557
550 558
551 491
551 497
551 550
551 552
551 557
551 558
552 492
552 497
552 498
552 551
552 558
552 559
553 493
553 499
553 554
553 560
553 561
554 494
554 553
554 560
554 561
555 495
555 496
555 545
555 556
556 496
556 545
556 546
556 555
557 490
557 497
557 550
557 551
557 558
558 491
558 497
558 550
558 551
558 552
558 557
559 492
559 497
559 498
559 552
560 493
560 499
560 553
560 554
560 561
561 494
561 499
561 553
561 554
561 560
