0 1
0 17
0 18
0 636
0 637
0 684
0 685
1 0
1 18
1 637
1 685
2 19
2 638
2 685
2 686
3 11
3 20
3 639
3 687
4 12
4 21
4 640
4 641
4 688
5 6
5 22
5 29
5 641
5 645
5 689
5 693
6 5
6 7
6 29
6 645
6 693
7 6
7 30
7 646
7 694
8 9
8 17
8 105
8 115
9 8
9 10
9 18
9 106
10 9
10 19
10 107
10 686
11 3
11 20
11 108
11 687
12 4
12 21
12 109
12 688
13 14
13 22
13 110
13 116
14 13
14 23
14 110
14 111
14 116
14 117
15 16
15 26
15 113
15 121
15 122
16 15
16 28
16 114
16 122
17 0
17 8
17 28
17 115
17 636
17 684
18 0
18 1
18 9
18 637
18 685
19 2
19 10
19 638
19 686
20 3
20 11
20 639
20 687
21 4
21 12
21 640
21 688
22 5
22 13
22 29
22 641
22 689
22 693
23 14
23 24
23 117
23 123
24 23
24 31
24 118
24 123
25 26
25 34
25 120
25 128
26 15
26 25
26 27
26 36
26 642
26 690
27 26
27 36
27 643
27 690
27 691
28 16
28 17
28 644
28 684
28 692
29 5
29 6
29 22
29 30
29 689
29 693
29 694
30 7
30 29
30 646
30 694
31 24
31 32
31 37
31 38
31 695
31 698
32 31
32 39
32 124
32 125
32 129
33 34
33 40
33 126
33 127
33 132
33 133
34 25
34 33
34 35
34 127
34 128
35 34
35 42
35 648
35 696
35 701
36 26
36 27
36 642
36 690
36 691
36 697
37 31
37 647
37 695
37 698
38 31
38 651
38 695
38 698
38 699
39 32
39 43
39 129
39 130
40 33
40 41
40 132
40 133
41 40
41 42
41 652
41 700
41 701
42 35
42 41
42 653
42 696
42 700
42 701
43 39
43 44
43 654
43 702
43 703
44 43
44 45
44 134
44 655
44 702
44 703
44 705
45 44
45 49
45 134
45 135
46 47
46 50
46 137
46 704
47 46
47 51
47 656
47 704
48 49
48 52
48 657
48 703
48 705
49 45
49 48
49 53
49 138
50 46
50 51
50 54
50 141
50 706
51 47
51 50
51 658
51 704
51 706
52 48
52 53
52 56
52 659
52 707
53 49
53 52
53 57
53 142
53 707
54 50
54 55
54 145
54 708
55 54
55 660
55 706
55 708
56 52
56 57
56 661
56 709
57 53
57 56
57 146
57 709
58 59
58 62
58 149
58 710
59 58
59 63
59 662
59 710
60 61
60 66
60 663
60 711
61 60
61 67
61 150
61 711
62 58
62 63
62 152
62 153
63 59
63 62
63 64
63 153
63 664
63 710
63 712
64 63
64 68
64 665
64 712
64 713
65 66
65 71
65 72
65 666
65 714
65 715
65 719
66 60
66 65
66 67
66 667
66 714
66 715
67 61
67 66
67 74
67 154
67 155
68 64
68 69
68 157
68 158
69 68
69 70
69 668
69 716
69 720
70 69
70 76
70 672
70 716
70 717
70 720
71 65
71 667
71 714
71 715
72 65
72 73
72 671
72 718
72 719
73 72
73 74
73 82
73 159
73 160
74 67
74 73
74 154
74 155
74 160
74 161
75 76
75 158
75 162
75 163
76 70
76 75
76 83
76 720
77 78
77 84
77 673
77 721
77 722
78 77
78 85
78 674
78 721
78 722
78 726
79 90
79 91
79 675
79 723
79 731
80 81
80 91
80 676
80 723
80 724
81 80
81 82
81 159
81 725
82 73
82 81
82 159
82 167
83 76
83 84
83 164
83 169
84 77
84 83
84 93
84 164
84 170
85 78
85 94
85 678
85 722
85 726
86 87
86 95
86 679
86 727
87 86
87 96
87 680
87 727
87 728
87 729
88 97
88 681
88 728
88 729
89 90
89 98
89 682
89 730
90 79
90 89
90 99
90 172
90 683
90 723
90 730
90 731
91 79
91 80
91 92
91 165
91 173
92 91
92 165
92 166
92 174
93 84
93 94
93 170
93 171
93 176
93 177
94 85
94 93
94 95
94 171
94 177
95 86
95 94
95 178
95 727
96 87
96 97
96 179
96 728
97 88
97 96
97 180
97 729
98 89
98 99
98 181
98 730
99 90
99 98
99 172
99 182
100 101
100 106
100 107
100 189
100 197
100 198
101 100
101 102
101 107
101 198
102 101
102 103
102 108
102 191
102 199
103 102
103 108
103 109
103 192
103 199
103 200
104 105
104 114
104 115
104 206
105 8
105 104
105 106
105 115
105 196
106 9
106 100
106 105
106 107
107 10
107 100
107 101
107 106
108 11
108 102
108 103
108 109
109 12
109 103
109 108
109 200
110 13
110 14
110 111
110 116
110 201
111 14
111 110
111 116
111 117
112 113
112 120
112 121
112 212
113 15
113 112
113 114
113 121
113 122
114 16
114 104
114 113
114 122
114 206
115 8
115 17
115 104
115 105
116 13
116 14
116 110
116 111
116 117
117 14
117 23
117 111
117 116
117 123
118 24
118 119
118 123
118 124
119 118
119 124
119 125
119 213
120 25
120 112
120 121
120 128
121 15
121 112
121 113
121 120
121 122
122 15
122 16
122 113
122 114
122 121
123 23
123 24
123 117
123 118
124 32
124 118
124 119
124 125
124 129
125 32
125 119
125 124
125 129
125 130
126 33
126 127
126 132
126 133
127 33
127 34
127 126
127 128
127 133
128 25
128 34
128 120
128 127
129 32
129 39
129 124
129 125
129 130
130 39
130 125
130 129
130 131
130 218
131 130
131 134
131 135
131 218
132 33
132 40
132 126
132 133
132 221
133 33
133 40
133 126
133 127
133 132
134 44
134 45
134 131
134 135
135 45
135 131
135 134
135 138
135 222
136 137
136 140
136 141
136 224
136 225
136 228
136 229
137 46
137 136
137 141
137 225
138 49
138 135
138 139
138 142
139 138
139 142
139 143
139 226
139 227
139 230
140 136
140 141
140 144
140 228
140 229
141 50
141 136
141 137
141 140
142 53
142 138
142 139
142 143
143 139
143 142
143 147
143 230
144 140
144 145
144 148
144 233
145 54
145 144
145 148
145 233
146 57
146 147
146 150
146 151
147 143
147 146
147 151
147 234
148 144
148 145
148 149
148 233
148 236
148 237
149 58
149 148
149 152
149 237
150 61
150 146
150 151
150 155
150 238
151 146
151 147
151 150
151 234
151 235
151 238
151 239
152 62
152 149
152 153
152 156
152 241
153 62
153 63
153 152
153 156
154 67
154 74
154 155
154 160
154 161
155 67
155 74
155 150
155 154
155 161
155 242
156 152
156 153
156 157
156 245
157 68
157 156
157 158
157 162
157 245
158 68
158 75
158 157
158 162
158 163
159 73
159 81
159 82
159 167
160 73
160 74
160 154
160 161
161 74
161 154
161 155
161 160
162 75
162 157
162 158
162 163
162 168
163 75
163 158
163 162
163 168
163 169
164 83
164 84
164 169
164 170
165 91
165 92
165 166
165 173
165 174
166 92
166 165
166 167
166 174
166 175
167 82
167 159
167 166
167 175
168 162
168 163
168 169
168 250
169 83
169 163
169 164
169 168
170 84
170 93
170 164
170 171
170 176
171 93
171 94
171 170
171 176
171 177
172 90
172 99
172 182
172 183
173 91
173 165
173 174
173 183
173 257
174 92
174 165
174 166
174 173
174 175
175 166
175 167
175 174
175 251
176 93
176 170
176 171
176 177
177 93
177 94
177 171
177 176
177 262
178 95
178 179
178 184
178 263
179 96
179 178
179 184
179 185
180 97
180 186
180 187
180 265
181 98
181 182
181 187
181 266
182 99
182 172
182 181
182 183
183 172
183 173
183 182
183 257
184 178
184 179
184 185
184 263
184 264
184 271
184 272
185 179
185 184
185 186
185 264
185 272
186 180
186 185
186 187
186 265
187 180
187 181
187 186
187 265
187 266
187 274
188 196
188 197
188 277
188 286
188 287
189 100
189 190
189 197
189 287
189 288
190 189
190 198
190 279
190 288
191 102
191 199
191 280
191 289
192 103
192 200
192 281
192 289
192 290
193 200
193 201
193 282
193 290
193 291
194 195
194 205
194 206
194 284
194 295
194 296
195 194
195 206
195 285
195 296
196 105
196 188
196 197
196 286
197 100
197 188
197 189
197 196
197 288
198 100
198 101
198 190
198 288
199 102
199 103
199 191
199 289
200 103
200 109
200 192
200 193
200 289
201 110
201 193
201 202
201 291
202 201
202 203
202 207
202 297
203 202
203 207
203 208
203 293
203 297
203 298
204 205
204 211
204 212
204 294
205 194
205 204
205 206
205 212
206 104
206 114
206 194
206 195
206 205
207 202
207 203
207 208
207 297
208 203
208 207
208 209
208 213
209 208
209 213
209 214
209 299
210 211
210 216
210 217
210 300
210 301
210 306
211 204
211 210
211 212
211 217
212 112
212 204
212 205
212 211
213 119
213 208
213 209
213 214
214 209
214 213
214 215
214 218
215 214
215 218
215 219
215 302
215 303
215 307
216 210
216 217
216 221
216 306
217 210
217 211
217 216
217 306
218 130
218 131
218 214
218 215
218 219
219 215
219 218
219 307
219 308
220 221
220 225
220 310
220 311
220 315
221 132
221 216
221 220
221 311
222 135
222 223
222 226
222 312
223 222
223 226
223 312
223 313
223 316
224 136
224 225
224 315
224 319
225 136
225 137
225 220
225 224
225 319
226 139
226 222
226 223
226 227
226 320
227 139
227 226
227 231
227 316
227 320
228 136
228 140
228 229
228 232
228 318
228 319
229 136
229 140
229 228
229 319
230 139
230 143
230 231
230 320
231 227
231 230
231 320
231 321
232 228
232 233
232 322
232 323
233 144
233 145
233 148
233 232
233 323
234 147
234 151
234 235
234 324
234 325
235 151
235 234
235 324
235 325
236 148
236 237
236 323
236 326
236 327
237 148
237 149
237 236
237 240
237 241
237 323
238 150
238 151
238 239
238 243
238 324
239 151
239 238
239 324
239 328
239 329
240 237
240 241
240 327
240 330
240 331
241 152
241 237
241 240
241 331
242 155
242 243
242 247
242 332
243 238
243 242
243 328
243 332
243 333
244 245
244 248
244 335
244 336
245 156
245 157
245 244
245 248
245 249
246 247
246 252
246 253
246 337
247 242
247 246
247 253
247 337
247 338
248 244
248 245
248 249
248 336
248 340
248 341
249 245
249 248
249 250
249 254
250 168
250 249
250 254
250 255
251 175
251 252
251 258
251 259
252 246
252 251
252 253
252 259
253 246
253 247
253 252
253 337
253 342
253 343
254 249
254 250
254 255
254 344
255 250
255 254
255 256
255 260
256 255
256 260
256 261
256 346
257 173
257 183
257 258
257 268
257 269
258 251
258 257
258 259
258 269
259 251
259 252
259 258
259 349
260 255
260 256
260 261
260 345
260 346
260 350
261 256
261 260
261 262
261 346
262 177
262 261
262 270
262 352
263 178
263 184
263 270
263 271
263 354
264 184
264 185
264 272
264 354
265 180
265 186
265 187
265 273
265 355
266 181
266 187
266 267
266 274
266 275
266 355
267 266
267 268
267 275
267 357
268 257
268 267
268 269
268 347
268 358
269 257
269 258
269 268
269 347
269 348
269 359
270 262
270 263
270 352
270 353
270 361
271 184
271 263
271 353
271 354
272 184
272 185
272 264
272 273
272 354
272 363
273 265
273 272
273 355
273 364
274 187
274 266
274 355
274 356
274 365
275 266
275 267
275 356
275 357
275 366
276 277
276 285
276 286
276 378
277 188
277 276
277 286
277 378
278 279
278 287
278 288
278 370
279 190
279 278
279 280
279 288
279 371
280 191
280 279
280 281
280 289
281 192
281 280
281 289
281 290
281 373
282 193
282 283
282 291
282 379
283 282
283 291
283 292
283 375
283 379
283 380
284 194
284 285
284 295
284 296
284 376
285 195
285 276
285 284
285 296
286 188
286 196
286 276
286 277
286 378
287 188
287 189
287 278
287 288
288 189
288 190
288 197
288 198
288 278
288 279
288 287
289 191
289 192
289 199
289 200
289 280
289 281
289 290
290 192
290 193
290 281
290 289
291 193
291 201
291 282
291 283
291 292
291 379
292 283
292 291
292 293
292 297
293 203
293 292
293 297
293 298
293 381
294 204
294 295
294 301
294 382
295 194
295 284
295 294
295 296
295 383
296 194
296 195
296 284
296 285
296 295
297 202
297 203
297 207
297 292
297 293
297 298
298 203
298 293
298 297
298 299
298 384
299 209
299 298
299 302
299 385
300 210
300 301
300 305
300 306
300 386
301 210
301 294
301 300
301 306
301 387
302 215
302 299
302 303
302 307
302 388
303 215
303 302
303 307
303 308
303 389
304 305
304 310
304 311
304 390
304 391
304 395
305 300
305 304
305 306
305 311
306 210
306 216
306 217
306 300
306 301
306 305
307 215
307 219
307 302
307 303
307 308
308 219
308 303
308 307
308 309
308 312
309 308
309 312
309 313
309 396
310 220
310 304
310 311
310 395
311 220
311 221
311 304
311 305
311 310
311 395
312 222
312 223
312 308
312 309
312 313
312 396
313 223
313 309
313 312
313 396
314 315
314 318
314 319
314 398
315 220
315 224
315 314
315 319
316 223
316 227
316 317
316 320
317 316
317 320
317 321
317 399
318 228
318 314
318 319
318 322
318 400
319 224
319 225
319 228
319 229
319 314
319 315
319 318
320 226
320 227
320 230
320 231
320 316
320 317
320 321
321 231
321 317
321 320
321 325
322 232
322 318
322 323
322 326
323 232
323 233
323 236
323 237
323 322
323 326
323 327
324 234
324 235
324 238
324 239
324 325
324 328
324 329
325 234
325 235
325 321
325 324
325 403
326 236
326 322
326 323
326 327
326 404
327 236
327 240
327 323
327 326
328 239
328 243
328 324
328 329
328 332
329 239
329 324
329 328
329 405
330 240
330 331
330 334
330 407
331 240
331 241
331 330
331 334
331 407
332 242
332 243
332 328
332 333
332 339
333 243
333 332
333 339
333 408
334 330
334 331
334 335
334 407
335 244
335 334
335 336
335 340
336 244
336 248
336 335
336 340
336 341
337 246
337 247
337 253
337 338
337 342
337 343
338 247
338 337
338 339
338 343
339 332
339 333
339 338
339 408
339 412
339 413
340 248
340 335
340 336
340 341
340 414
341 248
341 336
341 340
341 344
341 415
342 253
342 337
342 343
342 349
342 416
343 253
343 337
343 338
343 342
343 417
344 254
344 341
344 345
344 418
345 260
345 344
345 346
345 350
345 419
346 256
346 260
346 261
346 345
346 350
346 351
347 268
347 269
347 348
347 358
347 359
348 269
348 347
348 349
348 359
348 420
349 259
349 342
349 348
349 421
350 260
350 345
350 346
350 351
350 422
351 346
351 350
351 352
351 360
352 262
352 270
352 351
352 360
352 361
352 424
353 270
353 271
353 354
353 362
354 263
354 264
354 271
354 272
354 353
354 362
354 363
355 265
355 266
355 273
355 274
355 356
355 364
355 365
356 274
356 275
356 355
356 365
357 267
357 275
357 366
357 367
358 268
358 347
358 359
358 367
359 269
359 347
359 348
359 358
359 427
360 351
360 352
360 361
360 423
360 424
360 428
361 270
361 352
361 360
361 424
362 353
362 354
362 363
362 430
363 272
363 354
363 362
363 364
364 273
364 355
364 363
364 365
365 274
365 355
365 356
365 364
365 433
366 275
366 357
366 367
366 425
367 357
367 358
367 366
367 425
368 369
368 377
368 378
368 438
368 439
368 448
369 368
369 370
369 378
369 439
369 440
370 278
370 369
370 371
370 440
371 279
371 370
371 372
371 436
371 441
372 371
372 373
372 437
372 442
373 281
373 372
373 374
373 443
374 373
374 375
374 379
374 444
375 283
375 374
375 379
375 380
375 444
375 445
375 449
376 284
376 377
376 383
376 447
377 368
377 376
377 378
377 438
377 448
378 276
378 277
378 286
378 368
378 369
378 377
379 282
379 283
379 291
379 374
379 375
379 380
380 283
380 375
380 379
380 381
380 445
380 449
381 293
381 380
381 384
381 450
382 294
382 383
382 387
382 453
383 295
383 376
383 382
383 446
383 454
384 298
384 381
384 385
384 451
384 455
385 299
385 384
385 388
385 456
385 460
386 300
386 387
386 391
386 458
387 301
387 382
387 386
387 452
387 459
388 302
388 385
388 389
388 457
388 460
389 303
389 388
389 392
389 461
390 304
390 391
390 394
390 395
390 462
390 463
390 466
391 304
391 386
391 390
391 395
391 462
391 463
392 389
392 393
392 396
392 464
392 465
393 392
393 396
393 397
393 464
393 465
393 467
394 390
394 395
394 398
394 466
395 304
395 310
395 311
395 390
395 391
395 394
396 309
396 312
396 313
396 392
396 393
396 397
397 393
397 396
397 399
397 467
398 314
398 394
398 400
398 468
399 317
399 397
399 401
399 469
399 477
400 318
400 398
400 402
400 468
400 470
400 471
401 399
401 403
401 472
401 473
401 477
402 400
402 404
402 474
402 475
403 325
403 401
403 405
403 473
403 476
404 326
404 402
404 406
404 478
405 329
405 403
405 409
405 479
406 404
406 407
406 410
406 480
407 330
407 331
407 334
407 406
407 410
407 411
408 333
408 339
408 409
408 412
408 413
409 405
409 408
409 413
409 479
409 481
410 406
410 407
410 411
410 480
410 482
410 483
411 407
411 410
411 414
411 482
411 483
412 339
412 408
412 413
412 417
412 484
412 485
413 339
413 408
413 409
413 412
413 481
413 484
413 485
414 340
414 411
414 415
414 486
415 341
415 414
415 418
415 487
415 490
416 342
416 417
416 421
416 488
416 495
417 343
417 412
417 416
417 489
418 344
418 415
418 419
418 487
418 491
419 345
419 418
419 422
419 492
419 496
420 348
420 421
420 427
420 493
420 501
421 349
421 416
421 420
421 493
421 494
422 350
422 419
422 423
422 497
423 360
423 422
423 424
423 428
423 498
423 502
424 352
424 360
424 361
424 423
424 428
424 429
425 366
425 367
425 426
425 434
425 435
426 425
426 427
426 435
426 499
426 509
427 359
427 420
427 426
427 500
428 360
428 423
428 424
428 429
428 498
428 502
428 503
429 424
429 428
429 430
429 503
430 362
430 429
430 431
430 504
431 430
431 432
431 505
431 510
431 511
432 431
432 433
432 506
432 511
433 365
433 432
433 434
433 507
434 425
434 433
434 435
434 507
434 508
435 425
435 426
435 434
435 499
435 508
435 509
436 371
436 437
436 441
436 442
437 372
437 436
437 441
437 442
437 443
438 368
438 377
438 439
438 448
439 368
439 369
439 438
439 440
440 369
440 370
440 439
440 441
441 371
441 436
441 437
441 440
441 442
442 372
442 436
442 437
442 441
442 443
443 373
443 437
443 442
443 444
444 374
444 375
444 443
444 445
445 375
445 380
445 444
445 449
446 383
446 447
446 453
446 454
447 376
447 446
447 448
447 454
448 368
448 377
448 438
448 447
449 375
449 380
449 445
449 450
450 381
450 449
450 451
450 455
451 384
451 450
451 455
451 456
452 387
452 453
452 458
452 459
453 382
453 446
453 452
453 454
453 459
454 383
454 446
454 447
454 453
455 384
455 450
455 451
455 456
456 385
456 451
456 455
456 457
456 460
457 388
457 456
457 460
457 461
458 386
458 452
458 459
458 463
459 387
459 452
459 453
459 458
460 385
460 388
460 456
460 457
460 461
461 389
461 457
461 460
461 464
462 390
462 391
462 463
462 466
463 390
463 391
463 458
463 462
464 392
464 393
464 461
464 465
465 392
465 393
465 464
465 467
466 390
466 394
466 462
466 468
467 393
467 397
467 465
467 469
468 398
468 400
468 466
468 471
469 399
469 467
469 472
469 477
470 400
470 471
470 474
470 475
471 400
471 468
471 470
471 474
471 475
472 401
472 469
472 473
472 476
472 477
473 401
473 403
473 472
473 476
474 402
474 470
474 471
474 475
474 478
475 402
475 470
475 471
475 474
475 478
476 403
476 472
476 473
476 479
477 399
477 401
477 469
477 472
478 404
478 474
478 475
478 480
479 405
479 409
479 476
479 481
480 406
480 410
480 478
480 482
481 409
481 413
481 479
481 485
482 410
482 411
482 480
482 483
483 410
483 411
483 482
483 486
484 412
484 413
484 485
484 489
485 412
485 413
485 481
485 484
486 414
486 483
486 487
486 490
487 415
487 418
487 486
487 490
487 491
488 416
488 489
488 494
488 495
489 417
489 484
489 488
489 495
490 415
490 486
490 487
490 491
491 418
491 487
491 490
491 492
491 496
492 419
492 491
492 496
492 497
493 420
493 421
493 494
493 500
493 501
494 421
494 488
494 493
494 495
494 501
495 416
495 488
495 489
495 494
496 419
496 491
496 492
496 497
497 422
497 492
497 496
497 498
498 423
498 428
498 497
498 502
499 426
499 435
499 500
499 509
500 427
500 493
500 499
500 501
501 420
501 493
501 494
501 500
502 423
502 428
502 498
502 503
503 428
503 429
503 502
503 504
504 430
504 503
504 505
504 511
505 431
505 504
505 510
505 511
506 432
506 507
506 510
506 511
507 433
507 434
507 506
507 508
508 434
508 435
508 507
508 509
509 426
509 435
509 499
509 508
510 431
510 505
510 506
510 511
511 431
511 432
511 504
511 505
511 506
511 510
512 513
512 520
512 521
512 636
513 512
513 514
513 520
513 521
514 513
514 515
514 522
514 638
515 514
515 516
515 522
515 523
516 515
516 517
516 523
516 524
517 516
517 524
517 525
517 526
518 519
518 528
518 529
518 649
519 518
519 520
519 528
519 529
520 512
520 513
520 519
520 521
520 530
521 512
521 513
521 520
521 522
521 531
522 514
522 515
522 521
522 523
522 532
523 515
523 516
523 522
523 524
523 533
524 516
524 517
524 523
524 525
524 534
525 517
525 524
525 526
525 535
526 517
526 525
526 527
526 536
526 537
527 526
527 536
527 537
527 650
528 518
528 519
528 529
528 538
528 539
529 518
529 519
529 528
529 530
529 540
530 520
530 529
530 531
530 541
531 521
531 530
531 532
531 542
532 522
532 531
532 533
532 543
533 523
533 532
533 534
533 544
534 524
534 533
534 535
534 545
535 525
535 534
535 536
535 546
536 526
536 527
536 535
536 537
536 547
537 526
537 527
537 536
537 548
538 528
538 539
538 550
538 551
539 528
539 538
539 540
539 551
540 529
540 539
540 541
540 552
541 530
541 540
541 542
541 553
542 531
542 541
542 543
542 554
543 532
543 542
543 544
543 555
544 533
544 543
544 545
544 556
545 534
545 544
545 546
545 557
546 535
546 545
546 547
546 558
547 536
547 546
547 548
547 559
548 537
548 547
548 549
548 560
548 561
549 548
549 560
549 561
549 655
550 538
550 551
550 562
550 563
551 538
551 539
551 550
551 552
551 563
552 540
552 551
552 553
552 564
553 541
553 552
553 554
553 565
554 542
554 553
554 555
554 566
555 543
555 554
555 556
555 567
556 544
556 555
556 557
556 568
557 545
557 556
557 558
557 569
558 546
558 557
558 559
558 570
559 547
559 558
559 560
559 571
560 548
560 549
560 559
560 561
560 572
561 548
561 549
561 560
561 573
562 550
562 563
562 574
562 575
563 550
563 551
563 562
563 564
563 575
564 552
564 563
564 565
564 576
565 553
565 564
565 566
565 577
566 554
566 565
566 567
566 578
567 555
567 566
567 568
567 579
568 556
568 567
568 569
568 580
569 557
569 568
569 570
569 581
570 558
570 569
570 571
570 582
571 559
571 570
571 572
571 583
572 560
572 571
572 573
572 584
572 585
573 561
573 572
573 585
573 659
574 562
574 575
574 586
574 660
575 562
575 563
575 574
575 576
575 587
576 564
576 575
576 577
576 588
577 565
577 576
577 578
577 589
578 566
578 577
578 579
578 590
579 567
579 578
579 580
579 591
580 568
580 579
580 581
580 592
581 569
581 580
581 582
581 593
582 570
582 581
582 583
582 594
583 571
583 582
583 584
583 595
584 572
584 583
584 585
584 596
584 597
585 572
585 573
585 584
585 597
586 574
586 587
586 598
586 599
587 575
587 586
587 588
587 598
587 599
588 576
588 587
588 589
588 600
589 577
589 588
589 590
589 601
590 578
590 589
590 591
590 602
591 579
591 590
591 592
591 603
592 580
592 591
592 593
592 604
593 581
593 592
593 594
593 605
594 582
594 593
594 595
594 606
595 583
595 594
595 596
595 607
596 584
596 595
596 597
596 608
596 609
597 584
597 585
597 596
597 609
598 586
598 587
598 599
598 664
599 586
599 587
599 598
599 600
599 610
600 588
600 599
600 601
600 611
601 589
601 600
601 602
601 612
602 590
602 601
602 603
602 613
603 591
603 602
603 604
603 614
604 592
604 603
604 605
604 615
605 593
605 604
605 606
605 616
606 594
606 605
606 607
606 617
607 595
607 606
607 608
607 618
607 619
607 629
608 596
608 607
608 609
608 619
609 596
609 597
609 608
609 619
610 599
610 611
610 620
610 621
611 600
611 610
611 612
611 620
611 621
612 601
612 611
612 613
612 621
612 622
613 602
613 612
613 614
613 623
614 603
614 613
614 615
614 624
615 604
615 614
615 616
615 625
616 605
616 615
616 617
616 626
617 606
617 616
617 618
617 627
618 607
618 617
618 619
618 628
618 629
619 607
619 608
619 609
619 618
619 628
619 629
620 610
620 611
620 621
620 669
621 610
621 611
621 612
621 620
621 622
621 630
622 612
622 621
622 623
622 630
623 613
623 622
623 624
623 630
623 631
624 614
624 623
624 625
624 631
624 632
625 615
625 624
625 626
625 632
625 633
626 616
626 625
626 627
626 634
626 635
627 617
627 626
627 628
627 634
627 635
628 618
628 619
628 627
628 629
629 607
629 618
629 619
629 628
630 621
630 622
630 623
630 631
631 623
631 624
631 630
631 632
632 624
632 625
632 631
632 633
633 625
633 632
633 634
633 681
634 626
634 627
634 633
634 635
635 626
635 627
635 634
635 683
636 0
636 17
636 512
636 644
636 684
636 692
637 0
637 1
637 18
637 638
637 685
638 2
638 19
638 514
638 637
638 686
639 3
639 20
639 640
639 687
640 4
640 21
640 639
640 641
640 688
641 4
641 5
641 22
641 640
641 645
641 689
642 26
642 36
642 643
642 648
642 649
642 690
643 27
643 642
643 649
643 691
643 697
644 28
644 636
644 684
644 692
645 5
645 6
645 641
645 693
646 7
646 30
646 647
646 694
647 37
647 646
647 650
647 651
647 695
647 698
648 35
648 642
648 649
648 696
649 518
649 642
649 643
649 648
649 690
650 527
650 647
650 651
650 695
650 698
651 38
651 647
651 650
651 699
652 41
652 653
652 656
652 700
652 701
653 42
653 652
653 700
653 701
654 43
654 655
654 702
654 703
655 44
655 549
655 654
655 657
655 702
655 703
656 47
656 652
656 658
656 704
657 48
657 655
657 659
657 703
657 705
658 51
658 656
658 660
658 704
658 706
659 52
659 573
659 657
659 661
659 707
660 55
660 574
660 658
660 662
660 708
661 56
661 659
661 663
661 709
662 59
662 660
662 664
662 710
662 712
663 60
663 661
663 667
663 711
664 63
664 598
664 662
664 665
664 712
664 713
665 64
665 664
665 712
665 713
666 65
666 667
666 714
666 715
667 66
667 71
667 663
667 666
667 714
667 715
668 69
668 669
668 672
668 716
669 620
669 668
669 672
669 673
669 717
669 720
670 671
670 676
670 677
670 718
670 725
671 72
671 670
671 677
671 718
671 719
672 70
672 668
672 669
672 673
672 717
672 720
673 77
673 669
673 672
673 721
674 78
674 678
674 722
674 726
675 79
675 683
675 723
675 731
676 80
676 670
676 677
676 724
677 670
677 671
677 676
677 718
677 725
678 85
678 674
678 679
678 722
678 726
679 86
679 678
679 680
679 727
680 87
680 679
680 681
680 727
680 728
681 88
681 633
681 680
681 682
681 729
682 89
682 681
682 683
682 730
682 731
683 90
683 635
683 675
683 682
683 723
683 731
684 0
684 17
684 28
684 636
684 644
684 692
685 0
685 1
685 2
685 18
685 637
686 2
686 10
686 19
686 638
687 3
687 11
687 20
687 639
688 4
688 12
688 21
688 640
689 5
689 22
689 29
689 641
689 693
690 26
690 27
690 36
690 642
690 649
690 691
690 697
691 27
691 36
691 643
691 690
691 697
692 28
692 636
692 644
692 684
693 5
693 6
693 22
693 29
693 645
693 689
694 7
694 29
694 30
694 646
695 31
695 37
695 38
695 647
695 650
695 698
695 699
696 35
696 42
696 648
696 701
697 36
697 643
697 690
697 691
698 31
698 37
698 38
698 647
698 650
698 695
698 699
699 38
699 651
699 695
699 698
700 41
700 42
700 652
700 653
700 701
701 35
701 41
701 42
701 652
701 653
701 696
701 700
702 43
702 44
702 654
702 655
702 703
703 43
703 44
703 48
703 654
703 655
703 657
703 702
703 705
704 46
704 47
704 51
704 656
704 658
704 706
705 44
705 48
705 657
705 703
705 707
706 50
706 51
706 55
706 658
706 704
707 52
707 53
707 659
707 705
707 709
708 54
708 55
708 660
708 710
709 56
709 57
709 661
709 707
710 58
710 59
710 63
710 662
710 708
710 712
711 60
711 61
711 663
711 715
712 63
712 64
712 662
712 664
712 665
712 710
712 713
713 64
713 664
713 665
713 712
714 65
714 66
714 71
714 666
714 667
714 715
714 719
715 65
715 66
715 71
715 666
715 667
715 711
715 714
716 69
716 70
716 668
716 720
717 70
717 669
717 672
717 720
718 72
718 670
718 671
718 677
718 719
718 725
719 65
719 72
719 671
719 714
719 718
720 69
720 70
720 76
720 669
720 672
720 716
720 717
721 77
721 78
721 673
721 722
722 77
722 78
722 85
722 674
722 678
722 721
722 726
723 79
723 80
723 90
723 675
723 683
723 724
723 731
724 80
724 676
724 723
724 725
725 81
725 670
725 677
725 718
725 724
726 78
726 85
726 674
726 678
726 722
727 86
727 87
727 95
727 679
727 680
728 87
728 88
728 96
728 680
728 729
729 87
729 88
729 97
729 681
729 728
730 89
730 90
730 98
730 682
730 731
731 79
731 90
731 675
731 682
731 683
731 723
731 730
