0 1
0 4
0 52
0 53
0 56
1 0
1 5
1 52
1 53
1 57
2 3
2 8
2 9
2 54
2 60
3 2
3 4
3 9
3 54
3 55
4 0
4 3
4 10
4 52
4 56
5 1
5 6
5 11
5 53
5 57
6 5
6 7
6 12
6 58
6 59
7 6
7 12
7 13
7 58
7 59
7 63
8 2
8 9
8 14
8 54
8 60
9 2
9 3
9 8
9 10
9 15
9 54
10 4
10 9
10 11
10 16
11 5
11 10
11 12
11 17
12 6
12 7
12 11
12 13
12 18
12 59
13 7
13 12
13 19
13 59
13 63
14 8
14 15
14 21
14 64
15 9
15 14
15 16
15 22
16 10
16 15
16 17
16 23
17 11
17 16
17 18
17 24
18 12
18 17
18 19
18 25
19 13
19 18
19 26
19 65
20 21
20 28
20 66
20 67
20 70
21 14
21 20
21 22
21 28
21 66
21 67
21 70
22 15
22 21
22 23
22 30
23 16
23 22
23 24
23 31
24 17
24 23
24 25
24 32
25 18
25 24
25 26
25 33
26 19
26 25
26 27
26 68
26 69
26 73
27 26
27 35
27 68
27 69
27 73
28 20
28 21
28 29
28 66
28 70
28 71
29 28
29 30
29 36
29 70
29 71
30 22
30 29
30 31
30 37
31 23
31 30
31 32
31 37
31 38
32 24
32 31
32 33
32 39
33 25
33 32
33 34
33 40
34 33
34 35
34 41
34 72
34 73
35 27
35 34
35 69
35 72
35 73
36 29
36 37
36 42
36 74
37 30
37 31
37 36
37 38
38 31
38 37
38 39
38 44
39 32
39 38
39 40
39 45
40 33
40 39
40 41
40 46
41 34
41 40
41 47
41 75
42 36
42 43
42 76
42 77
43 42
43 44
43 48
43 77
43 80
44 38
44 43
44 45
44 48
44 49
45 39
45 44
45 46
45 50
46 40
46 45
46 47
46 51
46 78
46 79
46 83
47 41
47 46
47 78
47 79
48 43
48 44
48 49
48 77
48 80
49 44
49 48
49 50
49 81
50 45
50 49
50 51
50 82
51 46
51 50
51 78
51 83
52 0
52 1
52 4
52 53
52 56
52 57
53 0
53 1
53 5
53 52
53 56
53 57
54 2
54 3
54 8
54 9
54 55
54 60
54 61
55 3
55 54
55 56
55 61
56 0
56 4
56 52
56 53
56 55
56 85
57 1
57 5
57 52
57 53
57 86
58 6
58 7
58 59
58 62
58 87
59 6
59 7
59 12
59 13
59 58
59 62
59 63
60 2
60 8
60 54
60 61
60 64
61 54
61 55
61 60
61 84
61 88
61 89
62 58
62 59
62 63
62 87
62 90
62 91
63 7
63 13
63 59
63 62
63 65
63 91
64 14
64 60
64 67
64 92
65 19
65 63
65 68
65 93
66 20
66 21
66 28
66 67
66 70
66 71
67 20
67 21
67 64
67 66
67 70
67 94
68 26
68 27
68 65
68 69
68 73
68 95
69 26
69 27
69 35
69 68
69 72
69 73
70 20
70 21
70 28
70 29
70 66
70 67
70 71
71 28
71 29
71 66
71 70
71 74
71 96
72 34
72 35
72 69
72 73
72 75
72 97
73 26
73 27
73 34
73 35
73 68
73 69
73 72
74 36
74 71
74 76
74 98
75 41
75 72
75 79
75 99
76 42
76 74
76 77
76 100
77 42
77 43
77 48
77 76
77 80
77 101
78 46
78 47
78 51
78 79
78 83
78 102
79 46
79 47
79 75
79 78
79 103
80 43
80 48
80 77
80 81
80 104
81 49
81 80
81 82
81 105
82 50
82 81
82 83
82 106
83 46
83 51
83 78
83 82
83 107
84 61
84 85
84 89
84 108
85 56
85 84
85 86
85 109
86 57
86 85
86 87
86 110
87 58
87 62
87 86
87 90
87 111
88 61
88 89
88 92
88 112
89 61
89 84
89 88
89 112
89 113
90 62
90 87
90 91
90 114
90 115
91 62
91 63
91 90
91 93
91 114
91 115
92 64
92 88
92 94
92 116
93 65
93 91
93 95
93 117
94 67
94 92
94 96
94 118
95 68
95 93
95 97
95 119
96 71
96 94
96 98
96 120
97 72
97 95
97 99
97 121
98 74
98 96
98 100
98 122
99 75
99 97
99 103
99 123
100 76
100 98
100 101
100 124
101 77
101 100
101 104
101 125
102 78
102 103
102 107
102 126
103 79
103 99
103 102
103 127
104 80
104 101
104 105
104 128
105 81
105 104
105 106
105 129
106 82
106 105
106 107
106 130
107 83
107 102
107 106
107 131
108 84
108 109
108 113
108 132
109 85
109 108
109 110
109 133
110 86
110 109
110 111
110 134
111 87
111 110
111 114
111 135
112 88
112 89
112 113
112 116
112 136
113 89
113 108
113 112
113 137
114 90
114 91
114 111
114 115
115 90
115 91
115 114
115 117
115 139
116 92
116 112
116 118
116 140
117 93
117 115
117 119
117 141
118 94
118 116
118 120
118 142
119 95
119 117
119 121
119 143
120 96
120 118
120 122
120 144
121 97
121 119
121 123
121 145
122 98
122 120
122 124
122 146
123 99
123 121
123 127
123 147
124 100
124 122
124 125
124 148
125 101
125 124
125 128
125 149
126 102
126 127
126 131
126 150
127 103
127 123
127 126
127 151
128 104
128 125
128 129
128 152
129 105
129 128
129 130
129 153
130 106
130 129
130 131
130 154
130 155
131 107
131 126
131 130
131 155
132 108
132 133
132 137
132 156
133 109
133 132
133 134
133 157
134 110
134 133
134 135
134 158
135 111
135 134
135 138
135 159
136 112
136 137
136 140
136 160
137 113
137 132
137 136
137 161
138 135
138 139
138 162
138 163
139 115
139 138
139 141
139 163
140 116
140 136
140 142
140 164
141 117
141 139
141 143
141 165
142 118
142 140
142 144
142 166
143 119
143 141
143 145
143 167
144 120
144 142
144 146
144 168
145 121
145 143
145 147
145 169
146 122
146 144
146 148
146 170
147 123
147 145
147 151
147 171
148 124
148 146
148 149
148 172
149 125
149 148
149 152
149 173
150 126
150 151
150 155
150 174
151 127
151 147
151 150
151 175
152 128
152 149
152 153
152 176
153 129
153 152
153 154
153 177
154 130
154 153
154 155
154 178
155 130
155 131
155 150
155 154
156 132
156 157
156 161
156 180
157 133
157 156
157 158
157 181
158 134
158 157
158 159
158 182
159 135
159 158
159 162
159 183
160 136
160 161
160 164
160 184
161 137
161 156
161 160
161 185
162 138
162 159
162 163
162 186
163 138
163 139
163 162
163 165
163 187
164 140
164 160
164 166
164 188
165 141
165 163
165 167
165 189
166 142
166 164
166 168
166 190
167 143
167 165
167 169
167 191
168 144
168 166
168 170
168 192
169 145
169 167
169 171
169 193
170 146
170 168
170 172
170 194
171 147
171 169
171 175
171 195
172 148
172 170
172 173
172 196
173 149
173 172
173 176
173 197
173 200
174 150
174 175
174 179
174 198
175 151
175 171
175 174
175 199
176 152
176 173
176 177
176 197
176 200
177 153
177 176
177 178
177 201
178 154
178 177
178 179
178 202
179 174
179 178
179 202
179 203
180 156
180 181
180 185
180 204
181 157
181 180
181 182
181 205
182 158
182 181
182 183
182 206
183 159
183 182
183 186
183 207
184 160
184 185
184 188
184 208
185 161
185 180
185 184
185 209
186 162
186 183
186 187
186 210
187 163
187 186
187 189
187 211
188 164
188 184
188 190
188 212
189 165
189 187
189 191
189 213
190 166
190 188
190 192
190 214
191 167
191 189
191 193
191 215
192 168
192 190
192 194
192 216
193 169
193 191
193 195
193 217
194 170
194 192
194 196
194 218
195 171
195 193
195 199
195 219
196 172
196 194
196 197
196 220
197 173
197 176
197 196
197 200
197 221
198 174
198 199
198 203
198 223
198 227
199 175
199 195
199 198
199 224
200 173
200 176
200 197
200 201
201 177
201 200
201 202
201 225
202 178
202 179
202 201
202 203
202 226
202 227
203 179
203 198
203 202
203 227
204 180
204 205
204 209
204 228
205 181
205 204
205 206
205 229
206 182
206 205
206 207
206 230
207 183
207 206
207 210
207 231
208 184
208 209
208 212
208 232
209 185
209 204
209 208
209 233
210 186
210 207
210 211
210 234
211 187
211 210
211 213
211 235
212 188
212 208
212 214
212 236
213 189
213 211
213 215
213 237
214 190
214 212
214 216
214 238
215 191
215 213
215 217
215 239
216 192
216 214
216 218
216 240
217 193
217 215
217 219
217 241
218 194
218 216
218 220
218 242
219 195
219 217
219 224
219 243
220 196
220 218
220 221
220 244
221 197
221 220
221 225
221 245
222 223
222 226
222 227
222 247
222 248
222 251
223 198
223 222
223 224
223 227
224 199
224 219
224 223
224 249
225 201
225 221
225 226
225 250
226 202
226 222
226 225
226 227
226 251
227 198
227 202
227 203
227 222
227 223
227 226
228 204
228 229
228 233
228 252
229 205
229 228
229 230
229 253
230 206
230 229
230 231
230 254
231 207
231 230
231 234
231 255
232 208
232 233
232 236
232 256
233 209
233 228
233 232
233 257
234 210
234 231
234 235
234 258
235 211
235 234
235 237
235 259
236 212
236 232
236 238
236 260
237 213
237 235
237 239
237 261
238 214
238 236
238 240
238 262
239 215
239 237
239 241
239 263
240 216
240 238
240 242
240 264
241 217
241 239
241 243
241 265
242 218
242 240
242 244
242 266
243 219
243 241
243 249
243 267
244 220
244 242
244 245
244 268
245 221
245 244
245 246
245 269
246 245
246 250
246 269
246 270
247 222
247 248
247 251
247 271
248 222
248 247
248 249
248 272
249 224
249 243
249 248
249 273
250 225
250 246
250 251
250 274
251 222
251 226
251 247
251 250
251 275
252 228
252 253
252 257
252 276
253 229
253 252
253 254
253 277
254 230
254 253
254 255
254 278
255 231
255 254
255 258
255 279
256 232
256 257
256 260
256 280
257 233
257 252
257 256
257 281
258 234
258 255
258 259
258 282
259 235
259 258
259 261
259 283
260 236
260 256
260 262
260 284
261 237
261 259
261 263
261 285
262 238
262 260
262 264
262 286
263 239
263 261
263 265
263 287
264 240
264 262
264 266
264 288
265 241
265 263
265 267
265 289
266 242
266 264
266 268
266 290
267 243
267 265
267 273
267 291
268 244
268 266
268 269
268 292
269 245
269 246
269 268
269 270
269 293
270 246
270 269
270 274
270 294
271 247
271 272
271 275
271 295
272 248
272 271
272 273
272 296
272 297
273 249
273 267
273 272
273 297
274 250
274 270
274 275
274 298
275 251
275 271
275 274
275 299
276 252
276 277
276 281
276 300
277 253
277 276
277 278
277 301
278 254
278 277
278 279
278 302
279 255
279 278
279 282
279 303
280 256
280 281
280 284
280 304
281 257
281 276
281 280
281 305
282 258
282 279
282 283
282 306
283 259
283 282
283 285
283 307
284 260
284 280
284 286
284 308
285 261
285 283
285 287
285 309
286 262
286 284
286 288
286 310
287 263
287 285
287 289
287 311
288 264
288 286
288 290
288 312
289 265
289 287
289 291
289 313
290 266
290 288
290 292
290 314
291 267
291 289
291 297
291 315
292 268
292 290
292 293
292 316
293 269
293 292
293 294
293 317
294 270
294 293
294 298
294 322
295 271
295 296
295 299
295 319
296 272
296 295
296 297
296 320
297 272
297 273
297 291
297 296
298 274
298 294
298 299
298 322
299 275
299 295
299 298
299 323
300 276
300 301
300 305
300 324
300 325
301 277
301 300
301 302
301 324
301 325
302 278
302 301
302 303
302 326
303 279
303 302
303 306
303 327
304 280
304 305
304 308
304 328
304 329
305 281
305 300
305 304
305 328
305 329
306 282
306 303
306 307
306 327
306 330
306 331
307 283
307 306
307 309
307 330
307 331
308 284
308 304
308 310
308 332
309 285
309 307
309 311
309 333
310 286
310 308
310 312
310 334
311 287
311 309
311 313
311 335
312 288
312 310
312 314
312 336
313 289
313 311
313 315
313 337
314 290
314 312
314 316
314 338
315 291
315 313
315 321
315 339
315 345
316 292
316 314
316 317
316 338
316 340
317 293
317 316
317 318
317 341
318 317
318 322
318 341
318 342
318 346
319 295
319 320
319 323
319 343
319 347
320 296
320 319
320 321
320 344
321 315
321 320
321 339
321 344
321 345
322 294
322 298
322 318
322 323
322 342
322 346
323 299
323 319
323 322
323 347
324 300
324 301
324 325
324 329
324 348
325 300
325 301
325 324
325 326
325 349
326 302
326 325
326 327
326 350
327 303
327 306
327 326
327 330
327 351
328 304
328 305
328 329
328 332
328 352
329 304
329 305
329 324
329 328
329 353
330 306
330 307
330 327
330 331
331 306
331 307
331 330
331 333
331 355
332 308
332 328
332 334
332 356
333 309
333 331
333 335
333 357
334 310
334 332
334 336
334 358
335 311
335 333
335 337
335 359
336 312
336 334
336 338
336 360
337 313
337 335
337 339
337 361
338 314
338 316
338 336
338 340
339 315
339 321
339 337
339 345
339 363
340 316
340 338
340 341
340 364
341 317
341 318
341 340
341 342
341 365
342 318
342 322
342 341
342 346
343 319
343 344
343 347
343 367
344 320
344 321
344 343
344 345
344 368
345 315
345 321
345 339
345 344
346 318
346 322
346 342
346 347
346 370
347 319
347 323
347 343
347 346
348 324
348 349
348 353
348 372
349 325
349 348
349 350
349 373
350 326
350 349
350 351
350 374
351 327
351 350
351 354
351 375
352 328
352 353
352 356
352 376
353 329
353 348
353 352
353 377
354 351
354 355
354 375
354 378
355 331
355 354
355 357
355 379
356 332
356 352
356 358
356 380
357 333
357 355
357 359
357 381
358 334
358 356
358 360
358 382
359 335
359 357
359 361
359 383
360 336
360 358
360 362
360 384
361 337
361 359
361 363
361 385
362 360
362 364
362 386
362 388
363 339
363 361
363 369
363 387
364 340
364 362
364 365
364 388
365 341
365 364
365 366
365 389
366 365
366 370
366 390
366 394
367 343
367 368
367 371
367 391
368 344
368 367
368 369
368 392
369 363
369 368
369 392
369 393
370 346
370 366
370 371
370 394
371 367
371 370
371 391
371 395
372 348
372 373
372 377
372 396
372 401
373 349
373 372
373 374
373 397
374 350
374 373
374 375
374 398
375 351
375 354
375 374
375 378
375 399
376 352
376 377
376 380
376 400
377 353
377 372
377 376
377 401
378 354
378 375
378 379
378 402
379 355
379 378
379 381
379 403
380 356
380 376
380 382
380 404
381 357
381 379
381 383
381 405
382 358
382 380
382 384
382 406
383 359
383 381
383 385
383 407
384 360
384 382
384 386
384 408
385 361
385 383
385 387
385 409
386 362
386 384
386 388
386 410
387 363
387 385
387 393
387 411
388 362
388 364
388 386
388 389
388 412
389 365
389 388
389 390
389 413
390 366
390 389
390 394
390 413
390 414
390 418
391 367
391 371
391 392
391 395
391 415
391 419
392 368
392 369
392 391
392 393
392 416
393 369
393 387
393 392
393 417
394 366
394 370
394 390
394 395
394 414
394 418
395 371
395 391
395 394
395 415
395 419
396 372
396 397
396 401
396 420
397 373
397 396
397 398
397 421
398 374
398 397
398 399
398 422
399 375
399 398
399 402
399 423
400 376
400 401
400 404
400 424
401 372
401 377
401 396
401 400
401 425
402 378
402 399
402 403
402 426
403 379
403 402
403 405
403 427
404 380
404 400
404 406
404 428
405 381
405 403
405 407
405 429
406 382
406 404
406 408
406 430
407 383
407 405
407 409
407 431
408 384
408 406
408 410
408 432
409 385
409 407
409 411
409 433
410 386
410 408
410 412
410 434
411 387
411 409
411 417
411 435
412 388
412 410
412 413
412 436
413 389
413 390
413 412
413 414
413 437
414 390
414 394
414 413
414 418
414 438
415 391
415 395
415 416
415 419
416 392
416 415
416 417
416 440
417 393
417 411
417 416
417 441
418 390
418 394
418 414
418 419
418 442
419 391
419 395
419 415
419 418
420 396
420 421
420 425
420 444
421 397
421 420
421 422
421 445
422 398
422 421
422 423
422 446
423 399
423 422
423 426
423 447
424 400
424 425
424 428
424 448
425 401
425 420
425 424
425 449
426 402
426 423
426 427
426 450
427 403
427 426
427 429
427 451
428 404
428 424
428 430
428 452
429 405
429 427
429 431
429 453
430 406
430 428
430 432
430 454
431 407
431 429
431 433
431 455
432 408
432 430
432 434
432 456
433 409
433 431
433 435
433 457
434 410
434 432
434 436
434 458
435 411
435 433
435 441
435 459
436 412
436 434
436 437
436 460
437 413
437 436
437 438
437 461
438 414
438 437
438 442
438 462
439 440
439 443
439 463
439 467
440 416
440 439
440 441
440 464
441 417
441 435
441 440
441 465
442 418
442 438
442 443
442 466
443 439
443 442
443 463
443 467
444 420
444 445
444 449
444 468
445 421
445 444
445 446
445 469
446 422
446 445
446 447
446 470
447 423
447 446
447 450
447 471
448 424
448 449
448 452
448 472
449 425
449 444
449 448
449 473
450 426
450 447
450 451
450 474
451 427
451 450
451 453
451 475
452 428
452 448
452 454
452 476
453 429
453 451
453 455
453 477
454 430
454 452
454 456
454 478
455 431
455 453
455 457
455 479
456 432
456 454
456 458
456 480
457 433
457 455
457 459
457 481
458 434
458 456
458 460
458 482
458 484
459 435
459 457
459 465
459 483
460 436
460 458
460 461
460 484
461 437
461 460
461 462
461 485
462 438
462 461
462 466
462 486
463 439
463 443
463 464
463 467
463 487
463 491
464 440
464 463
464 465
464 488
465 441
465 459
465 464
465 489
466 442
466 462
466 467
466 490
467 439
467 443
467 463
467 466
467 491
468 444
468 469
468 473
468 492
469 445
469 468
469 470
469 493
470 446
470 469
470 471
470 494
471 447
471 470
471 474
471 495
472 448
472 473
472 476
472 496
473 449
473 468
473 472
473 497
474 450
474 471
474 475
474 498
475 451
475 474
475 477
475 499
476 452
476 472
476 478
476 500
477 453
477 475
477 479
477 501
478 454
478 476
478 480
478 502
479 455
479 477
479 481
479 503
480 456
480 478
480 482
480 504
481 457
481 479
481 483
481 505
482 458
482 480
482 484
482 506
483 459
483 481
483 489
483 507
484 458
484 460
484 482
484 485
485 461
485 484
485 486
485 509
486 462
486 485
486 490
486 510
487 463
487 488
487 491
487 511
488 464
488 487
488 489
488 512
489 465
489 483
489 488
489 633
490 466
490 486
490 491
490 514
491 463
491 467
491 487
491 490
492 468
492 493
492 497
492 516
493 469
493 492
493 494
493 517
494 470
494 493
494 495
494 518
495 471
495 494
495 498
495 519
496 472
496 497
496 500
496 520
497 473
497 492
497 496
497 521
498 474
498 495
498 499
498 522
499 475
499 498
499 501
499 523
500 476
500 496
500 502
500 524
501 477
501 499
501 503
501 525
502 478
502 500
502 504
502 526
503 479
503 501
503 505
503 527
504 480
504 502
504 506
504 528
505 481
505 503
505 507
505 529
506 482
506 504
506 508
506 556
506 628
507 483
507 505
507 513
507 531
508 506
508 509
508 556
508 628
509 485
509 508
509 510
509 533
510 486
510 509
510 514
510 534
511 487
511 512
511 515
511 535
512 488
512 511
512 513
512 536
512 561
512 633
513 507
513 512
513 537
513 561
513 633
514 490
514 510
514 515
514 538
515 511
515 514
515 535
515 539
516 492
516 517
516 521
516 540
517 493
517 516
517 518
517 540
517 541
518 494
518 517
518 519
518 542
519 495
519 518
519 522
519 542
519 543
520 496
520 521
520 524
520 544
520 548
521 497
521 516
521 520
521 540
521 545
522 498
522 519
522 523
522 543
522 546
522 547
523 499
523 522
523 525
523 547
523 549
524 500
524 520
524 526
524 544
524 548
525 501
525 523
525 527
525 549
526 502
526 524
526 528
526 550
527 503
527 525
527 529
527 551
528 504
528 526
528 530
528 550
528 552
529 505
529 527
529 531
529 551
529 553
530 528
530 532
530 554
530 556
530 628
531 507
531 529
531 537
531 555
531 561
532 530
532 533
532 554
532 556
532 557
532 628
533 509
533 532
533 534
533 556
533 557
534 510
534 533
534 538
534 557
534 558
535 511
535 515
535 536
535 539
535 559
535 560
535 563
536 512
536 535
536 537
536 560
536 561
537 513
537 531
537 536
537 555
537 560
537 561
538 514
538 534
538 539
538 562
538 563
539 515
539 535
539 538
539 563
540 516
540 517
540 521
540 541
540 545
541 517
541 540
541 542
541 565
541 636
542 518
542 519
542 541
542 543
543 519
543 522
543 542
543 546
543 639
544 520
544 524
544 545
544 548
545 521
545 540
545 544
545 569
546 522
546 543
546 547
546 570
546 639
547 522
547 523
547 546
547 549
548 520
548 524
548 544
548 550
549 523
549 525
549 547
549 551
549 573
550 526
550 528
550 548
550 552
551 527
551 529
551 549
551 553
551 575
552 528
552 550
552 554
552 576
553 529
553 551
553 555
553 577
554 530
554 532
554 552
554 556
555 531
555 537
555 553
555 560
556 506
556 508
556 530
556 532
556 533
556 554
556 628
557 532
557 533
557 534
557 558
558 534
558 557
558 562
558 581
558 582
559 535
559 560
559 563
559 635
560 535
560 536
560 537
560 555
560 559
561 512
561 513
561 531
561 536
561 537
561 633
562 538
562 558
562 563
562 635
563 535
563 538
563 539
563 559
563 562
563 635
564 565
564 569
564 588
564 612
564 636
565 541
565 564
565 566
565 589
565 612
565 636
566 565
566 567
566 590
566 615
567 566
567 570
567 591
567 615
568 569
568 572
568 592
568 616
569 545
569 564
569 568
569 612
569 616
570 546
570 567
570 571
570 615
570 639
571 570
571 573
571 595
571 619
572 568
572 574
572 596
572 616
573 549
573 571
573 575
573 597
574 572
574 576
574 598
574 622
575 551
575 573
575 577
575 599
576 552
576 574
576 578
576 600
577 553
577 575
577 579
577 601
578 576
578 580
578 602
578 604
579 577
579 585
579 603
579 609
580 578
580 581
580 602
580 604
581 558
581 580
581 582
581 605
582 558
582 581
582 586
582 606
583 584
583 587
583 607
583 635
584 583
584 585
584 608
584 609
585 579
585 584
585 608
585 609
586 582
586 587
586 610
586 635
587 583
587 586
587 611
587 635
588 564
588 589
588 593
588 612
588 613
588 617
589 565
589 588
589 590
589 612
589 613
589 614
590 566
590 589
590 591
590 614
591 567
591 590
591 594
591 614
591 615
591 618
592 568
592 593
592 596
592 616
592 620
593 588
593 592
593 616
593 617
593 641
594 591
594 595
594 615
594 618
594 619
595 571
595 594
595 597
595 619
595 621
596 572
596 592
596 598
596 616
596 620
597 573
597 595
597 599
597 619
597 621
597 623
598 574
598 596
598 620
598 622
598 646
599 575
599 597
599 601
599 623
600 576
600 602
600 622
600 624
600 626
601 577
601 599
601 603
601 623
601 625
602 578
602 580
602 600
602 604
602 626
602 650
603 579
603 601
603 609
603 627
604 578
604 580
604 602
604 605
604 626
604 629
604 655
605 581
605 604
605 606
605 629
605 655
606 582
606 605
606 610
606 611
606 629
606 630
606 655
607 583
607 608
607 610
607 611
607 631
607 657
608 584
608 585
608 607
608 609
608 632
608 658
608 696
609 579
609 584
609 585
609 603
609 608
609 627
609 632
609 658
610 586
610 606
610 607
610 611
610 630
610 634
611 587
611 606
611 607
611 610
611 631
611 634
612 564
612 565
612 569
612 588
612 589
612 636
613 588
613 589
613 637
613 638
614 589
614 590
614 591
614 638
615 566
615 567
615 570
615 591
615 594
615 639
616 568
616 569
616 572
616 592
616 593
616 596
617 588
617 593
617 641
617 664
618 591
618 594
618 642
618 667
619 571
619 594
619 595
619 597
619 621
620 592
620 596
620 598
620 622
620 644
621 595
621 597
621 619
621 645
622 574
622 598
622 600
622 620
622 646
623 597
623 599
623 601
623 647
624 600
624 646
624 648
624 650
625 601
625 647
625 649
625 653
625 686
626 600
626 602
626 604
626 650
627 603
627 609
627 632
627 653
628 506
628 508
628 530
628 532
628 556
629 604
629 605
629 606
629 655
630 606
630 610
630 634
630 656
630 657
631 607
631 611
631 634
631 657
632 608
632 609
632 627
632 658
632 696
633 489
633 512
633 513
633 561
634 610
634 611
634 630
634 631
634 657
635 559
635 562
635 563
635 583
635 586
635 587
636 541
636 564
636 565
636 612
637 613
637 659
637 660
637 661
637 697
638 613
638 614
638 642
638 661
639 543
639 546
639 570
639 615
640 641
640 644
640 663
640 664
640 669
640 699
641 593
641 617
641 640
641 664
642 618
642 638
642 643
642 667
643 642
643 645
643 667
643 668
643 674
644 620
644 640
644 646
644 669
645 621
645 643
645 647
645 674
646 598
646 622
646 624
646 644
647 623
647 625
647 645
647 674
647 680
648 624
648 675
648 681
648 716
649 625
649 680
649 686
649 721
650 602
650 624
650 626
650 654
651 654
651 687
651 688
651 693
652 691
652 692
652 726
652 731
653 625
653 627
653 686
653 696
654 650
654 651
654 688
654 693
655 604
655 605
655 606
655 629
656 630
656 693
656 694
656 729
657 607
657 630
657 631
657 634
658 608
658 609
658 632
658 696
659 637
659 660
659 664
659 665
659 697
659 701
660 637
660 659
660 665
660 697
660 698
660 701
661 637
661 638
661 662
661 667
662 661
662 666
662 698
662 702
662 703
663 640
663 669
663 670
663 699
663 700
663 704
663 705
664 617
664 640
664 641
664 659
665 659
665 660
665 671
665 697
665 701
665 706
666 662
666 698
666 702
666 703
667 618
667 642
667 643
667 661
668 643
668 673
668 703
668 708
668 709
669 640
669 644
669 663
669 675
669 704
670 663
670 671
670 699
670 700
670 704
670 705
670 706
670 711
671 665
671 670
671 701
671 706
672 678
672 702
672 707
672 713
673 668
673 703
673 708
673 709
674 643
674 645
674 647
674 680
675 648
675 669
675 681
675 710
675 711
676 677
676 710
676 711
676 712
676 738
677 676
677 683
677 712
677 718
678 672
678 684
678 707
678 713
678 719
679 685
679 714
679 715
679 720
680 647
680 649
680 674
680 686
681 648
681 675
681 687
681 716
682 683
682 711
682 716
682 717
682 718
683 677
683 682
683 684
683 712
683 718
683 719
684 678
684 683
684 713
684 718
684 719
685 679
685 714
685 720
685 721
685 727
686 625
686 649
686 653
686 680
687 651
687 681
687 688
687 716
687 722
687 723
688 651
688 654
688 687
688 693
688 722
688 723
688 728
689 694
689 724
689 728
689 729
690 695
690 725
690 730
690 731
691 652
691 692
691 726
691 727
691 731
692 652
692 691
692 721
692 726
692 727
693 651
693 654
693 656
693 688
693 728
694 656
694 689
694 724
694 728
694 729
695 690
695 725
695 730
695 731
696 608
696 632
696 653
696 658
697 637
697 659
697 660
697 665
697 698
697 701
698 660
698 662
698 666
698 697
698 702
699 640
699 663
699 670
699 700
699 704
699 705
700 663
700 670
700 699
700 705
700 732
701 659
701 660
701 665
701 671
701 697
701 706
702 662
702 666
702 672
702 698
702 703
702 707
703 662
703 666
703 668
703 673
703 702
703 708
704 663
704 669
704 670
704 699
704 705
704 710
705 663
705 670
705 699
705 700
705 704
705 736
706 665
706 670
706 671
706 701
707 672
707 678
707 702
707 713
708 668
708 673
708 703
708 709
708 737
709 668
709 673
709 708
709 715
710 675
710 676
710 704
710 711
711 670
711 675
711 676
711 682
711 710
711 717
711 738
712 676
712 677
712 683
712 718
713 672
713 678
713 684
713 707
713 719
714 679
714 685
714 715
714 720
714 739
715 679
715 709
715 714
715 721
716 648
716 681
716 682
716 687
716 717
716 722
717 682
717 711
717 716
717 740
718 677
718 682
718 683
718 684
718 712
719 678
719 683
719 684
719 713
720 679
720 685
720 714
720 721
720 727
720 741
721 649
721 685
721 692
721 715
721 720
721 727
722 687
722 688
722 716
722 723
723 687
723 688
723 722
723 728
723 742
724 689
724 694
724 728
724 729
724 743
725 690
725 695
725 730
725 731
725 744
726 652
726 691
726 692
726 727
726 731
726 745
727 685
727 691
727 692
727 720
727 721
727 726
728 688
728 689
728 693
728 694
728 723
728 724
728 729
729 656
729 689
729 694
729 724
729 728
730 690
730 695
730 725
730 731
731 652
731 690
731 691
731 695
731 725
731 726
731 730
732 700
732 733
732 736
732 746
733 732
733 734
733 746
733 747
734 733
734 735
734 748
734 749
735 734
735 737
735 748
735 749
736 705
736 732
736 746
736 750
737 708
737 735
737 739
737 749
737 753
738 676
738 711
738 740
738 754
739 714
739 737
739 741
739 755
740 717
740 738
740 742
740 756
741 720
741 739
741 745
741 757
742 723
742 740
742 743
742 758
743 724
743 742
743 744
743 759
744 725
744 743
744 745
744 760
745 726
745 741
745 744
745 761
746 732
746 733
746 736
746 747
746 750
746 751
746 762
747 733
747 746
747 751
747 763
748 734
748 735
748 749
748 752
748 753
749 734
749 735
749 737
749 748
749 752
749 753
750 736
750 746
750 751
750 754
750 762
750 763
751 746
751 747
751 750
751 763
751 771
752 748
752 749
752 753
752 764
752 765
753 737
753 748
753 749
753 752
753 764
753 765
754 738
754 750
754 756
754 774
755 739
755 757
755 765
755 775
756 740
756 754
756 758
756 766
756 776
757 741
757 755
757 761
757 769
758 742
758 756
758 759
758 766
758 767
759 743
759 758
759 760
759 766
759 767
760 744
760 759
760 761
760 768
761 745
761 757
761 760
761 768
761 769
762 746
762 750
762 763
762 770
762 771
762 774
763 747
763 750
763 751
763 762
763 770
763 771
764 752
764 753
764 765
764 772
764 773
765 752
765 753
765 755
765 764
765 772
765 773
766 756
766 758
766 759
766 767
766 776
766 778
766 779
767 758
767 759
767 766
767 778
767 779
768 760
768 761
768 769
768 780
768 781
769 757
769 761
769 768
769 777
769 780
769 781
770 762
770 763
770 771
770 774
770 782
771 751
771 762
771 763
771 770
771 783
772 764
772 765
772 773
772 784
773 764
773 765
773 772
773 775
773 785
774 754
774 762
774 770
774 786
775 755
775 773
775 777
775 787
776 756
776 766
776 778
776 788
777 769
777 775
777 780
777 781
777 789
778 766
778 767
778 776
778 779
778 790
779 766
779 767
779 778
779 791
780 768
780 769
780 777
780 781
780 792
781 768
781 769
781 777
781 780
781 793
782 770
782 783
782 786
782 794
783 771
783 782
783 794
783 795
784 772
784 785
784 796
784 797
785 773
785 784
785 787
785 797
786 774
786 782
786 794
786 798
787 775
787 785
787 789
787 799
788 776
788 790
788 791
788 800
788 802
789 777
789 787
789 793
789 801
790 778
790 788
790 791
790 802
790 803
791 779
791 788
791 790
791 803
792 780
792 793
792 804
792 805
793 781
793 789
793 792
793 805
794 782
794 783
794 786
794 795
794 798
794 806
795 783
795 794
795 796
795 807
796 784
796 795
796 797
796 808
797 784
797 785
797 796
797 799
797 809
798 786
798 794
798 800
798 810
799 787
799 797
799 801
799 811
800 788
800 798
800 802
800 803
801 789
801 799
801 804
801 805
802 788
802 790
802 800
802 803
803 790
803 791
803 800
803 802
803 804
804 792
804 801
804 803
804 805
805 792
805 793
805 801
805 804
806 794
806 807
806 810
806 818
807 795
807 806
807 808
807 819
808 796
808 807
808 809
808 820
809 797
809 808
809 811
809 821
810 798
810 806
810 812
810 822
811 799
811 809
811 813
811 823
812 810
812 814
812 815
812 824
813 811
813 816
813 817
813 825
814 812
814 815
814 826
814 827
815 812
815 814
815 816
815 827
816 813
816 815
816 817
816 828
817 813
817 816
817 825
817 829
818 806
818 819
818 822
818 830
819 807
819 818
819 820
819 830
819 831
820 808
820 819
820 821
820 832
821 809
821 820
821 823
821 833
822 810
822 818
822 824
822 834
823 811
823 821
823 825
823 835
824 812
824 822
824 826
824 836
825 813
825 817
825 823
825 829
825 837
825 841
826 814
826 824
826 827
826 836
826 838
827 814
827 815
827 826
827 828
827 839
828 816
828 827
828 829
828 840
829 817
829 825
829 828
829 837
829 840
829 841
830 818
830 819
830 831
830 834
831 819
831 830
831 832
831 843
832 820
832 831
832 833
832 844
833 821
833 832
833 835
833 845
834 822
834 830
834 836
834 846
835 823
835 833
835 837
835 847
836 824
836 826
836 834
836 838
836 848
837 825
837 829
837 835
837 841
838 826
838 836
838 839
838 850
839 827
839 838
839 840
839 851
840 828
840 829
840 839
840 841
840 852
841 825
841 829
841 837
841 840
842 843
842 846
842 854
842 890
843 831
843 842
843 844
843 855
844 832
844 843
844 845
844 856
844 893
845 833
845 844
845 847
845 857
845 893
846 834
846 842
846 848
846 858
847 835
847 845
847 849
847 859
847 893
848 836
848 846
848 850
848 860
848 862
849 847
849 852
849 853
849 861
850 838
850 848
850 851
850 860
850 862
850 863
851 839
851 850
851 852
851 863
852 840
852 849
852 851
852 853
852 864
852 865
853 849
853 852
853 861
853 865
854 842
854 855
854 858
854 890
855 843
855 854
855 856
855 867
855 890
856 844
856 855
856 857
856 868
856 893
857 845
857 856
857 859
857 893
858 846
858 854
858 860
858 870
858 890
859 847
859 857
859 861
859 893
860 848
860 850
860 858
860 862
860 872
861 849
861 853
861 859
861 865
862 848
862 850
862 860
862 863
863 850
863 851
863 862
863 864
863 875
864 852
864 863
864 865
864 876
865 852
865 853
865 861
865 864
866 867
866 870
866 878
866 890
867 855
867 866
867 868
867 879
868 856
868 867
868 869
868 880
869 868
869 871
869 880
869 881
870 858
870 866
870 872
870 882
871 869
871 873
871 883
871 899
872 860
872 870
872 874
872 884
873 871
873 877
873 885
873 901
874 872
874 875
874 886
874 902
875 863
875 874
875 876
875 887
876 864
876 875
876 877
876 888
877 873
877 876
877 888
877 889
878 866
878 879
878 882
878 894
879 867
879 878
879 891
879 894
879 895
880 868
880 869
880 881
880 892
880 896
880 897
881 869
881 880
881 896
881 897
882 870
882 878
882 884
882 898
882 900
883 871
883 885
883 899
883 901
884 872
884 882
884 886
884 898
884 900
884 902
885 873
885 883
885 889
885 899
885 901
885 905
886 874
886 884
886 887
886 900
886 902
886 903
887 875
887 886
887 902
887 903
888 876
888 877
888 889
888 904
888 905
889 877
889 885
889 888
889 901
889 904
889 905
890 842
890 854
890 855
890 858
890 866
891 879
891 892
891 894
891 895
892 880
892 891
892 895
892 896
892 897
893 844
893 845
893 847
893 856
893 857
893 859
894 878
894 879
894 891
894 895
894 898
895 879
895 891
895 892
895 894
896 880
896 881
896 892
896 897
897 880
897 881
897 892
897 896
898 882
898 884
898 894
898 900
899 871
899 883
899 885
899 901
900 882
900 884
900 886
900 898
900 902
901 873
901 883
901 885
901 889
901 899
901 905
902 874
902 884
902 886
902 887
902 900
902 903
903 886
903 887
903 902
903 904
904 888
904 889
904 903
904 905
905 885
905 888
905 889
905 901
905 904
906 907
906 936
906 942
906 943
907 906
907 908
907 943
907 944
908 907
908 909
908 943
908 944
909 908
909 910
909 939
909 945
910 909
910 911
910 940
910 946
911 910
911 941
911 946
911 947
912 913
912 916
912 948
912 949
913 912
913 914
913 917
913 949
914 913
914 915
914 918
914 950
915 914
915 950
915 951
915 985
916 912
916 917
916 920
916 952
917 913
917 916
917 918
917 919
917 921
918 914
918 917
918 919
918 922
919 917
919 918
919 922
919 923
920 916
920 921
920 924
920 953
921 917
921 920
921 922
921 925
922 918
922 919
922 921
922 923
922 926
923 919
923 922
923 926
923 927
924 920
924 925
924 928
924 954
925 921
925 924
925 926
925 929
926 922
926 923
926 925
926 927
926 930
927 923
927 926
927 930
927 931
928 924
928 929
928 932
928 955
928 956
929 925
929 928
929 930
929 933
930 926
930 927
930 929
930 931
930 934
931 927
931 930
931 934
931 935
932 928
932 933
932 955
932 956
933 929
933 932
933 934
933 957
934 930
934 931
934 933
934 935
934 958
935 931
935 934
935 958
935 959
936 906
936 942
936 966
936 972
936 973
937 943
937 967
937 972
937 973
938 944
938 968
938 974
938 975
939 909
939 940
939 945
939 969
939 975
940 910
940 939
940 941
940 946
940 970
940 976
940 977
941 911
941 940
941 947
941 971
941 977
942 906
942 936
942 943
942 972
943 906
943 907
943 908
943 937
943 942
943 944
943 973
944 907
944 908
944 938
944 943
944 974
945 909
945 939
945 946
945 975
946 910
946 911
946 940
946 945
946 947
946 976
947 911
947 941
947 946
947 977
948 912
948 949
948 952
948 983
948 984
949 912
949 913
949 948
949 950
949 979
949 984
950 914
950 915
950 949
950 985
951 915
951 981
951 985
951 986
952 916
952 948
952 953
952 989
953 920
953 952
953 954
953 992
954 924
954 953
954 955
954 995
955 928
955 932
955 954
955 956
955 998
956 928
956 932
956 955
956 957
956 1002
957 933
957 956
957 958
957 1003
958 934
958 935
958 957
958 959
958 1004
959 935
959 958
959 999
959 1005
960 961
960 966
960 1013
960 1019
961 960
961 967
961 1014
961 1020
962 963
962 968
962 1015
962 1021
963 962
963 969
963 1016
963 1022
964 965
964 970
964 1017
964 1023
965 964
965 971
965 1018
965 1024
966 936
966 960
966 967
966 972
967 937
967 961
967 966
967 973
968 938
968 962
968 974
968 1021
969 939
969 963
969 975
969 1022
970 940
970 964
970 976
970 1023
971 941
971 965
971 977
971 1024
972 936
972 937
972 942
972 966
972 973
973 936
973 937
973 943
973 967
973 972
974 938
974 944
974 968
974 975
975 938
975 939
975 945
975 969
975 974
976 940
976 946
976 970
976 977
977 940
977 941
977 947
977 971
977 976
978 979
978 982
978 983
978 984
978 1030
978 1036
979 949
979 978
979 980
979 984
979 1031
980 979
980 981
980 985
980 1032
981 951
981 980
981 985
981 986
981 987
981 1037
982 978
982 983
982 988
982 1035
982 1036
983 948
983 978
983 982
983 1036
984 948
984 949
984 978
984 979
985 915
985 950
985 951
985 980
985 981
986 951
986 981
986 987
986 1037
987 981
987 986
987 990
987 1033
987 1037
987 1038
988 982
988 989
988 991
988 1039
989 952
989 988
989 991
989 992
989 1039
990 987
990 993
990 1038
990 1040
991 988
991 989
991 992
991 994
991 1041
992 953
992 989
992 991
992 995
993 990
993 996
993 1040
993 1042
994 991
994 995
994 997
994 1043
995 954
995 992
995 994
995 998
996 993
996 1042
996 1044
996 1046
997 994
997 998
997 1001
997 1002
997 1045
997 1047
998 955
998 995
998 997
998 1001
998 1002
998 1045
999 959
999 1000
999 1005
999 1006
1000 999
1000 1005
1000 1006
1000 1046
1000 1052
1001 997
1001 998
1001 1002
1001 1045
1001 1047
1001 1048
1002 956
1002 997
1002 998
1002 1001
1002 1003
1003 957
1003 1002
1003 1004
1003 1049
1004 958
1004 1003
1004 1005
1004 1050
1005 959
1005 999
1005 1000
1005 1004
1005 1006
1005 1051
1006 999
1006 1000
1006 1005
1006 1051
1006 1052
1007 1008
1007 1013
1007 1059
1007 1060
1007 1065
1008 1007
1008 1009
1008 1014
1008 1060
1009 1008
1009 1015
1009 1060
1009 1061
1010 1011
1010 1016
1010 1062
1010 1068
1011 1010
1011 1012
1011 1017
1011 1063
1012 1011
1012 1018
1012 1064
1012 1070
1013 960
1013 1007
1013 1014
1013 1019
1013 1071
1014 961
1014 1008
1014 1013
1014 1015
1014 1072
1015 962
1015 1009
1015 1014
1015 1016
1015 1073
1016 963
1016 1010
1016 1015
1016 1074
1017 964
1017 1011
1017 1018
1017 1075
1018 965
1018 1012
1018 1017
1018 1024
1018 1076
1019 960
1019 1013
1019 1020
1019 1071
1020 961
1020 1019
1020 1021
1020 1072
1021 962
1021 968
1021 1020
1021 1073
1022 963
1022 969
1022 1023
1022 1074
1023 964
1023 970
1023 1022
1023 1075
1024 965
1024 971
1024 1018
1024 1076
1025 1026
1025 1027
1025 1078
1025 1079
1025 1082
1026 1025
1026 1028
1026 1079
1026 1083
1027 1025
1027 1028
1027 1078
1027 1086
1028 1026
1028 1027
1028 1079
1028 1087
1029 1030
1029 1035
1029 1036
1029 1099
1029 1100
1029 1105
1030 978
1030 1029
1030 1031
1030 1035
1030 1036
1030 1100
1031 979
1031 1030
1031 1032
1031 1101
1032 980
1032 1031
1032 1033
1032 1102
1033 987
1033 1032
1033 1034
1033 1037
1033 1038
1033 1103
1034 1033
1034 1037
1034 1038
1034 1103
1034 1104
1034 1106
1035 982
1035 1029
1035 1030
1035 1036
1035 1105
1036 978
1036 982
1036 983
1036 1029
1036 1030
1036 1035
1037 981
1037 986
1037 987
1037 1033
1037 1034
1037 1038
1038 987
1038 990
1038 1033
1038 1034
1038 1037
1039 988
1039 989
1039 1041
1039 1107
1040 990
1040 993
1040 1042
1040 1108
1041 991
1041 1039
1041 1043
1041 1109
1042 993
1042 996
1042 1040
1042 1044
1042 1110
1043 994
1043 1041
1043 1045
1043 1111
1044 996
1044 1042
1044 1046
1044 1112
1045 997
1045 998
1045 1001
1045 1043
1045 1047
1045 1113
1046 996
1046 1000
1046 1044
1046 1052
1046 1114
1047 997
1047 1001
1047 1045
1047 1048
1047 1115
1048 1001
1048 1047
1048 1115
1048 1116
1049 1003
1049 1050
1049 1117
1049 1123
1050 1004
1050 1049
1050 1051
1050 1118
1051 1005
1051 1006
1051 1050
1051 1052
1051 1119
1052 1000
1052 1006
1052 1046
1052 1051
1052 1119
1053 1054
1053 1059
1053 1133
1053 1134
1054 1053
1054 1055
1054 1133
1054 1134
1055 1054
1055 1056
1055 1061
1055 1134
1055 1135
1056 1055
1056 1057
1056 1062
1056 1136
1057 1056
1057 1058
1057 1063
1057 1137
1057 1138
1058 1057
1058 1064
1058 1137
1058 1138
1059 1007
1059 1053
1059 1060
1059 1065
1060 1007
1060 1008
1060 1009
1060 1059
1060 1061
1061 1009
1061 1055
1061 1060
1061 1062
1062 1010
1062 1056
1062 1061
1062 1063
1063 1011
1063 1057
1063 1062
1063 1064
1064 1012
1064 1058
1064 1063
1064 1070
1064 1144
1064 1150
1065 1007
1065 1059
1065 1066
1065 1071
1065 1145
1066 1065
1066 1067
1066 1071
1066 1072
1066 1146
1067 1066
1067 1068
1067 1073
1067 1147
1068 1010
1068 1067
1068 1073
1068 1074
1068 1148
1069 1070
1069 1075
1069 1076
1069 1149
1070 1012
1070 1064
1070 1069
1070 1076
1070 1150
1071 1013
1071 1019
1071 1065
1071 1066
1071 1072
1072 1014
1072 1020
1072 1066
1072 1071
1072 1073
1073 1015
1073 1021
1073 1067
1073 1068
1073 1072
1074 1016
1074 1022
1074 1068
1074 1075
1075 1017
1075 1023
1075 1069
1075 1074
1075 1076
1076 1018
1076 1024
1076 1069
1076 1070
1076 1075
1077 1078
1077 1081
1077 1082
1077 1085
1077 1152
1078 1025
1078 1027
1078 1077
1078 1082
1079 1025
1079 1026
1079 1028
1079 1080
1079 1083
1080 1079
1080 1083
1080 1084
1080 1088
1081 1077
1081 1082
1081 1152
1081 1158
1082 1025
1082 1077
1082 1078
1082 1081
1083 1026
1083 1079
1083 1080
1083 1084
1084 1080
1084 1083
1084 1155
1084 1159
1085 1077
1085 1086
1085 1089
1085 1162
1086 1027
1086 1085
1086 1089
1086 1090
1087 1028
1087 1088
1087 1091
1087 1092
1088 1080
1088 1087
1088 1092
1088 1163
1089 1085
1089 1086
1089 1090
1089 1162
1089 1165
1089 1166
1090 1086
1090 1089
1090 1091
1090 1166
1091 1087
1091 1090
1091 1092
1091 1167
1092 1087
1092 1088
1092 1091
1092 1163
1092 1167
1092 1168
1093 1094
1093 1166
1093 1170
1093 1174
1094 1093
1094 1167
1094 1171
1094 1175
1095 1096
1095 1101
1095 1173
1095 1174
1095 1178
1096 1095
1096 1097
1096 1101
1096 1174
1097 1096
1097 1098
1097 1102
1097 1175
1098 1097
1098 1102
1098 1175
1098 1176
1098 1179
1099 1029
1099 1100
1099 1105
1099 1177
1099 1181
1100 1029
1100 1030
1100 1099
1100 1105
1101 1031
1101 1095
1101 1096
1101 1102
1102 1032
1102 1097
1102 1098
1102 1101
1103 1033
1103 1034
1103 1104
1103 1106
1103 1179
1104 1034
1104 1103
1104 1106
1104 1180
1105 1029
1105 1035
1105 1099
1105 1100
1105 1107
1105 1181
1106 1034
1106 1103
1106 1104
1106 1108
1106 1182
1107 1039
1107 1105
1107 1109
1107 1183
1108 1040
1108 1106
1108 1110
1108 1184
1109 1041
1109 1107
1109 1111
1109 1185
1110 1042
1110 1108
1110 1112
1110 1186
1111 1043
1111 1109
1111 1113
1111 1187
1112 1044
1112 1110
1112 1114
1112 1188
1113 1045
1113 1111
1113 1115
1113 1189
1114 1046
1114 1112
1114 1120
1114 1190
1115 1047
1115 1048
1115 1113
1115 1116
1115 1191
1115 1192
1116 1048
1116 1115
1116 1122
1116 1191
1116 1192
1117 1049
1117 1118
1117 1123
1117 1124
1118 1050
1118 1117
1118 1123
1118 1124
1119 1051
1119 1052
1119 1120
1119 1125
1120 1114
1120 1119
1120 1193
1120 1194
1121 1122
1121 1127
1121 1128
1121 1195
1121 1198
1122 1116
1122 1121
1122 1127
1122 1128
1122 1195
1123 1049
1123 1117
1123 1118
1123 1124
1123 1129
1124 1117
1124 1118
1124 1123
1124 1125
1124 1130
1125 1119
1125 1124
1125 1126
1125 1131
1126 1125
1126 1131
1126 1132
1126 1199
1127 1121
1127 1122
1127 1128
1127 1133
1127 1198
1128 1121
1128 1122
1128 1127
1128 1129
1128 1134
1129 1123
1129 1128
1129 1130
1129 1135
1130 1124
1130 1129
1130 1131
1130 1136
1131 1125
1131 1126
1131 1130
1131 1132
1131 1137
1132 1126
1132 1131
1132 1137
1132 1138
1132 1199
1133 1053
1133 1054
1133 1127
1133 1200
1134 1053
1134 1054
1134 1055
1134 1128
1134 1135
1135 1055
1135 1129
1135 1134
1135 1136
1136 1056
1136 1130
1136 1135
1136 1137
1137 1057
1137 1058
1137 1131
1137 1132
1137 1136
1137 1138
1138 1057
1138 1058
1138 1132
1138 1137
1139 1140
1139 1145
1139 1146
1139 1206
1140 1139
1140 1141
1140 1145
1140 1146
1140 1207
1141 1140
1141 1142
1141 1147
1141 1208
1142 1141
1142 1143
1142 1148
1142 1209
1143 1142
1143 1144
1143 1149
1143 1210
1144 1064
1144 1143
1144 1150
1144 1211
1145 1065
1145 1139
1145 1140
1145 1146
1146 1066
1146 1139
1146 1140
1146 1145
1146 1147
1147 1067
1147 1141
1147 1146
1147 1148
1148 1068
1148 1142
1148 1147
1148 1149
1149 1069
1149 1143
1149 1148
1149 1150
1150 1064
1150 1070
1150 1144
1150 1149
1151 1152
1151 1157
1151 1158
1151 1212
1151 1213
1152 1077
1152 1081
1152 1151
1152 1153
1152 1157
1152 1158
1153 1152
1153 1154
1153 1214
1153 1215
1154 1153
1154 1155
1154 1214
1154 1215
1155 1084
1155 1154
1155 1156
1155 1159
1155 1160
1156 1155
1156 1159
1156 1160
1156 1217
1156 1221
1157 1151
1157 1152
1157 1158
1157 1161
1157 1212
1157 1218
1158 1081
1158 1151
1158 1152
1158 1157
1159 1084
1159 1155
1159 1156
1159 1160
1160 1155
1160 1156
1160 1159
1160 1164
1160 1216
1160 1217
1160 1221
1161 1157
1161 1162
1161 1222
1161 1223
1162 1085
1162 1089
1162 1161
1162 1165
1163 1088
1163 1092
1163 1164
1163 1168
1164 1160
1164 1163
1164 1216
1164 1225
1165 1089
1165 1162
1165 1166
1165 1169
1166 1089
1166 1090
1166 1093
1166 1165
1166 1169
1166 1170
1167 1091
1167 1092
1167 1094
1167 1168
1167 1171
1167 1172
1168 1092
1168 1163
1168 1167
1168 1172
1168 1227
1169 1165
1169 1166
1169 1170
1169 1228
1170 1093
1170 1166
1170 1169
1170 1174
1171 1094
1171 1167
1171 1172
1171 1175
1172 1167
1172 1168
1172 1171
1172 1229
1173 1095
1173 1174
1173 1178
1173 1230
1174 1093
1174 1095
1174 1096
1174 1170
1174 1173
1175 1094
1175 1097
1175 1098
1175 1171
1175 1176
1176 1098
1176 1175
1176 1179
1176 1231
1177 1099
1177 1178
1177 1181
1177 1232
1178 1095
1178 1173
1178 1177
1178 1181
1179 1098
1179 1103
1179 1176
1179 1180
1179 1182
1180 1104
1180 1179
1180 1182
1180 1235
1180 1239
1181 1099
1181 1105
1181 1177
1181 1178
1181 1183
1181 1236
1182 1106
1182 1179
1182 1180
1182 1184
1182 1235
1182 1239
1183 1107
1183 1181
1183 1185
1183 1240
1184 1108
1184 1182
1184 1186
1184 1243
1185 1109
1185 1183
1185 1187
1185 1244
1186 1110
1186 1184
1186 1188
1186 1247
1187 1111
1187 1185
1187 1189
1187 1248
1188 1112
1188 1186
1188 1190
1188 1251
1189 1113
1189 1187
1189 1191
1189 1252
1190 1114
1190 1188
1190 1194
1190 1255
1191 1115
1191 1116
1191 1189
1191 1192
1191 1195
1191 1256
1192 1115
1192 1116
1192 1191
1192 1195
1192 1257
1193 1120
1193 1194
1193 1196
1193 1258
1193 1259
1194 1120
1194 1190
1194 1193
1194 1258
1194 1259
1195 1121
1195 1122
1195 1191
1195 1192
1196 1193
1196 1197
1196 1199
1196 1261
1196 1262
1197 1196
1197 1199
1197 1262
1197 1268
1198 1121
1198 1127
1198 1200
1198 1263
1199 1126
1199 1132
1199 1196
1199 1197
1199 1268
1200 1133
1200 1198
1200 1201
1200 1206
1200 1207
1200 1269
1201 1200
1201 1202
1201 1206
1201 1207
1201 1269
1201 1270
1202 1201
1202 1203
1202 1207
1202 1208
1202 1271
1203 1202
1203 1204
1203 1209
1203 1272
1204 1203
1204 1205
1204 1210
1204 1211
1204 1273
1204 1274
1205 1204
1205 1211
1205 1273
1205 1274
1206 1139
1206 1200
1206 1201
1206 1207
1207 1140
1207 1200
1207 1201
1207 1202
1207 1206
1207 1208
1208 1141
1208 1202
1208 1207
1208 1209
1209 1142
1209 1203
1209 1208
1209 1210
1210 1143
1210 1204
1210 1209
1210 1211
1211 1144
1211 1204
1211 1205
1211 1210
1212 1151
1212 1157
1212 1213
1212 1218
1212 1219
1213 1151
1213 1212
1213 1214
1213 1218
1213 1219
1213 1275
1214 1153
1214 1154
1214 1213
1214 1215
1214 1276
1215 1153
1215 1154
1215 1214
1215 1277
1216 1160
1216 1164
1216 1220
1216 1221
1216 1225
1216 1278
1217 1156
1217 1160
1217 1220
1217 1221
1218 1157
1218 1212
1218 1213
1218 1219
1218 1222
1219 1212
1219 1213
1219 1218
1219 1275
1219 1279
1220 1216
1220 1217
1220 1221
1220 1278
1220 1282
1221 1156
1221 1160
1221 1216
1221 1217
1221 1220
1221 1225
1222 1161
1222 1218
1222 1223
1222 1275
1223 1161
1223 1222
1223 1226
1223 1275
1223 1283
1224 1225
1224 1227
1224 1278
1224 1286
1225 1164
1225 1216
1225 1221
1225 1224
1226 1223
1226 1228
1226 1287
1226 1291
1227 1168
1227 1224
1227 1229
1227 1290
1228 1169
1228 1226
1228 1230
1228 1291
1229 1172
1229 1227
1229 1231
1229 1294
1230 1173
1230 1228
1230 1233
1230 1295
1231 1176
1231 1229
1231 1234
1231 1298
1232 1177
1232 1233
1232 1236
1232 1237
1233 1230
1233 1232
1233 1236
1233 1237
1233 1299
1234 1231
1234 1235
1234 1238
1234 1239
1234 1302
1235 1180
1235 1182
1235 1234
1235 1238
1235 1239
1236 1181
1236 1232
1236 1233
1236 1237
1237 1232
1237 1233
1237 1236
1237 1241
1237 1303
1238 1234
1238 1235
1238 1239
1238 1302
1238 1304
1239 1180
1239 1182
1239 1234
1239 1235
1239 1238
1239 1243
1240 1183
1240 1241
1240 1244
1240 1305
1241 1237
1241 1240
1241 1303
1241 1305
1242 1243
1242 1246
1242 1306
1242 1308
1243 1184
1243 1239
1243 1242
1243 1247
1244 1185
1244 1240
1244 1245
1244 1248
1244 1307
1245 1244
1245 1248
1245 1249
1245 1307
1246 1242
1246 1247
1246 1250
1246 1308
1246 1310
1247 1186
1247 1243
1247 1246
1247 1251
1248 1187
1248 1244
1248 1245
1248 1249
1248 1252
1248 1253
1249 1245
1249 1248
1249 1253
1249 1309
1249 1311
1250 1246
1250 1251
1250 1254
1250 1308
1250 1310
1251 1188
1251 1247
1251 1250
1251 1255
1252 1189
1252 1248
1252 1253
1252 1256
1253 1248
1253 1249
1253 1252
1253 1309
1253 1311
1254 1250
1254 1255
1254 1310
1254 1312
1255 1190
1255 1251
1255 1254
1255 1259
1256 1191
1256 1252
1256 1257
1256 1260
1256 1313
1257 1192
1257 1256
1257 1260
1257 1313
1258 1193
1258 1194
1258 1259
1258 1261
1258 1314
1259 1193
1259 1194
1259 1255
1259 1258
1260 1256
1260 1257
1260 1263
1260 1315
1261 1196
1261 1258
1261 1262
1261 1320
1262 1196
1262 1197
1262 1261
1262 1268
1262 1320
1263 1198
1263 1260
1263 1264
1263 1269
1263 1315
1263 1321
1263 1322
1264 1263
1264 1265
1264 1270
1264 1321
1264 1322
1265 1264
1265 1266
1265 1271
1265 1323
1266 1265
1266 1271
1266 1272
1266 1324
1267 1268
1267 1273
1267 1325
1267 1326
1268 1197
1268 1199
1268 1262
1268 1267
1268 1274
1268 1320
1268 1326
1269 1200
1269 1201
1269 1263
1269 1270
1270 1201
1270 1264
1270 1269
1270 1271
1271 1202
1271 1265
1271 1266
1271 1270
1271 1272
1272 1203
1272 1266
1272 1271
1272 1273
1273 1204
1273 1205
1273 1267
1273 1272
1273 1274
1274 1204
1274 1205
1274 1268
1274 1273
1275 1213
1275 1219
1275 1222
1275 1223
1275 1279
1275 1283
1276 1214
1276 1277
1276 1280
1276 1327
1276 1328
1276 1329
1277 1215
1277 1276
1277 1278
1277 1281
1277 1328
1278 1216
1278 1220
1278 1224
1278 1277
1278 1282
1278 1286
1279 1219
1279 1275
1279 1280
1279 1283
1280 1276
1280 1279
1280 1327
1280 1329
1281 1277
1281 1282
1281 1328
1281 1330
1282 1220
1282 1278
1282 1281
1282 1286
1283 1223
1283 1275
1283 1279
1283 1284
1284 1283
1284 1287
1284 1288
1284 1327
1284 1329
1284 1331
1285 1286
1285 1289
1285 1330
1285 1332
1286 1224
1286 1278
1286 1282
1286 1285
1286 1290
1287 1226
1287 1284
1287 1288
1287 1291
1288 1284
1288 1287
1288 1289
1288 1291
1288 1292
1289 1285
1289 1288
1289 1290
1289 1293
1289 1294
1290 1227
1290 1286
1290 1289
1290 1294
1291 1226
1291 1228
1291 1287
1291 1288
1291 1292
1292 1288
1292 1291
1292 1293
1292 1295
1292 1296
1293 1289
1293 1292
1293 1294
1293 1297
1293 1298
1294 1229
1294 1289
1294 1290
1294 1293
1295 1230
1295 1292
1295 1296
1295 1300
1296 1292
1296 1295
1296 1297
1296 1300
1297 1293
1297 1296
1297 1298
1297 1301
1298 1231
1298 1293
1298 1297
1298 1301
1299 1233
1299 1303
1299 1333
1299 1337
1300 1295
1300 1296
1300 1333
1300 1334
1301 1297
1301 1298
1301 1335
1301 1336
1302 1234
1302 1238
1302 1304
1302 1336
1302 1340
1303 1237
1303 1241
1303 1299
1303 1305
1303 1333
1303 1337
1304 1238
1304 1302
1304 1306
1304 1336
1304 1340
1305 1240
1305 1241
1305 1303
1305 1341
1306 1242
1306 1304
1306 1308
1306 1344
1307 1244
1307 1245
1307 1309
1307 1345
1308 1242
1308 1246
1308 1250
1308 1306
1308 1310
1308 1348
1309 1249
1309 1253
1309 1307
1309 1311
1309 1349
1310 1246
1310 1250
1310 1254
1310 1308
1310 1312
1310 1352
1311 1249
1311 1253
1311 1309
1311 1353
1312 1254
1312 1310
1312 1314
1312 1356
1313 1256
1313 1257
1313 1357
1313 1361
1314 1258
1314 1312
1314 1319
1314 1360
1314 1364
1315 1260
1315 1263
1315 1316
1315 1321
1315 1322
1316 1315
1316 1317
1316 1321
1316 1322
1316 1361
1317 1316
1317 1318
1317 1323
1317 1362
1318 1317
1318 1324
1318 1359
1318 1363
1319 1314
1319 1320
1319 1325
1319 1326
1319 1360
1319 1364
1320 1261
1320 1262
1320 1268
1320 1319
1320 1325
1320 1326
1321 1263
1321 1264
1321 1315
1321 1316
1321 1322
1322 1263
1322 1264
1322 1315
1322 1316
1322 1321
1322 1323
1323 1265
1323 1317
1323 1322
1323 1324
1324 1266
1324 1318
1324 1323
1324 1325
1325 1267
1325 1319
1325 1320
1325 1324
1325 1326
1326 1267
1326 1268
1326 1319
1326 1320
1326 1325
1327 1276
1327 1280
1327 1284
1327 1329
1327 1330
1327 1331
1327 1332
1328 1276
1328 1277
1328 1281
1328 1330
1329 1276
1329 1280
1329 1284
1329 1327
1329 1330
1329 1331
1330 1281
1330 1285
1330 1327
1330 1328
1330 1329
1330 1331
1330 1332
1331 1284
1331 1327
1331 1329
1331 1330
1331 1332
1332 1285
1332 1327
1332 1330
1332 1331
1333 1299
1333 1300
1333 1303
1333 1334
1333 1337
1333 1338
1334 1300
1334 1333
1334 1335
1334 1338
1335 1301
1335 1334
1335 1336
1335 1339
1336 1301
1336 1302
1336 1304
1336 1335
1336 1339
1336 1340
1337 1299
1337 1303
1337 1333
1337 1338
1338 1333
1338 1334
1338 1337
1338 1339
1338 1342
1339 1335
1339 1336
1339 1338
1339 1340
1339 1343
1340 1302
1340 1304
1340 1336
1340 1339
1340 1344
1341 1305
1341 1342
1341 1345
1341 1346
1342 1338
1342 1341
1342 1343
1342 1346
1343 1339
1343 1342
1343 1344
1343 1347
1344 1306
1344 1340
1344 1343
1344 1348
1345 1307
1345 1341
1345 1346
1345 1349
1346 1341
1346 1342
1346 1345
1346 1347
1346 1350
1347 1343
1347 1346
1347 1348
1347 1351
1348 1308
1348 1344
1348 1347
1348 1352
1349 1309
1349 1345
1349 1350
1349 1353
1350 1346
1350 1349
1350 1351
1350 1354
1351 1347
1351 1350
1351 1352
1351 1355
1352 1310
1352 1348
1352 1351
1352 1356
1353 1311
1353 1349
1353 1354
1353 1357
1354 1350
1354 1353
1354 1355
1354 1358
1355 1351
1355 1354
1355 1356
1355 1359
1356 1312
1356 1352
1356 1355
1356 1360
1357 1313
1357 1353
1357 1358
1357 1361
1358 1354
1358 1357
1358 1359
1358 1361
1358 1362
1359 1318
1359 1355
1359 1358
1359 1360
1359 1362
1359 1363
1360 1314
1360 1319
1360 1356
1360 1359
1360 1364
1361 1313
1361 1316
1361 1357
1361 1358
1361 1362
1362 1317
1362 1358
1362 1359
1362 1361
1362 1363
1363 1318
1363 1359
1363 1362
1363 1364
1364 1314
1364 1319
1364 1360
1364 1363
