0 2
0 3
0 5
0 6
1 2
1 4
1 7
1 8
1 10
2 0
2 1
2 3
2 5
2 6
2 8
3 0
3 2
3 6
3 9
4 1
4 5
4 7
4 10
4 11
5 0
5 2
5 4
5 6
6 0
6 2
6 3
6 5
7 1
7 4
7 8
7 10
7 15
8 1
8 2
8 7
8 9
8 16
9 3
9 8
9 12
9 17
10 1
10 4
10 7
10 11
11 4
11 10
11 13
11 14
12 9
12 13
12 14
12 20
13 11
13 12
13 14
13 19
13 21
13 22
14 11
14 12
14 13
14 22
15 7
15 16
15 18
15 23
16 8
16 15
16 17
16 24
17 9
17 16
17 20
17 25
18 15
18 19
18 27
18 28
19 13
19 18
19 21
19 28
20 12
20 17
20 22
20 29
21 13
21 19
21 22
21 28
21 32
22 13
22 14
22 20
22 21
22 33
23 15
23 24
23 27
23 34
24 16
24 23
24 25
24 35
25 17
25 24
25 26
25 29
25 30
26 25
26 29
26 30
26 36
26 37
26 40
27 18
27 23
27 28
27 31
28 18
28 19
28 21
28 27
28 31
28 32
29 20
29 25
29 26
29 30
29 33
30 25
30 26
30 29
30 40
31 27
31 28
31 32
31 41
32 21
32 28
32 31
32 33
33 22
33 29
33 32
33 43
34 23
34 35
34 38
34 44
35 24
35 34
35 36
35 45
36 26
36 35
36 37
36 40
36 46
37 26
37 36
37 39
37 40
37 46
37 47
37 50
38 34
38 41
38 48
38 51
39 37
39 40
39 43
39 49
40 26
40 30
40 36
40 37
40 39
40 47
40 50
41 31
41 38
41 42
41 51
42 41
42 43
42 51
42 52
43 33
43 39
43 42
43 49
43 53
44 34
44 45
44 48
44 54
45 35
45 44
45 46
45 55
46 36
46 37
46 45
46 47
46 56
47 37
47 40
47 46
47 49
47 50
47 57
48 38
48 44
48 51
48 58
49 39
49 43
49 47
49 50
49 53
49 59
50 37
50 40
50 47
50 49
50 60
51 38
51 41
51 42
51 48
51 52
51 61
52 42
52 51
52 53
52 62
53 43
53 49
53 52
53 63
54 44
54 55
54 58
54 64
55 45
55 54
55 56
55 65
56 46
56 55
56 57
56 60
57 47
57 56
57 59
57 60
58 48
58 54
58 61
58 68
59 49
59 57
59 60
59 63
60 50
60 56
60 57
60 59
61 51
61 58
61 62
61 71
62 52
62 61
62 63
62 72
63 53
63 59
63 62
63 73
64 54
64 65
64 68
64 74
65 55
65 64
65 66
65 75
66 65
66 67
66 70
66 76
66 77
67 66
67 69
67 70
67 77
67 80
68 58
68 64
68 71
68 78
68 81
69 67
69 70
69 73
69 79
70 66
70 67
70 69
70 77
70 80
71 61
71 68
71 72
71 81
72 62
72 71
72 73
72 81
72 82
73 63
73 69
73 72
73 83
74 64
74 75
74 78
74 84
75 65
75 74
75 76
75 85
76 66
76 75
76 77
76 80
76 86
77 66
77 67
77 70
77 76
77 79
77 80
77 90
78 68
78 74
78 81
78 91
79 69
79 77
79 80
79 83
79 89
79 90
80 67
80 70
80 76
80 77
80 79
80 90
81 68
81 71
81 72
81 78
81 82
81 91
82 72
82 81
82 83
82 91
83 73
83 79
83 82
83 93
84 74
84 85
84 87
84 94
85 75
85 84
85 86
85 95
86 76
86 85
86 89
86 90
86 96
87 84
87 88
87 91
87 97
88 87
88 91
88 92
88 97
88 98
88 100
89 79
89 86
89 90
89 93
89 99
90 77
90 79
90 80
90 86
90 89
91 78
91 81
91 82
91 87
91 88
91 92
92 88
92 91
92 93
92 100
93 83
93 89
93 92
93 101
94 84
94 95
94 97
94 102
95 85
95 94
95 96
95 103
96 86
96 95
96 99
96 104
97 87
97 88
97 94
97 98
98 88
98 97
98 100
98 106
99 89
99 96
99 101
99 107
100 88
100 92
100 98
100 101
101 93
101 99
101 100
101 109
102 94
102 103
102 105
102 110
102 113
103 95
103 102
103 104
103 110
103 111
104 96
104 103
104 107
104 112
105 102
105 106
105 110
105 113
106 98
106 105
106 108
106 114
106 116
107 99
107 104
107 109
107 115
107 117
108 106
108 109
108 116
108 117
109 101
109 107
109 108
109 116
109 117
110 102
110 103
110 105
110 111
110 113
110 118
111 103
111 110
111 112
111 119
112 104
112 111
112 115
112 120
113 102
113 105
113 110
113 114
113 118
113 121
114 106
114 113
114 116
114 117
114 122
115 107
115 112
115 116
115 117
115 123
116 106
116 108
116 109
116 114
116 115
116 117
117 107
117 108
117 109
117 114
117 115
117 116
118 110
118 113
118 119
118 121
119 111
119 118
119 120
119 121
119 125
120 112
120 119
120 123
120 126
121 113
121 118
121 119
121 122
121 127
122 114
122 121
122 123
122 128
123 115
123 120
123 122
123 129
124 125
124 127
124 132
124 135
125 119
125 124
125 126
125 133
126 120
126 125
126 129
126 134
127 121
127 124
127 128
127 135
128 122
128 127
128 130
128 131
129 123
129 126
129 131
129 137
130 128
130 131
130 136
130 138
130 139
131 128
131 129
131 130
131 137
131 138
131 139
132 124
132 133
132 135
132 144
133 125
133 132
133 134
133 145
134 126
134 133
134 137
134 146
135 124
135 127
135 132
135 136
135 149
135 150
136 130
136 135
136 138
136 150
136 168
137 129
137 131
137 134
137 139
137 151
138 130
138 131
138 136
138 139
139 130
139 131
139 137
139 138
140 141
140 144
140 157
140 158
140 162
140 163
141 140
141 142
141 145
141 157
141 158
141 163
142 141
142 146
142 159
142 160
142 164
143 144
143 148
143 161
143 162
143 166
144 132
144 140
144 143
144 145
144 157
144 162
145 133
145 141
145 144
145 158
146 134
146 142
146 147
146 159
147 146
147 152
147 160
147 165
147 170
148 143
148 149
148 161
148 166
148 167
149 135
149 148
149 150
149 153
149 167
149 168
149 171
150 135
150 136
150 149
150 153
150 154
150 168
151 137
151 152
151 155
151 156
152 147
152 151
152 156
152 169
152 170
152 174
153 149
153 150
153 154
153 171
153 172
154 150
154 153
154 155
154 168
154 172
155 151
155 154
155 156
155 173
155 174
156 151
156 152
156 155
156 169
156 170
156 173
156 174
157 140
157 141
157 144
157 158
157 162
158 140
158 141
158 145
158 157
158 163
159 142
159 146
159 160
159 164
160 142
160 147
160 159
160 164
160 165
161 143
161 148
161 162
161 166
162 140
162 143
162 144
162 157
162 161
162 163
163 140
163 141
163 158
163 162
164 142
164 159
164 160
164 165
164 169
165 147
165 160
165 164
165 170
166 143
166 148
166 161
166 167
167 148
167 149
167 166
167 171
168 136
168 149
168 150
168 154
169 152
169 156
169 164
169 170
170 147
170 152
170 156
170 165
170 169
170 174
171 149
171 153
171 167
171 172
172 153
172 154
172 171
172 173
173 155
173 156
173 172
173 174
174 152
174 155
174 156
174 170
174 173
175 176
175 182
175 208
175 221
175 222
176 175
176 183
176 209
176 222
177 178
177 184
177 210
177 223
178 177
178 179
178 185
178 211
178 224
179 178
179 186
179 212
179 224
179 225
180 187
180 188
180 213
180 226
181 182
181 189
181 190
181 220
181 221
181 234
182 175
182 181
182 183
182 190
182 191
182 221
183 176
183 182
183 191
183 222
184 177
184 185
184 192
184 193
184 223
185 178
185 184
185 186
185 192
185 193
185 224
186 179
186 185
186 194
186 225
187 180
187 188
187 194
187 195
187 226
188 180
188 187
188 195
188 196
188 226
188 227
188 235
189 181
189 190
189 220
189 234
190 181
190 182
190 189
190 191
190 221
191 182
191 183
191 190
191 222
192 184
192 185
192 193
192 223
193 184
193 185
193 192
193 224
194 186
194 187
194 195
194 225
195 187
195 188
195 194
195 196
195 226
196 188
196 195
196 227
196 235
197 198
197 207
197 247
197 261
197 262
198 197
198 199
198 208
198 248
198 262
199 198
199 209
199 249
199 263
200 201
200 210
200 250
200 264
201 200
201 211
201 251
201 265
202 203
202 212
202 252
202 266
203 202
203 204
203 213
203 253
203 267
204 203
204 214
204 254
204 267
204 268
205 218
205 259
205 275
205 276
206 207
206 219
206 260
206 276
207 197
207 206
207 220
207 261
208 175
208 198
208 221
208 262
209 176
209 199
209 222
209 263
210 177
210 200
210 223
210 264
211 178
211 201
211 224
211 265
212 179
212 202
212 225
212 266
213 180
213 203
213 214
213 226
213 267
214 204
214 213
214 227
214 268
215 216
215 228
215 269
215 277
216 215
216 270
216 277
216 278
217 218
217 231
217 232
217 274
217 275
217 282
218 205
218 217
218 231
218 232
218 233
218 275
219 206
219 220
219 233
219 276
220 181
220 189
220 207
220 219
220 234
221 175
221 181
221 182
221 190
221 208
222 175
222 176
222 183
222 191
222 209
223 177
223 184
223 192
223 210
223 224
224 178
224 179
224 185
224 193
224 211
224 223
225 179
225 186
225 194
225 212
225 226
226 180
226 187
226 188
226 195
226 213
226 225
227 188
227 196
227 214
227 228
227 235
228 215
228 227
228 236
228 277
229 230
229 236
229 237
229 238
229 278
230 229
230 237
230 238
230 278
230 279
230 283
231 217
231 218
231 232
231 274
231 282
232 217
232 218
232 231
232 233
232 275
233 218
233 219
233 232
233 234
234 181
234 189
234 220
234 233
235 188
235 196
235 227
235 236
236 228
236 229
236 235
236 237
237 229
237 230
237 236
237 238
238 229
238 230
238 237
238 279
238 283
239 240
239 248
239 294
239 308
239 309
240 239
240 249
240 295
240 309
241 242
241 250
241 296
241 310
242 241
242 251
242 297
242 311
243 244
243 252
243 298
243 312
244 243
244 253
244 299
244 312
244 313
245 246
245 259
245 305
245 322
245 323
246 245
246 260
246 306
246 323
246 324
247 197
247 261
247 307
247 324
248 198
248 239
248 262
248 308
249 199
249 240
249 263
249 309
250 200
250 241
250 264
250 310
251 201
251 242
251 265
251 311
252 202
252 243
252 266
252 312
253 203
253 244
253 267
253 313
254 204
254 268
254 314
254 325
255 269
255 315
255 325
255 326
256 270
256 316
256 326
256 327
257 258
257 273
257 320
257 334
257 335
258 257
258 274
258 321
258 335
259 205
259 245
259 275
259 322
260 206
260 246
260 276
260 323
261 197
261 207
261 247
261 324
262 197
262 198
262 208
262 248
262 263
263 199
263 209
263 249
263 262
264 200
264 210
264 250
264 265
265 201
265 211
265 251
265 264
266 202
266 212
266 252
266 267
267 203
267 204
267 213
267 253
267 266
268 204
268 214
268 254
268 269
268 325
269 215
269 255
269 268
269 277
269 326
270 216
270 256
270 278
270 327
271 272
271 279
271 328
271 336
272 271
272 280
272 329
272 336
273 257
273 281
273 334
273 335
273 342
274 217
274 231
274 258
274 282
275 205
275 217
275 218
275 232
275 259
276 205
276 206
276 219
276 260
277 215
277 216
277 228
277 269
278 216
278 229
278 230
278 270
279 230
279 238
279 271
279 280
279 283
279 284
280 272
280 279
280 284
280 336
280 337
280 343
281 273
281 282
281 334
281 342
282 217
282 231
282 274
282 281
283 230
283 238
283 279
283 284
284 279
284 280
284 283
284 343
285 286
285 294
285 349
285 362
286 285
286 287
286 295
286 350
286 363
287 286
287 288
287 296
287 351
287 364
288 287
288 297
288 352
288 365
289 290
289 298
289 353
289 366
290 289
290 299
290 354
290 367
291 292
291 305
291 359
291 376
291 377
292 291
292 306
292 360
292 377
292 378
293 294
293 307
293 361
293 378
294 239
294 285
294 293
294 295
294 308
294 362
295 240
295 286
295 294
295 309
296 241
296 287
296 297
296 310
296 364
297 242
297 288
297 296
297 311
297 365
298 243
298 289
298 299
298 312
298 366
299 244
299 290
299 298
299 300
299 313
300 299
300 314
300 368
300 379
301 302
301 315
301 369
301 379
301 380
302 301
302 316
302 370
302 380
302 381
303 304
303 320
303 374
303 387
303 388
304 303
304 321
304 388
304 389
305 245
305 291
305 322
305 376
305 389
306 246
306 292
306 323
306 377
307 247
307 293
307 324
307 378
308 239
308 248
308 294
308 309
309 239
309 240
309 249
309 295
309 308
310 241
310 250
310 296
310 311
311 242
311 251
311 297
311 310
312 243
312 244
312 252
312 298
313 244
313 253
313 299
313 314
314 254
314 300
314 313
314 325
314 379
315 255
315 301
315 326
315 380
316 256
316 302
316 327
316 381
317 318
317 328
317 382
317 390
318 317
318 329
318 383
318 390
318 391
319 320
319 333
319 386
319 396
319 397
320 257
320 303
320 319
320 397
321 258
321 304
321 335
321 388
322 245
322 259
322 305
322 389
323 245
323 246
323 260
323 306
323 324
324 246
324 247
324 261
324 307
324 323
325 254
325 255
325 268
325 314
325 326
326 255
326 256
326 269
326 315
326 325
327 256
327 270
327 316
327 328
328 271
328 317
328 327
328 336
328 390
329 272
329 318
329 337
329 345
330 331
330 339
330 345
330 392
330 398
331 330
331 339
331 392
331 393
331 398
332 333
332 340
332 341
332 395
332 396
333 319
333 332
333 340
333 341
333 396
334 257
334 273
334 281
334 342
335 257
335 258
335 273
335 321
336 271
336 272
336 280
336 328
337 280
337 329
337 338
337 343
337 344
337 345
338 337
338 339
338 344
338 345
338 398
339 330
339 331
339 338
339 344
339 398
340 332
340 333
340 341
340 402
341 332
341 333
341 340
341 342
342 273
342 281
342 334
342 341
343 280
343 284
343 337
343 344
344 337
344 338
344 339
344 343
345 329
345 330
345 337
345 338
346 347
346 359
346 360
346 406
346 407
346 422
346 423
347 346
347 348
347 360
347 407
347 423
348 347
348 349
348 361
348 408
349 285
349 348
349 362
349 409
350 286
350 351
350 363
350 410
351 287
351 350
351 352
351 364
352 288
352 351
352 353
352 365
353 289
353 352
353 366
353 413
354 290
354 355
354 367
354 414
355 354
355 356
355 368
355 415
356 355
356 357
356 369
356 416
356 432
357 356
357 370
357 416
357 417
357 432
357 433
358 375
358 421
358 440
358 441
359 291
359 346
359 376
359 422
359 441
360 292
360 346
360 347
360 361
360 377
361 293
361 348
361 360
361 378
361 424
362 285
362 294
362 349
362 363
362 425
363 286
363 350
363 362
363 426
364 287
364 296
364 351
364 365
365 288
365 297
365 352
365 364
366 289
366 298
366 353
366 367
367 290
367 354
367 366
367 430
368 300
368 355
368 369
368 379
369 301
369 356
369 368
369 379
369 380
370 302
370 357
370 381
370 433
370 442
371 372
371 382
371 434
371 442
371 443
372 371
372 434
372 435
372 443
372 444
373 374
373 386
373 438
373 449
373 450
374 303
374 373
374 387
374 450
375 358
375 376
375 388
375 440
376 291
376 305
376 359
376 375
376 389
376 441
377 291
377 292
377 306
377 360
377 378
378 292
378 293
378 307
378 361
378 377
379 300
379 301
379 314
379 368
379 369
379 380
380 301
380 302
380 315
380 369
380 379
381 302
381 316
381 370
381 442
382 317
382 371
382 390
382 443
383 318
383 384
383 391
383 451
384 383
384 392
384 445
384 451
385 386
385 395
385 448
385 456
386 319
386 373
386 385
386 396
386 397
387 303
387 374
387 397
387 450
388 303
388 304
388 321
388 375
388 389
389 304
389 305
389 322
389 376
389 388
390 317
390 318
390 328
390 382
390 391
391 318
391 383
391 390
391 451
392 330
392 331
392 384
392 393
392 398
393 331
393 392
393 398
393 399
394 395
394 401
394 402
394 455
394 456
394 460
395 332
395 385
395 394
395 401
395 402
396 319
396 332
396 333
396 386
396 397
397 319
397 320
397 386
397 387
397 396
398 330
398 331
398 338
398 339
398 392
398 393
399 393
399 400
399 403
399 404
399 461
400 399
400 403
400 404
400 457
400 458
400 461
401 394
401 395
401 402
401 455
401 460
402 340
402 394
402 395
402 401
403 399
403 400
403 404
403 461
404 399
404 400
404 403
404 458
404 461
405 406
405 421
405 464
405 482
406 346
406 405
406 407
406 422
406 465
407 346
407 347
407 406
407 408
407 423
408 348
408 407
408 409
408 424
408 467
409 349
409 408
409 410
409 425
409 468
410 350
410 409
410 411
410 426
410 469
411 410
411 412
411 427
411 470
412 411
412 413
412 428
412 471
413 353
413 412
413 414
413 429
413 472
414 354
414 413
414 430
414 473
415 355
415 416
415 431
415 474
416 356
416 357
416 415
416 417
416 432
417 357
417 416
417 418
417 433
417 476
418 417
418 434
418 477
418 495
419 420
419 439
419 480
419 481
419 501
419 502
420 419
420 421
420 439
420 481
420 502
421 358
421 405
421 420
421 440
422 346
422 359
422 406
422 423
422 441
422 483
423 346
423 347
423 407
423 422
423 424
423 484
424 361
424 408
424 423
424 425
424 485
425 362
425 409
425 424
425 426
425 486
426 363
426 410
426 425
426 427
426 487
427 411
427 426
427 428
427 488
428 412
428 427
428 429
428 489
429 413
429 428
429 430
429 490
430 367
430 414
430 429
430 431
430 491
431 415
431 430
431 432
431 492
432 356
432 357
432 416
432 431
432 433
432 493
433 357
433 370
433 417
433 432
433 494
434 371
434 372
434 418
434 443
434 495
435 372
435 436
435 444
435 496
436 435
436 445
436 497
436 503
437 438
437 448
437 500
437 510
438 373
438 437
438 449
438 510
439 419
439 420
439 450
439 502
440 358
440 375
440 421
440 441
441 358
441 359
441 376
441 422
441 440
442 370
442 371
442 381
442 443
443 371
443 372
443 382
443 434
443 442
444 372
444 435
444 451
444 503
445 384
445 436
445 446
445 452
446 445
446 452
446 453
446 511
447 448
447 455
447 456
447 508
448 385
448 437
448 447
448 456
449 373
449 438
449 450
449 510
450 373
450 374
450 387
450 439
450 449
451 383
451 384
451 391
451 444
451 452
452 445
452 446
452 451
452 453
452 511
453 446
453 452
453 454
453 457
453 512
454 453
454 458
454 513
454 517
455 394
455 401
455 447
455 456
455 460
455 516
455 520
456 385
456 394
456 447
456 448
456 455
456 460
457 400
457 453
457 458
457 461
458 400
458 404
458 454
458 457
458 459
458 462
459 458
459 462
459 517
459 518
459 521
460 394
460 401
460 455
460 456
461 399
461 400
461 403
461 404
461 457
462 458
462 459
462 518
462 521
463 464
463 481
463 523
463 542
464 405
464 463
464 465
464 482
464 524
465 406
465 464
465 466
465 483
465 525
466 465
466 467
466 484
466 526
467 408
467 466
467 485
467 527
468 409
468 469
468 486
468 528
469 410
469 468
469 470
469 487
469 529
470 411
470 469
470 471
470 488
470 530
471 412
471 470
471 489
471 531
472 413
472 473
472 490
472 532
473 414
473 472
473 474
473 491
473 533
474 415
474 473
474 475
474 492
474 534
475 474
475 476
475 493
475 535
476 417
476 475
476 477
476 494
476 536
477 418
477 476
477 478
477 495
477 537
478 477
478 496
478 538
478 557
479 480
479 500
479 501
479 540
479 562
479 563
480 419
480 479
480 501
480 541
481 419
481 420
481 463
481 482
481 502
482 405
482 464
482 481
482 483
482 543
483 422
483 465
483 482
483 484
483 544
484 423
484 466
484 483
484 545
485 424
485 467
485 486
485 546
486 425
486 468
486 485
486 547
487 426
487 469
487 488
487 548
488 427
488 470
488 487
488 489
488 549
489 428
489 471
489 488
489 490
489 550
490 429
490 472
490 489
490 551
491 430
491 473
491 492
491 552
492 431
492 474
492 491
492 493
493 432
493 475
493 492
493 494
493 554
494 433
494 476
494 493
494 495
494 555
495 418
495 434
495 477
495 494
495 556
496 435
496 478
496 497
496 503
497 436
497 496
497 498
497 503
497 504
497 558
498 497
498 505
498 559
498 564
499 500
499 508
499 509
499 561
499 571
500 437
500 479
500 499
500 501
500 509
501 419
501 479
501 480
501 500
501 510
502 419
502 420
502 439
502 481
503 436
503 444
503 496
503 497
503 504
504 497
504 503
504 511
504 564
505 498
505 506
505 511
505 512
506 505
506 512
506 513
506 566
506 572
507 508
507 515
507 516
507 569
507 578
507 582
508 447
508 499
508 507
508 509
508 516
509 499
509 500
509 508
509 510
509 571
510 437
510 438
510 449
510 501
510 509
511 446
511 452
511 504
511 505
511 512
512 453
512 505
512 506
512 511
512 572
513 454
513 506
513 514
513 517
514 513
514 517
514 518
514 579
515 507
515 516
515 519
515 520
515 582
515 583
516 455
516 507
516 508
516 515
516 519
516 520
517 454
517 459
517 513
517 514
517 518
517 579
517 585
518 459
518 462
518 514
518 517
518 521
518 584
518 585
519 515
519 516
519 520
519 583
520 455
520 515
520 516
520 519
521 459
521 462
521 518
521 584
521 585
522 523
522 541
522 542
522 587
523 463
523 522
523 524
523 542
523 588
524 464
524 523
524 525
524 543
524 589
525 465
525 524
525 526
525 544
525 590
526 466
526 525
526 527
526 545
527 467
527 526
527 528
527 546
527 592
528 468
528 527
528 529
528 547
529 469
529 528
529 548
529 594
530 470
530 531
530 549
530 595
531 471
531 530
531 532
531 550
531 596
532 472
532 531
532 533
532 551
532 597
533 473
533 532
533 534
533 552
534 474
534 533
534 535
534 553
534 599
535 475
535 534
535 536
535 554
535 600
536 476
536 535
536 537
536 555
537 477
537 536
537 538
537 556
537 602
538 478
538 537
538 539
538 557
538 603
539 538
539 557
539 558
539 604
540 479
540 541
540 562
540 563
541 480
541 522
541 540
541 563
542 463
542 522
542 523
542 543
542 609
543 482
543 524
543 542
543 544
544 483
544 525
544 543
544 611
545 484
545 526
545 546
545 612
546 485
546 527
546 545
546 547
546 613
547 486
547 528
547 546
547 548
547 614
548 487
548 529
548 547
548 615
549 488
549 530
549 550
549 616
550 489
550 531
550 549
550 617
551 490
551 532
551 552
551 618
552 491
552 533
552 551
552 553
552 619
553 534
553 552
553 554
553 620
554 493
554 535
554 553
554 555
555 494
555 536
555 554
555 556
555 622
556 495
556 537
556 555
556 557
556 623
557 478
557 538
557 539
557 556
557 558
557 624
558 497
558 539
558 557
558 559
558 564
559 498
559 558
559 564
559 565
560 561
560 569
560 570
560 628
560 636
561 499
561 560
561 570
561 571
562 479
562 540
562 563
562 571
563 479
563 540
563 541
563 562
564 498
564 504
564 558
564 559
564 565
565 559
565 564
565 566
565 572
566 506
566 565
566 567
566 572
566 573
567 566
567 573
567 574
567 633
567 637
568 569
568 576
568 577
568 634
568 641
569 507
569 560
569 568
569 578
570 560
570 561
570 571
570 578
571 499
571 509
571 561
571 562
571 570
572 506
572 512
572 565
572 566
572 573
573 566
573 567
573 572
573 579
574 567
574 575
574 579
574 638
575 574
575 580
575 581
575 639
575 642
576 568
576 577
576 583
576 641
577 568
577 576
577 582
577 583
578 507
578 569
578 570
578 582
579 514
579 517
579 573
579 574
579 580
579 585
580 575
580 579
580 581
580 584
581 575
581 580
581 584
581 642
581 645
582 507
582 515
582 577
582 578
583 515
583 519
583 576
583 577
584 518
584 521
584 580
584 581
585 517
585 518
585 521
585 579
586 587
586 607
586 608
586 646
587 522
587 586
587 588
587 608
587 647
588 523
588 587
588 589
588 609
588 648
589 524
589 588
589 590
589 610
590 525
590 589
590 591
590 611
590 650
591 590
591 592
591 612
591 651
592 527
592 591
592 593
592 613
592 652
593 592
593 594
593 614
593 653
594 529
594 593
594 595
594 615
594 654
595 530
595 594
595 596
595 616
596 531
596 595
596 597
596 617
596 656
597 532
597 596
597 598
597 618
598 597
598 599
598 619
598 658
599 534
599 598
599 600
599 620
599 659
600 535
600 599
600 601
600 621
600 660
601 600
601 602
601 622
601 661
602 537
602 601
602 603
602 623
602 662
603 538
603 602
603 604
603 624
603 663
604 539
604 603
604 605
604 625
604 664
605 604
605 625
605 626
605 665
606 607
606 629
606 630
606 666
606 691
607 586
607 606
607 630
607 667
608 586
608 587
608 609
608 668
609 542
609 588
609 608
609 610
610 589
610 609
610 611
610 670
611 544
611 590
611 610
611 612
612 545
612 591
612 611
612 672
613 546
613 592
613 614
613 673
614 547
614 593
614 613
614 615
615 548
615 594
615 614
615 616
615 675
616 549
616 595
616 615
616 617
616 676
617 550
617 596
617 616
617 677
618 551
618 597
618 619
618 678
619 552
619 598
619 618
619 620
620 553
620 599
620 619
620 621
620 680
621 600
621 620
621 622
621 681
622 555
622 601
622 621
622 682
623 556
623 602
623 624
623 683
624 557
624 603
624 623
624 625
625 604
625 605
625 624
625 685
626 605
626 627
626 631
626 686
627 626
627 631
627 632
627 687
627 692
628 560
628 629
628 635
628 636
628 698
629 606
629 628
629 630
629 636
630 606
630 607
630 629
630 691
631 626
631 627
631 632
631 692
632 627
632 631
632 633
632 637
633 567
633 632
633 637
633 638
633 699
634 568
634 635
634 640
634 641
634 705
635 628
635 634
635 636
635 641
635 708
636 560
636 628
636 629
636 635
636 708
637 567
637 632
637 633
637 699
638 574
638 633
638 639
638 642
638 711
639 575
639 638
639 642
639 643
640 634
640 641
640 644
640 705
640 709
641 568
641 576
641 634
641 635
641 640
641 644
641 705
642 575
642 581
642 638
642 639
642 643
642 711
643 639
643 642
643 645
643 706
643 710
643 711
644 640
644 641
644 704
644 709
645 581
645 643
645 706
645 710
645 711
646 586
646 647
646 667
646 713
647 587
647 646
647 648
647 668
648 588
648 647
648 649
648 669
648 715
649 648
649 650
649 670
649 716
650 590
650 649
650 651
650 671
650 717
651 591
651 650
651 672
651 718
652 592
652 653
652 673
652 719
653 593
653 652
653 654
653 674
653 720
654 594
654 653
654 655
654 675
654 721
655 654
655 656
655 676
655 722
656 596
656 655
656 657
656 677
656 723
657 656
657 658
657 678
657 724
658 598
658 657
658 659
658 679
658 725
659 599
659 658
659 660
659 680
659 726
660 600
660 659
660 661
660 681
660 727
661 601
661 660
661 662
661 682
662 602
662 661
662 663
662 683
662 729
663 603
663 662
663 684
663 730
664 604
664 665
664 685
664 731
665 605
665 664
665 686
665 732
666 606
666 667
666 690
666 691
666 735
667 607
667 646
667 666
667 668
667 691
667 736
668 608
668 647
668 667
668 669
669 648
669 668
669 670
669 738
670 610
670 649
670 669
670 671
670 739
671 650
671 670
671 672
671 740
672 612
672 651
672 671
672 673
672 741
673 613
673 652
673 672
673 674
673 742
674 653
674 673
674 675
674 743
675 615
675 654
675 674
675 676
675 744
676 616
676 655
676 675
676 677
676 745
677 617
677 656
677 676
677 678
677 746
678 618
678 657
678 677
678 679
678 747
679 658
679 678
679 680
679 748
680 620
680 659
680 679
680 681
680 749
681 621
681 660
681 680
681 750
682 622
682 661
682 683
682 751
683 623
683 662
683 682
683 684
684 663
684 683
684 685
684 753
685 625
685 664
685 684
685 686
686 626
686 665
686 685
686 692
687 627
687 692
687 693
687 756
688 689
688 696
688 697
688 758
688 766
689 688
689 690
689 697
689 698
690 666
690 689
690 691
690 698
691 606
691 630
691 666
691 667
691 690
692 627
692 631
692 686
692 687
692 693
693 687
693 692
693 694
693 699
693 761
694 693
694 695
694 699
694 700
695 694
695 700
695 701
695 763
695 767
696 688
696 703
696 704
696 705
697 688
697 689
697 698
697 705
697 708
698 628
698 689
698 690
698 697
698 708
699 633
699 637
699 693
699 694
699 700
700 694
700 695
700 699
700 701
701 695
701 700
701 702
701 768
702 701
702 706
702 707
702 769
702 772
702 773
703 696
703 704
703 705
703 709
703 771
704 644
704 696
704 703
704 705
704 709
705 634
705 640
705 641
705 696
705 697
705 703
705 704
706 643
706 645
706 702
706 707
706 710
707 702
707 706
707 710
707 772
708 635
708 636
708 697
708 698
709 640
709 644
709 703
709 704
710 643
710 645
710 706
710 707
711 638
711 642
711 643
711 645
712 713
712 735
712 736
712 776
713 646
713 712
713 714
713 736
713 777
714 713
714 715
714 737
714 778
715 648
715 714
715 716
715 738
715 779
716 649
716 715
716 717
716 739
716 780
717 650
717 716
717 718
717 740
717 781
718 651
718 717
718 719
718 741
718 782
719 652
719 718
719 720
719 742
720 653
720 719
720 721
720 743
720 784
721 654
721 720
721 744
721 785
722 655
722 723
722 745
722 786
723 656
723 722
723 724
723 746
724 657
724 723
724 725
724 747
724 788
725 658
725 724
725 726
725 748
725 789
726 659
726 725
726 727
726 749
727 660
727 726
727 728
727 750
727 791
728 727
728 729
728 751
728 792
729 662
729 728
729 730
729 752
729 793
730 663
730 729
730 731
730 753
730 794
731 664
731 730
731 732
731 754
731 795
732 665
732 731
732 733
732 755
733 732
733 755
733 756
733 797
734 735
734 759
734 760
734 798
734 824
735 666
735 712
735 734
735 760
736 667
736 712
736 713
736 737
736 800
737 714
737 736
737 738
737 801
738 669
738 715
738 737
738 739
738 802
739 670
739 716
739 738
739 803
740 671
740 717
740 741
740 804
741 672
741 718
741 740
741 742
741 805
742 673
742 719
742 741
742 743
742 806
743 674
743 720
743 742
743 807
744 675
744 721
744 745
744 808
745 676
745 722
745 744
745 746
745 809
746 677
746 723
746 745
746 747
746 810
747 678
747 724
747 746
747 748
748 679
748 725
748 747
748 749
748 812
749 680
749 726
749 748
749 813
750 681
750 727
750 751
750 814
751 682
751 728
751 750
751 752
751 815
752 729
752 751
752 753
752 816
753 684
753 730
753 752
753 754
754 731
754 753
754 755
754 818
755 732
755 733
755 754
755 756
756 687
756 733
756 755
756 757
756 761
757 756
757 761
757 762
757 821
757 825
758 688
758 759
758 765
758 766
758 822
758 830
759 734
759 758
759 760
759 766
760 734
760 735
760 759
760 824
761 693
761 756
761 757
761 762
762 757
762 761
762 763
762 767
763 695
763 762
763 767
763 768
764 765
764 770
764 771
764 828
764 835
765 758
765 764
765 766
765 771
766 688
766 758
766 759
766 765
766 901
767 695
767 762
767 763
767 768
768 701
768 763
768 767
768 769
768 772
769 702
769 768
769 772
769 773
769 836
770 764
770 771
770 774
770 834
770 838
771 703
771 764
771 765
771 770
771 774
772 702
772 707
772 768
772 769
772 773
772 775
772 902
773 702
773 769
773 772
773 775
773 839
773 902
774 770
774 771
774 834
774 838
775 772
775 773
775 837
775 839
776 712
776 777
776 799
776 800
776 840
777 713
777 776
777 800
777 841
778 714
778 779
778 801
778 842
779 715
779 778
779 780
779 802
779 843
780 716
780 779
780 781
780 803
780 844
781 717
781 780
781 782
781 804
781 845
782 718
782 781
782 783
782 805
782 846
783 782
783 784
783 806
783 847
784 720
784 783
784 807
784 848
785 721
785 786
785 808
785 849
786 722
786 785
786 787
786 809
786 850
787 786
787 788
787 810
787 851
788 724
788 787
788 811
788 852
789 725
789 790
789 812
789 853
790 789
790 791
790 813
790 854
791 727
791 790
791 792
791 814
791 855
792 728
792 791
792 793
792 815
792 856
793 729
793 792
793 816
793 857
794 730
794 795
794 817
794 858
795 731
795 794
795 796
795 818
795 859
796 795
796 797
796 819
796 860
797 733
797 796
797 819
797 820
797 861
798 734
798 799
798 823
798 824
798 862
799 776
799 798
799 800
799 824
800 736
800 776
800 777
800 799
801 737
801 778
801 802
801 865
802 738
802 779
802 801
802 803
802 866
803 739
803 780
803 802
803 867
804 740
804 781
804 805
804 868
805 741
805 782
805 804
805 806
805 869
806 742
806 783
806 805
806 807
807 743
807 784
807 806
807 808
807 871
808 744
808 785
808 807
808 872
809 745
809 786
809 810
809 873
810 746
810 787
810 809
810 811
810 874
811 788
811 810
811 812
811 875
812 748
812 789
812 811
812 813
812 876
813 749
813 790
813 812
813 814
813 877
814 750
814 791
814 813
814 815
814 878
815 751
815 792
815 814
815 816
816 752
816 793
816 815
816 817
816 880
817 794
817 816
817 818
817 881
818 754
818 795
818 817
818 819
818 882
819 796
819 797
819 818
819 820
820 797
820 819
820 821
820 825
820 884
821 757
821 820
821 825
821 826
821 885
821 889
822 758
822 823
822 829
822 830
822 886
823 798
823 822
823 824
823 830
824 734
824 760
824 798
824 799
824 823
825 757
825 820
825 821
825 826
825 889
826 821
826 825
826 827
826 831
827 826
827 831
827 832
827 895
828 764
828 829
828 834
828 835
828 892
828 899
829 822
829 828
829 830
829 835
829 901
830 758
830 822
830 823
830 829
830 901
831 826
831 827
831 832
831 895
831 1023
832 827
832 831
832 833
832 836
832 896
832 902
833 832
833 836
833 837
833 897
834 770
834 774
834 828
834 835
834 838
834 898
835 764
835 828
835 829
835 834
835 901
836 769
836 832
836 833
836 837
836 902
837 775
837 833
837 836
837 839
837 900
838 770
838 774
838 834
838 898
839 773
839 775
839 837
839 900
840 776
840 841
840 863
840 864
840 903
841 777
841 840
841 842
841 864
841 904
842 778
842 841
842 843
842 865
843 779
843 842
843 844
843 866
844 780
844 843
844 845
844 867
844 907
845 781
845 844
845 868
845 908
846 782
846 847
846 869
846 909
847 783
847 846
847 848
847 870
847 910
848 784
848 847
848 849
848 871
848 911
849 785
849 848
849 850
849 872
850 786
850 849
850 851
850 873
850 913
851 787
851 850
851 852
851 874
851 914
852 788
852 851
852 853
852 875
853 789
853 852
853 854
853 876
853 916
854 790
854 853
854 855
854 877
854 917
855 791
855 854
855 878
855 918
856 792
856 857
856 879
856 919
857 793
857 856
857 858
857 880
857 920
858 794
858 857
858 859
858 881
858 921
859 795
859 858
859 860
859 882
860 796
860 859
860 861
860 883
860 923
861 797
861 860
861 883
861 884
861 924
862 798
862 863
862 887
862 888
862 925
862 951
863 840
863 862
863 864
863 888
864 840
864 841
864 863
864 927
865 801
865 842
865 866
865 928
866 802
866 843
866 865
866 867
866 929
867 803
867 844
867 866
867 868
867 930
868 804
868 845
868 867
868 869
868 931
869 805
869 846
869 868
869 870
869 932
870 847
870 869
870 871
870 933
871 807
871 848
871 870
871 872
871 934
872 808
872 849
872 871
872 873
872 935
873 809
873 850
873 872
873 874
874 810
874 851
874 873
874 875
875 811
875 852
875 874
875 876
875 938
876 812
876 853
876 875
876 877
876 939
877 813
877 854
877 876
877 878
878 814
878 855
878 877
878 879
878 941
879 856
879 878
879 880
879 942
880 816
880 857
880 879
880 943
881 817
881 858
881 882
881 944
882 818
882 859
882 881
882 883
882 945
883 860
883 861
883 882
883 884
884 820
884 861
884 883
884 889
885 821
885 889
885 890
885 948
886 822
886 887
886 893
886 894
887 862
887 886
887 888
887 894
888 862
888 863
888 887
888 951
889 821
889 825
889 884
889 885
889 890
890 885
890 889
890 891
890 895
890 952
891 890
891 895
891 896
891 953
892 828
892 893
892 898
892 899
892 954
893 886
893 892
893 894
893 899
893 955
893 1021
894 886
894 887
894 893
894 956
895 827
895 831
895 890
895 891
895 896
895 1023
896 832
896 891
896 895
896 897
896 957
896 1023
897 833
897 896
897 900
897 958
898 834
898 838
898 892
898 899
898 959
898 961
899 828
899 892
899 893
899 898
899 1021
900 837
900 839
900 897
900 960
901 766
901 829
901 830
901 835
902 772
902 773
902 832
902 836
902 1023
903 840
903 904
903 926
903 963
904 841
904 903
904 905
904 927
904 964
905 904
905 906
905 928
905 965
906 905
906 907
906 929
906 966
907 844
907 906
907 908
907 930
908 845
908 907
908 909
908 931
908 968
909 846
909 908
909 910
909 932
909 969
910 847
910 909
910 911
910 933
911 848
911 910
911 912
911 934
911 971
912 911
912 913
912 935
912 972
913 850
913 912
913 914
913 936
913 973
914 851
914 913
914 915
914 937
914 974
914 997
915 914
915 938
915 974
915 975
916 853
916 917
916 939
916 976
917 854
917 916
917 918
917 940
918 855
918 917
918 919
918 941
918 978
919 856
919 918
919 920
919 942
919 979
920 857
920 919
920 921
920 943
921 858
921 920
921 922
921 944
921 981
922 921
922 923
922 945
922 982
923 860
923 922
923 924
923 946
923 983
924 861
924 923
924 947
924 984
925 862
925 926
925 950
925 951
925 985
926 903
926 925
926 927
926 951
926 985
926 986
927 864
927 904
927 926
927 928
928 865
928 905
928 927
928 929
928 988
929 866
929 906
929 928
929 930
929 989
930 867
930 907
930 929
930 931
930 990
931 868
931 908
931 930
931 932
932 869
932 909
932 931
932 933
932 992
933 870
933 910
933 932
933 934
933 993
934 871
934 911
934 933
934 994
935 872
935 912
935 936
935 995
936 913
936 935
936 937
936 996
936 997
937 914
937 936
937 938
937 974
937 997
938 875
938 915
938 937
938 998
939 876
939 916
939 940
939 999
940 917
940 939
940 941
940 1000
941 878
941 918
941 940
941 1001
942 879
942 919
942 943
942 1002
943 880
943 920
943 942
943 944
943 1003
944 881
944 921
944 943
944 945
944 1004
945 882
945 922
945 944
945 946
945 1005
946 923
946 945
946 947
946 1006
947 924
947 946
947 948
947 1007
948 885
948 947
948 952
948 1008
949 950
949 955
949 956
949 1009
950 925
950 949
950 951
950 956
950 1010
951 862
951 888
951 925
951 926
951 950
952 890
952 948
952 953
952 1011
953 891
953 952
953 957
953 1012
954 892
954 955
954 959
954 961
954 1013
955 893
955 949
955 954
955 956
955 1021
956 894
956 949
956 950
956 955
956 1015
957 896
957 953
957 958
957 1016
958 897
958 957
958 960
958 1017
959 898
959 954
959 961
959 1018
959 1021
960 900
960 958
960 962
960 1019
960 1020
961 898
961 954
961 959
961 1018
962 960
962 1019
962 1020
962 1022
963 903
963 964
963 985
963 986
963 987
964 904
964 963
964 965
964 987
964 1025
965 905
965 964
965 966
965 988
965 1026
966 906
966 965
966 967
966 989
966 1027
967 966
967 968
967 990
967 1028
968 908
968 967
968 991
968 1029
969 909
969 970
969 992
969 1030
970 969
970 971
970 993
970 1031
971 911
971 970
971 972
971 994
972 912
972 971
972 973
972 995
972 1033
973 913
973 972
973 996
973 1034
974 914
974 915
974 937
974 997
975 915
975 976
975 998
975 1036
976 916
976 975
976 977
976 999
977 976
977 978
977 1000
977 1038
978 918
978 977
978 979
978 1001
978 1039
979 919
979 978
979 980
979 1002
979 1040
980 979
980 981
980 1003
980 1041
981 921
981 980
981 982
981 1004
981 1042
982 922
982 981
982 1005
982 1043
983 923
983 984
983 1006
983 1044
984 924
984 983
984 1007
984 1045
985 925
985 926
985 963
985 986
986 926
986 963
986 985
986 987
987 963
987 964
987 986
987 988
988 928
988 965
988 987
988 989
989 929
989 966
989 988
989 990
990 930
990 967
990 989
990 991
991 968
991 990
991 992
991 1052
992 932
992 969
992 991
992 993
992 1053
993 933
993 970
993 992
993 994
993 1054
994 934
994 971
994 993
994 995
994 1055
995 935
995 972
995 994
995 996
995 1056
996 936
996 973
996 995
996 1057
997 914
997 936
997 937
997 974
998 938
998 975
998 999
998 1059
999 939
999 976
999 998
999 1000
999 1060
1000 940
1000 977
1000 999
1000 1001
1000 1061
1001 941
1001 978
1001 1000
1001 1002
1001 1062
1002 942
1002 979
1002 1001
1002 1003
1002 1063
1003 943
1003 980
1003 1002
1003 1004
1003 1064
1004 944
1004 981
1004 1003
1004 1065
1005 945
1005 982
1005 1006
1005 1066
1006 946
1006 983
1006 1005
1006 1007
1006 1067
1007 947
1007 984
1007 1006
1007 1008
1008 948
1008 1007
1008 1011
1008 1069
1009 949
1009 1010
1009 1014
1009 1015
1010 950
1010 1009
1010 1015
1010 1071
1011 952
1011 1008
1011 1012
1011 1073
1012 953
1012 1011
1012 1016
1012 1074
1013 954
1013 1014
1013 1018
1013 1075
1014 1009
1014 1013
1014 1015
1014 1076
1015 956
1015 1009
1015 1010
1015 1014
1016 957
1016 1012
1016 1017
1016 1078
1017 958
1017 1016
1017 1019
1017 1020
1017 1079
1018 959
1018 961
1018 1013
1018 1080
1018 1083
1018 1146
1019 960
1019 962
1019 1017
1019 1020
1019 1022
1019 1082
1019 1084
1020 960
1020 962
1020 1017
1020 1019
1020 1022
1021 893
1021 899
1021 955
1021 959
1022 962
1022 1019
1022 1020
1022 1084
1023 831
1023 895
1023 896
1023 902
1024 1025
1024 1047
1024 1048
1024 1085
1025 964
1025 1024
1025 1026
1025 1048
1025 1085
1025 1086
1026 965
1026 1025
1026 1027
1026 1049
1026 1087
1027 966
1027 1026
1027 1050
1027 1088
1028 967
1028 1029
1028 1051
1028 1089
1029 968
1029 1028
1029 1052
1029 1090
1030 969
1030 1031
1030 1053
1030 1091
1031 970
1031 1030
1031 1032
1031 1054
1031 1092
1032 1031
1032 1033
1032 1055
1032 1093
1033 972
1033 1032
1033 1056
1033 1094
1034 973
1034 1035
1034 1057
1034 1095
1035 1034
1035 1036
1035 1058
1035 1096
1036 975
1036 1035
1036 1037
1036 1059
1036 1097
1037 1036
1037 1038
1037 1060
1037 1098
1038 977
1038 1037
1038 1039
1038 1061
1038 1099
1039 978
1039 1038
1039 1062
1039 1100
1040 979
1040 1041
1040 1063
1040 1101
1041 980
1041 1040
1041 1064
1041 1102
1042 981
1042 1043
1042 1065
1042 1103
1043 982
1043 1042
1043 1044
1043 1066
1043 1104
1044 983
1044 1043
1044 1045
1044 1067
1044 1105
1045 984
1045 1044
1045 1068
1045 1106
1046 1047
1046 1071
1046 1072
1046 1107
1047 1024
1047 1046
1047 1048
1047 1072
1047 1108
1048 1024
1048 1025
1048 1047
1048 1049
1048 1109
1049 1026
1049 1048
1049 1050
1049 1110
1050 1027
1050 1049
1050 1051
1050 1111
1051 1028
1051 1050
1051 1052
1051 1112
1052 991
1052 1029
1052 1051
1052 1053
1052 1113
1053 992
1053 1030
1053 1052
1053 1054
1053 1114
1054 993
1054 1031
1054 1053
1054 1115
1055 994
1055 1032
1055 1056
1055 1116
1056 995
1056 1033
1056 1055
1056 1057
1056 1117
1057 996
1057 1034
1057 1056
1057 1058
1057 1118
1058 1035
1058 1057
1058 1059
1058 1119
1059 998
1059 1036
1059 1058
1059 1060
1059 1120
1060 999
1060 1037
1060 1059
1060 1061
1060 1121
1061 1000
1061 1038
1061 1060
1061 1062
1062 1001
1062 1039
1062 1061
1062 1063
1063 1002
1063 1040
1063 1062
1063 1064
1063 1124
1064 1003
1064 1041
1064 1063
1064 1065
1065 1004
1065 1042
1065 1064
1065 1066
1065 1126
1066 1005
1066 1043
1066 1065
1066 1067
1066 1127
1067 1006
1067 1044
1067 1066
1067 1068
1067 1128
1067 1129
1068 1045
1068 1067
1068 1069
1068 1129
1069 1008
1069 1068
1069 1073
1069 1130
1070 1071
1070 1076
1070 1077
1070 1131
1071 1010
1071 1046
1071 1070
1071 1072
1071 1077
1072 1046
1072 1047
1072 1071
1072 1107
1072 1133
1073 1011
1073 1069
1073 1074
1073 1135
1074 1012
1074 1073
1074 1078
1074 1136
1075 1013
1075 1076
1075 1080
1075 1081
1075 1137
1076 1014
1076 1070
1076 1075
1076 1077
1076 1081
1076 1146
1077 1070
1077 1071
1077 1076
1077 1139
1078 1016
1078 1074
1078 1079
1078 1141
1078 1147
1079 1017
1079 1078
1079 1082
1079 1142
1079 1147
1080 1018
1080 1075
1080 1081
1080 1083
1080 1143
1080 1146
1081 1075
1081 1076
1081 1080
1081 1137
1081 1143
1081 1144
1081 1146
1082 1019
1082 1079
1082 1084
1082 1145
1083 1018
1083 1080
1083 1143
1083 1146
1084 1019
1084 1022
1084 1082
1084 1145
1085 1024
1085 1025
1085 1086
1085 1108
1085 1109
1086 1025
1086 1085
1086 1087
1086 1109
1087 1026
1087 1086
1087 1088
1087 1110
1087 1150
1088 1027
1088 1087
1088 1089
1088 1111
1088 1151
1089 1028
1089 1088
1089 1090
1089 1112
1090 1029
1090 1089
1090 1113
1090 1153
1091 1030
1091 1092
1091 1114
1091 1154
1092 1031
1092 1091
1092 1115
1092 1155
1093 1032
1093 1094
1093 1116
1093 1156
1094 1033
1094 1093
1094 1095
1094 1117
1094 1157
1095 1034
1095 1094
1095 1096
1095 1118
1095 1158
1096 1035
1096 1095
1096 1097
1096 1119
1096 1159
1097 1036
1097 1096
1097 1098
1097 1120
1098 1037
1098 1097
1098 1099
1098 1121
1098 1161
1099 1038
1099 1098
1099 1100
1099 1122
1100 1039
1100 1099
1100 1101
1100 1123
1100 1163
1101 1040
1101 1100
1101 1102
1101 1124
1101 1164
1102 1041
1102 1101
1102 1103
1102 1125
1103 1042
1103 1102
1103 1104
1103 1126
1103 1166
1104 1043
1104 1103
1104 1105
1104 1127
1104 1167
1105 1044
1105 1104
1105 1106
1105 1128
1105 1129
1105 1168
1106 1045
1106 1105
1106 1128
1106 1129
1106 1169
1107 1046
1107 1072
1107 1132
1107 1133
1108 1047
1108 1085
1108 1109
1108 1133
1109 1048
1109 1085
1109 1086
1109 1108
1109 1110
1109 1172
1110 1049
1110 1087
1110 1109
1110 1111
1111 1050
1111 1088
1111 1110
1111 1174
1112 1051
1112 1089
1112 1113
1112 1175
1113 1052
1113 1090
1113 1112
1113 1114
1113 1176
1114 1053
1114 1091
1114 1113
1114 1115
1114 1177
1115 1054
1115 1092
1115 1114
1115 1116
1115 1178
1116 1055
1116 1093
1116 1115
1116 1117
1116 1179
1117 1056
1117 1094
1117 1116
1117 1118
1118 1057
1118 1095
1118 1117
1118 1119
1118 1181
1119 1058
1119 1096
1119 1118
1119 1182
1120 1059
1120 1097
1120 1121
1120 1183
1121 1060
1121 1098
1121 1120
1121 1122
1121 1184
1122 1099
1122 1121
1122 1123
1122 1185
1123 1100
1123 1122
1123 1124
1123 1186
1124 1063
1124 1101
1124 1123
1124 1125
1124 1187
1125 1102
1125 1124
1125 1126
1125 1188
1126 1065
1126 1103
1126 1125
1126 1127
1126 1189
1127 1066
1127 1104
1127 1126
1127 1190
1128 1067
1128 1105
1128 1106
1128 1129
1129 1067
1129 1068
1129 1105
1129 1106
1129 1128
1130 1069
1130 1134
1130 1135
1130 1193
1131 1070
1131 1132
1131 1138
1131 1139
1132 1107
1132 1131
1132 1133
1132 1139
1133 1072
1133 1107
1133 1108
1133 1132
1133 1170
1134 1130
1134 1135
1134 1193
1134 1197
1135 1073
1135 1130
1135 1134
1135 1136
1135 1140
1136 1074
1136 1135
1136 1140
1136 1141
1136 1199
1137 1075
1137 1081
1137 1138
1137 1143
1137 1144
1138 1131
1138 1137
1138 1139
1138 1144
1138 1338
1139 1077
1139 1131
1139 1132
1139 1138
1139 1202
1140 1135
1140 1136
1140 1141
1140 1199
1141 1078
1141 1136
1141 1140
1141 1142
1141 1147
1142 1079
1142 1141
1142 1145
1142 1205
1143 1080
1143 1081
1143 1083
1143 1137
1143 1144
1143 1210
1144 1081
1144 1137
1144 1138
1144 1143
1144 1338
1145 1082
1145 1084
1145 1142
1145 1147
1145 1209
1145 1211
1146 1018
1146 1076
1146 1080
1146 1081
1146 1083
1147 1078
1147 1079
1147 1141
1147 1145
1148 1149
1148 1171
1148 1172
1148 1212
1149 1148
1149 1172
1149 1212
1149 1213
1150 1087
1150 1151
1150 1173
1150 1214
1151 1088
1151 1150
1151 1152
1151 1174
1151 1215
1152 1151
1152 1153
1152 1175
1152 1216
1153 1090
1153 1152
1153 1154
1153 1176
1153 1217
1154 1091
1154 1153
1154 1155
1154 1177
1154 1218
1155 1092
1155 1154
1155 1156
1155 1178
1155 1219
1156 1093
1156 1155
1156 1157
1156 1179
1156 1220
1157 1094
1157 1156
1157 1180
1157 1221
1158 1095
1158 1159
1158 1181
1158 1222
1159 1096
1159 1158
1159 1160
1159 1182
1159 1223
1160 1159
1160 1161
1160 1183
1160 1224
1161 1098
1161 1160
1161 1162
1161 1184
1161 1225
1162 1161
1162 1163
1162 1185
1162 1226
1163 1100
1163 1162
1163 1164
1163 1186
1163 1227
1164 1101
1164 1163
1164 1165
1164 1187
1164 1228
1165 1164
1165 1166
1165 1188
1165 1229
1166 1103
1166 1165
1166 1167
1166 1189
1166 1230
1167 1104
1167 1166
1167 1190
1167 1231
1168 1105
1168 1169
1168 1191
1168 1232
1169 1106
1169 1168
1169 1191
1169 1192
1169 1233
1170 1133
1170 1171
1170 1195
1170 1196
1170 1234
1171 1148
1171 1170
1171 1196
1171 1235
1172 1109
1172 1148
1172 1149
1172 1173
1172 1236
1173 1150
1173 1172
1173 1174
1173 1237
1174 1111
1174 1151
1174 1173
1174 1175
1175 1112
1175 1152
1175 1174
1175 1176
1175 1239
1176 1113
1176 1153
1176 1175
1176 1177
1176 1240
1177 1114
1177 1154
1177 1176
1177 1178
1177 1241
1178 1115
1178 1155
1178 1177
1178 1242
1179 1116
1179 1156
1179 1180
1179 1243
1180 1157
1180 1179
1180 1181
1180 1244
1181 1118
1181 1158
1181 1180
1181 1182
1181 1245
1182 1119
1182 1159
1182 1181
1182 1246
1183 1120
1183 1160
1183 1184
1183 1247
1184 1121
1184 1161
1184 1183
1184 1185
1184 1248
1185 1122
1185 1162
1185 1184
1185 1186
1185 1249
1186 1123
1186 1163
1186 1185
1186 1187
1186 1250
1187 1124
1187 1164
1187 1186
1187 1188
1187 1251
1188 1125
1188 1165
1188 1187
1188 1189
1188 1252
1189 1126
1189 1166
1189 1188
1189 1190
1190 1127
1190 1167
1190 1189
1190 1254
1191 1168
1191 1169
1191 1192
1191 1255
1192 1169
1192 1191
1192 1193
1192 1197
1192 1256
1193 1130
1193 1134
1193 1192
1193 1197
1193 1198
1193 1257
1194 1195
1194 1201
1194 1202
1194 1258
1195 1170
1195 1194
1195 1196
1195 1202
1196 1170
1196 1171
1196 1195
1196 1234
1197 1134
1197 1192
1197 1193
1197 1198
1197 1257
1197 1261
1198 1193
1198 1197
1198 1199
1198 1203
1199 1136
1199 1140
1199 1198
1199 1203
1199 1204
1200 1201
1200 1206
1200 1207
1200 1264
1201 1194
1201 1200
1201 1202
1201 1207
1201 1338
1202 1139
1202 1194
1202 1195
1202 1201
1203 1198
1203 1199
1203 1204
1203 1267
1203 1341
1204 1199
1204 1203
1204 1205
1204 1208
1205 1142
1205 1204
1205 1208
1205 1209
1205 1269
1206 1200
1206 1207
1206 1210
1206 1270
1207 1200
1207 1201
1207 1206
1207 1210
1207 1264
1207 1338
1208 1204
1208 1205
1208 1209
1208 1269
1209 1145
1209 1205
1209 1208
1209 1211
1209 1273
1210 1143
1210 1206
1210 1207
1210 1274
1211 1145
1211 1209
1211 1273
1211 1275
1212 1148
1212 1149
1212 1213
1212 1235
1212 1236
1213 1149
1213 1212
1213 1214
1213 1236
1214 1150
1214 1213
1214 1215
1214 1237
1214 1277
1215 1151
1215 1214
1215 1216
1215 1238
1215 1278
1216 1152
1216 1215
1216 1217
1216 1239
1216 1279
1217 1153
1217 1216
1217 1218
1217 1240
1217 1280
1218 1154
1218 1217
1218 1219
1218 1241
1218 1281
1219 1155
1219 1218
1219 1242
1219 1282
1220 1156
1220 1221
1220 1243
1220 1283
1221 1157
1221 1220
1221 1222
1221 1244
1222 1158
1222 1221
1222 1223
1222 1245
1222 1285
1223 1159
1223 1222
1223 1224
1223 1246
1223 1286
1224 1160
1224 1223
1224 1247
1224 1287
1225 1161
1225 1226
1225 1248
1225 1288
1226 1162
1226 1225
1226 1227
1226 1249
1226 1289
1227 1163
1227 1226
1227 1228
1227 1250
1227 1290
1228 1164
1228 1227
1228 1229
1228 1251
1228 1291
1229 1165
1229 1228
1229 1230
1229 1252
1229 1292
1230 1166
1230 1229
1230 1231
1230 1253
1230 1293
1231 1167
1231 1230
1231 1232
1231 1254
1232 1168
1232 1231
1232 1233
1232 1255
1232 1295
1233 1169
1233 1232
1233 1255
1233 1256
1234 1170
1234 1196
1234 1235
1234 1259
1234 1260
1235 1171
1235 1212
1235 1234
1235 1236
1235 1260
1236 1172
1236 1212
1236 1213
1236 1235
1236 1237
1237 1173
1237 1214
1237 1236
1237 1238
1237 1298
1238 1215
1238 1237
1238 1239
1238 1299
1239 1175
1239 1216
1239 1238
1239 1300
1240 1176
1240 1217
1240 1241
1240 1301
1241 1177
1241 1218
1241 1240
1241 1242
1242 1178
1242 1219
1242 1241
1242 1243
1242 1303
1243 1179
1243 1220
1243 1242
1243 1244
1243 1304
1244 1180
1244 1221
1244 1243
1244 1245
1244 1305
1245 1181
1245 1222
1245 1244
1245 1246
1246 1182
1246 1223
1246 1245
1246 1247
1246 1307
1247 1183
1247 1224
1247 1246
1247 1248
1247 1308
1248 1184
1248 1225
1248 1247
1248 1249
1248 1309
1249 1185
1249 1226
1249 1248
1249 1250
1249 1310
1250 1186
1250 1227
1250 1249
1250 1251
1250 1311
1251 1187
1251 1228
1251 1250
1251 1312
1252 1188
1252 1229
1252 1253
1252 1313
1253 1230
1253 1252
1253 1254
1253 1314
1254 1190
1254 1231
1254 1253
1254 1255
1255 1191
1255 1232
1255 1233
1255 1254
1255 1316
1256 1192
1256 1233
1256 1257
1256 1261
1256 1317
1257 1193
1257 1197
1257 1256
1257 1261
1257 1262
1258 1194
1258 1259
1258 1265
1258 1266
1258 1318
1259 1234
1259 1258
1259 1260
1259 1266
1260 1234
1260 1235
1260 1259
1260 1320
1260 1463
1261 1197
1261 1256
1261 1257
1261 1262
1261 1341
1262 1257
1262 1261
1262 1263
1262 1267
1263 1262
1263 1267
1263 1268
1263 1325
1264 1200
1264 1207
1264 1265
1264 1270
1264 1271
1264 1333
1265 1258
1265 1264
1265 1266
1265 1271
1265 1326
1266 1258
1266 1259
1266 1265
1266 1318
1266 1463
1267 1203
1267 1262
1267 1263
1267 1268
1267 1325
1267 1341
1268 1263
1268 1267
1268 1269
1268 1272
1268 1331
1269 1205
1269 1208
1269 1268
1269 1272
1269 1273
1270 1206
1270 1264
1270 1271
1270 1274
1270 1333
1271 1264
1271 1265
1271 1270
1271 1274
1271 1333
1272 1268
1272 1269
1272 1273
1272 1275
1272 1332
1272 1337
1273 1209
1273 1211
1273 1269
1273 1272
1273 1275
1273 1337
1274 1210
1274 1270
1274 1271
1274 1333
1275 1211
1275 1272
1275 1273
1275 1337
1276 1277
1276 1297
1276 1298
1276 1342
1277 1214
1277 1276
1277 1278
1277 1298
1278 1215
1278 1277
1278 1299
1278 1344
1279 1216
1279 1280
1279 1300
1279 1345
1280 1217
1280 1279
1280 1301
1280 1346
1281 1218
1281 1282
1281 1302
1281 1347
1282 1219
1282 1281
1282 1283
1282 1303
1282 1348
1283 1220
1283 1282
1283 1284
1283 1304
1283 1349
1284 1283
1284 1285
1284 1305
1284 1350
1285 1222
1285 1284
1285 1286
1285 1306
1285 1351
1286 1223
1286 1285
1286 1287
1286 1307
1286 1352
1287 1224
1287 1286
1287 1288
1287 1308
1287 1353
1288 1225
1288 1287
1288 1309
1288 1354
1289 1226
1289 1290
1289 1310
1289 1355
1290 1227
1290 1289
1290 1291
1290 1311
1290 1356
1291 1228
1291 1290
1291 1292
1291 1312
1291 1357
1292 1229
1292 1291
1292 1293
1292 1313
1292 1358
1293 1230
1293 1292
1293 1314
1293 1359
1294 1295
1294 1315
1294 1360
1294 1361
1295 1232
1295 1294
1295 1315
1295 1316
1295 1361
1296 1297
1296 1320
1296 1321
1296 1362
1297 1276
1297 1296
1297 1321
1297 1342
1297 1363
1298 1237
1298 1276
1298 1277
1298 1299
1298 1363
1299 1238
1299 1278
1299 1298
1299 1300
1300 1239
1300 1279
1300 1299
1300 1301
1300 1366
1301 1240
1301 1280
1301 1300
1301 1302
1301 1367
1302 1281
1302 1301
1302 1303
1302 1368
1303 1242
1303 1282
1303 1302
1303 1304
1303 1369
1304 1243
1304 1283
1304 1303
1304 1305
1304 1370
1305 1244
1305 1284
1305 1304
1305 1306
1305 1371
1306 1285
1306 1305
1306 1307
1306 1372
1307 1246
1307 1286
1307 1306
1307 1373
1308 1247
1308 1287
1308 1309
1308 1374
1309 1248
1309 1288
1309 1308
1309 1310
1309 1375
1310 1249
1310 1289
1310 1309
1310 1311
1310 1376
1311 1250
1311 1290
1311 1310
1311 1377
1312 1251
1312 1291
1312 1313
1312 1378
1313 1252
1313 1292
1313 1312
1313 1314
1313 1379
1314 1253
1314 1293
1314 1313
1314 1315
1315 1294
1315 1295
1315 1314
1315 1316
1315 1381
1316 1255
1316 1295
1316 1315
1316 1322
1316 1382
1317 1256
1317 1322
1317 1323
1317 1383
1318 1258
1318 1266
1318 1319
1318 1326
1318 1327
1319 1318
1319 1320
1319 1327
1319 1328
1320 1260
1320 1296
1320 1319
1320 1321
1320 1328
1321 1296
1321 1297
1321 1320
1321 1362
1321 1385
1321 1386
1322 1316
1322 1317
1322 1323
1322 1383
1322 1388
1323 1317
1323 1322
1323 1324
1323 1329
1324 1323
1324 1325
1324 1329
1324 1330
1325 1263
1325 1267
1325 1324
1325 1330
1325 1331
1326 1265
1326 1318
1326 1327
1326 1334
1326 1335
1327 1318
1327 1319
1327 1326
1327 1328
1327 1335
1327 1463
1328 1319
1328 1320
1328 1327
1328 1384
1328 1393
1328 1463
1329 1323
1329 1324
1329 1330
1329 1390
1329 1394
1329 1466
1330 1324
1330 1325
1330 1329
1330 1395
1330 1466
1331 1268
1331 1325
1331 1332
1331 1336
1332 1272
1332 1331
1332 1336
1332 1337
1333 1264
1333 1270
1333 1271
1333 1274
1333 1334
1333 1339
1334 1326
1334 1333
1334 1335
1334 1339
1335 1326
1335 1327
1335 1334
1335 1391
1335 1398
1336 1331
1336 1332
1336 1337
1336 1340
1336 1402
1337 1272
1337 1273
1337 1275
1337 1332
1337 1336
1337 1340
1338 1138
1338 1144
1338 1201
1338 1207
1339 1333
1339 1334
1339 1397
1339 1401
1340 1336
1340 1337
1340 1400
1340 1402
1341 1203
1341 1261
1341 1267
1341 1466
1342 1276
1342 1297
1342 1343
1342 1363
1342 1364
1343 1342
1343 1344
1343 1364
1343 1403
1344 1278
1344 1343
1344 1345
1344 1365
1344 1404
1345 1279
1345 1344
1345 1346
1345 1366
1345 1405
1346 1280
1346 1345
1346 1347
1346 1367
1346 1406
1347 1281
1347 1346
1347 1368
1347 1407
1348 1282
1348 1349
1348 1369
1348 1408
1349 1283
1349 1348
1349 1350
1349 1370
1349 1409
1350 1284
1350 1349
1350 1371
1350 1410
1351 1285
1351 1352
1351 1372
1351 1411
1352 1286
1352 1351
1352 1353
1352 1373
1352 1412
1353 1287
1353 1352
1353 1354
1353 1374
1353 1413
1354 1288
1354 1353
1354 1355
1354 1375
1354 1414
1355 1289
1355 1354
1355 1356
1355 1376
1355 1415
1356 1290
1356 1355
1356 1357
1356 1377
1356 1416
1357 1291
1357 1356
1357 1358
1357 1378
1357 1417
1358 1292
1358 1357
1358 1379
1358 1418
1359 1293
1359 1360
1359 1380
1359 1419
1359 1420
1360 1294
1360 1359
1360 1361
1360 1381
1360 1420
1361 1294
1361 1295
1361 1360
1361 1381
1361 1382
1362 1296
1362 1321
1362 1385
1362 1386
1363 1297
1363 1298
1363 1342
1363 1364
1363 1387
1364 1342
1364 1343
1364 1363
1364 1365
1364 1422
1365 1344
1365 1364
1365 1366
1365 1423
1366 1300
1366 1345
1366 1365
1366 1424
1367 1301
1367 1346
1367 1368
1367 1425
1368 1302
1368 1347
1368 1367
1368 1369
1369 1303
1369 1348
1369 1368
1369 1370
1369 1427
1370 1304
1370 1349
1370 1369
1370 1371
1370 1428
1371 1305
1371 1350
1371 1370
1371 1372
1371 1429
1372 1306
1372 1351
1372 1371
1372 1373
1372 1430
1373 1307
1373 1352
1373 1372
1373 1374
1373 1431
1374 1308
1374 1353
1374 1373
1374 1375
1374 1432
1375 1309
1375 1354
1375 1374
1375 1433
1376 1310
1376 1355
1376 1377
1376 1434
1377 1311
1377 1356
1377 1376
1377 1378
1377 1435
1378 1312
1378 1357
1378 1377
1378 1436
1379 1313
1379 1358
1379 1380
1379 1437
1380 1359
1380 1379
1380 1381
1380 1420
1380 1439
1381 1315
1381 1360
1381 1361
1381 1380
1381 1382
1381 1439
1382 1316
1382 1361
1382 1381
1382 1388
1383 1317
1383 1322
1383 1388
1383 1389
1384 1328
1384 1392
1384 1393
1384 1441
1385 1321
1385 1362
1385 1386
1385 1393
1386 1321
1386 1362
1386 1385
1386 1387
1386 1421
1387 1363
1387 1386
1387 1421
1387 1443
1387 1444
1388 1322
1388 1382
1388 1383
1388 1389
1388 1440
1388 1446
1389 1383
1389 1388
1389 1390
1389 1394
1390 1329
1390 1389
1390 1394
1390 1395
1390 1448
1391 1335
1391 1392
1391 1397
1391 1398
1391 1449
1392 1384
1392 1391
1392 1393
1392 1398
1392 1450
1393 1328
1393 1384
1393 1385
1393 1392
1393 1441
1394 1329
1394 1389
1394 1390
1394 1395
1394 1448
1395 1330
1395 1390
1395 1394
1395 1396
1395 1399
1395 1466
1396 1395
1396 1399
1396 1400
1396 1456
1397 1339
1397 1391
1397 1398
1397 1401
1397 1457
1398 1335
1398 1391
1398 1392
1398 1397
1398 1401
1398 1449
1398 1457
1399 1395
1399 1396
1399 1400
1399 1456
1399 1462
1399 1466
1400 1340
1400 1396
1400 1399
1400 1402
1400 1462
1401 1339
1401 1397
1401 1398
1401 1457
1402 1336
1402 1340
1402 1400
1402 1462
1403 1343
1403 1404
1403 1422
1403 1423
1404 1344
1404 1403
1404 1405
1404 1423
1404 1467
1405 1345
1405 1404
1405 1406
1405 1424
1405 1468
1406 1346
1406 1405
1406 1407
1406 1425
1406 1469
1407 1347
1407 1406
1407 1408
1407 1426
1408 1348
1408 1407
1408 1409
1408 1427
1408 1471
1409 1349
1409 1408
1409 1410
1409 1428
1409 1472
1410 1350
1410 1409
1410 1411
1410 1429
1411 1351
1411 1410
1411 1412
1411 1430
1411 1474
1412 1352
1412 1411
1412 1413
1412 1431
1412 1475
1413 1353
1413 1412
1413 1414
1413 1432
1414 1354
1414 1413
1414 1415
1414 1433
1414 1477
1415 1355
1415 1414
1415 1416
1415 1434
1416 1356
1416 1415
1416 1417
1416 1435
1416 1479
1417 1357
1417 1416
1417 1418
1417 1436
1418 1358
1418 1417
1418 1419
1418 1437
1418 1481
1419 1359
1419 1418
1419 1420
1419 1438
1419 1482
1420 1359
1420 1360
1420 1380
1420 1419
1420 1438
1420 1439
1421 1386
1421 1387
1421 1443
1421 1444
1422 1364
1422 1403
1422 1423
1422 1444
1423 1365
1423 1403
1423 1404
1423 1422
1423 1424
1423 1484
1424 1366
1424 1405
1424 1423
1424 1425
1424 1484
1424 1485
1425 1367
1425 1406
1425 1424
1425 1426
1425 1486
1426 1407
1426 1425
1426 1427
1426 1487
1427 1369
1427 1408
1427 1426
1427 1488
1428 1370
1428 1409
1428 1429
1428 1489
1429 1371
1429 1410
1429 1428
1429 1430
1429 1490
1430 1372
1430 1411
1430 1429
1430 1431
1430 1491
1431 1373
1431 1412
1431 1430
1431 1492
1432 1374
1432 1413
1432 1433
1432 1493
1433 1375
1433 1414
1433 1432
1433 1434
1433 1494
1434 1376
1434 1415
1434 1433
1434 1435
1434 1495
1435 1377
1435 1416
1435 1434
1435 1496
1436 1378
1436 1417
1436 1437
1436 1497
1437 1379
1437 1418
1437 1436
1437 1438
1437 1498
1437 1701
1438 1419
1438 1420
1438 1437
1438 1439
1438 1482
1438 1499
1439 1380
1439 1381
1439 1420
1439 1438
1440 1388
1440 1445
1440 1446
1440 1501
1441 1384
1441 1393
1441 1442
1441 1450
1441 1451
1442 1441
1442 1451
1442 1452
1442 1502
1443 1387
1443 1421
1443 1444
1443 1452
1443 1503
1444 1387
1444 1421
1444 1422
1444 1443
1444 1483
1444 1503
1444 1504
1445 1440
1445 1446
1445 1501
1445 1508
1446 1388
1446 1440
1446 1445
1446 1453
1446 1501
1447 1448
1447 1453
1447 1454
1447 1509
1448 1390
1448 1394
1448 1447
1448 1454
1448 1455
1449 1391
1449 1398
1449 1450
1449 1457
1449 1458
1450 1392
1450 1441
1450 1449
1450 1459
1451 1441
1451 1442
1451 1452
1451 1459
1452 1442
1452 1443
1452 1451
1452 1502
1452 1580
1453 1446
1453 1447
1453 1454
1453 1509
1453 1515
1454 1447
1454 1448
1454 1453
1454 1460
1454 1581
1455 1448
1455 1456
1455 1460
1455 1461
1456 1396
1456 1399
1456 1455
1456 1461
1456 1462
1457 1397
1457 1398
1457 1401
1457 1449
1457 1458
1457 1464
1458 1449
1458 1457
1458 1459
1458 1464
1459 1450
1459 1451
1459 1458
1459 1510
1459 1518
1459 1519
1460 1454
1460 1455
1460 1517
1460 1520
1460 1521
1460 1581
1461 1455
1461 1456
1461 1462
1461 1465
1462 1399
1462 1400
1462 1402
1462 1456
1462 1461
1462 1465
1463 1260
1463 1266
1463 1327
1463 1328
1464 1457
1464 1458
1464 1518
1464 1522
1465 1461
1465 1462
1465 1521
1465 1524
1466 1329
1466 1330
1466 1341
1466 1395
1466 1399
1467 1404
1467 1468
1467 1484
1467 1485
1468 1405
1468 1467
1468 1469
1468 1485
1468 1525
1469 1406
1469 1468
1469 1486
1469 1526
1470 1471
1470 1487
1470 1526
1470 1527
1471 1408
1471 1470
1471 1472
1471 1488
1471 1528
1472 1409
1472 1471
1472 1473
1472 1489
1472 1529
1473 1472
1473 1474
1473 1490
1473 1530
1474 1411
1474 1473
1474 1475
1474 1491
1474 1531
1475 1412
1475 1474
1475 1476
1475 1492
1475 1532
1476 1475
1476 1477
1476 1493
1476 1533
1477 1414
1477 1476
1477 1478
1477 1494
1477 1534
1478 1477
1478 1479
1478 1495
1478 1535
1479 1416
1479 1478
1479 1480
1479 1496
1479 1537
1480 1479
1480 1481
1480 1497
1480 1537
1480 1538
1481 1418
1481 1480
1481 1482
1481 1498
1481 1538
1482 1419
1482 1438
1482 1481
1482 1499
1483 1444
1483 1503
1483 1504
1483 1505
1484 1423
1484 1424
1484 1467
1484 1485
1485 1424
1485 1467
1485 1468
1485 1484
1485 1486
1485 1525
1486 1425
1486 1469
1486 1485
1486 1487
1486 1526
1486 1541
1487 1426
1487 1470
1487 1486
1487 1488
1487 1542
1488 1427
1488 1471
1488 1487
1488 1489
1489 1428
1489 1472
1489 1488
1489 1490
1489 1544
1490 1429
1490 1473
1490 1489
1490 1491
1491 1430
1491 1474
1491 1490
1491 1492
1491 1546
1492 1431
1492 1475
1492 1491
1492 1547
1493 1432
1493 1476
1493 1494
1493 1548
1494 1433
1494 1477
1494 1493
1494 1495
1495 1434
1495 1478
1495 1494
1495 1550
1496 1435
1496 1479
1496 1497
1496 1551
1497 1436
1497 1480
1497 1496
1497 1498
1497 1552
1498 1437
1498 1481
1498 1497
1498 1499
1498 1538
1499 1438
1499 1482
1499 1498
1499 1506
1500 1501
1500 1506
1500 1507
1500 1555
1501 1440
1501 1445
1501 1446
1501 1500
1501 1508
1502 1442
1502 1452
1502 1511
1502 1512
1503 1443
1503 1444
1503 1483
1503 1504
1503 1513
1504 1444
1504 1483
1504 1503
1504 1505
1504 1513
1505 1483
1505 1504
1505 1539
1505 1558
1506 1499
1506 1500
1506 1507
1506 1554
1506 1555
1506 1563
1506 1701
1507 1500
1507 1506
1507 1508
1507 1514
1507 1701
1508 1445
1508 1501
1508 1507
1508 1514
1508 1565
1509 1447
1509 1453
1509 1515
1509 1516
1510 1459
1510 1511
1510 1518
1510 1519
1511 1502
1511 1510
1511 1519
1511 1566
1512 1502
1512 1513
1512 1556
1512 1567
1512 1580
1513 1503
1513 1504
1513 1512
1513 1556
1513 1557
1513 1568
1513 1580
1514 1507
1514 1508
1514 1515
1514 1564
1514 1565
1514 1571
1514 1701
1515 1453
1515 1509
1515 1514
1515 1516
1516 1509
1516 1515
1516 1517
1516 1520
1516 1573
1516 1581
1517 1460
1517 1516
1517 1520
1517 1521
1518 1459
1518 1464
1518 1510
1518 1519
1518 1522
1518 1523
1519 1459
1519 1510
1519 1511
1519 1518
1519 1522
1519 1523
1519 1566
1519 1574
1519 1580
1520 1460
1520 1516
1520 1517
1520 1521
1520 1578
1520 1579
1520 1581
1520 1582
1521 1460
1521 1465
1521 1517
1521 1520
1521 1524
1521 1579
1521 1582
1522 1464
1522 1518
1522 1519
1522 1523
1523 1518
1523 1519
1523 1522
1523 1574
1524 1465
1524 1521
1524 1579
1524 1582
1525 1468
1525 1485
1525 1540
1525 1541
1526 1469
1526 1470
1526 1486
1526 1527
1526 1541
1527 1470
1527 1526
1527 1528
1527 1542
1527 1583
1527 1584
1528 1471
1528 1527
1528 1543
1528 1585
1529 1472
1529 1530
1529 1544
1529 1586
1530 1473
1530 1529
1530 1531
1530 1545
1530 1587
1531 1474
1531 1530
1531 1532
1531 1546
1532 1475
1532 1531
1532 1533
1532 1547
1532 1589
1533 1476
1533 1532
1533 1534
1533 1548
1533 1590
1534 1477
1534 1533
1534 1549
1534 1591
1535 1478
1535 1536
1535 1550
1535 1592
1536 1535
1536 1537
1536 1551
1536 1593
1536 1594
1537 1479
1537 1480
1537 1536
1537 1552
1537 1594
1538 1480
1538 1481
1538 1498
1538 1553
1539 1505
1539 1540
1539 1558
1539 1559
1540 1525
1540 1539
1540 1559
1540 1595
1541 1486
1541 1525
1541 1526
1541 1596
1542 1487
1542 1527
1542 1583
1542 1584
1542 1596
1543 1528
1543 1544
1543 1585
1543 1598
1544 1489
1544 1529
1544 1543
1544 1545
1544 1599
1545 1530
1545 1544
1545 1546
1545 1600
1546 1491
1546 1531
1546 1545
1546 1547
1546 1601
1547 1492
1547 1532
1547 1546
1547 1602
1548 1493
1548 1533
1548 1549
1548 1603
1549 1534
1549 1548
1549 1550
1549 1604
1550 1495
1550 1535
1550 1549
1550 1551
1550 1592
1550 1605
1551 1496
1551 1536
1551 1550
1551 1552
1551 1593
1551 1607
1552 1497
1552 1537
1552 1551
1552 1607
1553 1538
1553 1554
1553 1562
1553 1608
1554 1506
1554 1553
1554 1555
1554 1563
1555 1500
1555 1506
1555 1554
1555 1564
1556 1512
1556 1513
1556 1557
1556 1567
1556 1568
1557 1513
1557 1556
1557 1568
1557 1609
1558 1505
1558 1539
1558 1559
1558 1569
1559 1539
1559 1540
1559 1558
1559 1560
1559 1595
1559 1611
1560 1559
1560 1595
1560 1611
1560 1612
1561 1562
1561 1608
1561 1617
1561 1618
1562 1553
1562 1561
1562 1563
1562 1608
1562 1618
1563 1506
1563 1554
1563 1562
1563 1570
1564 1514
1564 1555
1564 1565
1564 1571
1564 1620
1565 1508
1565 1514
1565 1564
1565 1572
1566 1511
1566 1519
1566 1567
1566 1574
1567 1512
1567 1556
1567 1566
1567 1575
1567 1576
1567 1621
1568 1513
1568 1556
1568 1557
1568 1576
1569 1558
1569 1609
1569 1610
1569 1623
1569 1697
1570 1563
1570 1571
1570 1619
1570 1620
1570 1627
1571 1514
1571 1564
1571 1570
1571 1620
1572 1565
1572 1573
1572 1577
1572 1629
1573 1516
1573 1572
1573 1577
1573 1578
1574 1519
1574 1523
1574 1566
1574 1575
1574 1630
1575 1567
1575 1574
1575 1576
1575 1630
1575 1638
1576 1567
1576 1568
1576 1575
1576 1621
1576 1632
1577 1572
1577 1573
1577 1578
1577 1629
1577 1637
1578 1520
1578 1573
1578 1577
1578 1579
1578 1637
1578 1641
1579 1520
1579 1521
1579 1524
1579 1578
1579 1582
1580 1452
1580 1512
1580 1513
1580 1519
1581 1454
1581 1460
1581 1516
1581 1520
1582 1520
1582 1521
1582 1524
1582 1579
1583 1527
1583 1542
1583 1584
1583 1596
1583 1597
1584 1527
1584 1542
1584 1583
1584 1585
1584 1597
1584 1598
1585 1528
1585 1543
1585 1584
1585 1598
1586 1529
1586 1587
1586 1599
1586 1642
1587 1530
1587 1586
1587 1588
1587 1600
1587 1643
1588 1587
1588 1589
1588 1601
1588 1644
1589 1532
1589 1588
1589 1602
1589 1645
1590 1533
1590 1591
1590 1603
1590 1646
1591 1534
1591 1590
1591 1604
1591 1647
1592 1535
1592 1550
1592 1593
1592 1605
1593 1536
1593 1551
1593 1592
1593 1594
1593 1606
1594 1536
1594 1537
1594 1593
1594 1607
1595 1540
1595 1559
1595 1560
1595 1611
1596 1541
1596 1542
1596 1583
1596 1597
1596 1612
1597 1583
1597 1584
1597 1596
1597 1598
1597 1613
1597 1649
1598 1543
1598 1584
1598 1585
1598 1597
1599 1544
1599 1586
1599 1600
1599 1642
1599 1651
1600 1545
1600 1587
1600 1599
1600 1643
1600 1652
1601 1546
1601 1588
1601 1602
1601 1644
1601 1652
1602 1547
1602 1589
1602 1601
1602 1645
1602 1654
1603 1548
1603 1590
1603 1646
1603 1655
1604 1549
1604 1591
1604 1647
1604 1656
1605 1550
1605 1592
1605 1606
1605 1615
1606 1593
1606 1605
1606 1607
1606 1616
1606 1658
1607 1551
1607 1552
1607 1594
1607 1606
1608 1553
1608 1561
1608 1562
1608 1618
1609 1557
1609 1569
1609 1610
1609 1622
1610 1569
1610 1609
1610 1623
1610 1660
1611 1559
1611 1560
1611 1595
1611 1624
1611 1661
1612 1560
1612 1596
1612 1613
1612 1648
1613 1597
1613 1612
1613 1614
1613 1648
1613 1649
1613 1663
1614 1613
1614 1649
1614 1650
1614 1663
1614 1664
1615 1605
1615 1616
1615 1657
1615 1658
1615 1671
1615 1672
1616 1606
1616 1615
1616 1658
1616 1659
1616 1672
1617 1561
1617 1618
1617 1659
1617 1673
1618 1561
1618 1562
1618 1608
1618 1617
1618 1626
1619 1570
1619 1620
1619 1627
1619 1675
1620 1564
1620 1570
1620 1571
1620 1619
1620 1628
1621 1567
1621 1576
1621 1622
1621 1631
1622 1609
1622 1621
1622 1632
1622 1676
1623 1569
1623 1610
1623 1633
1623 1660
1623 1697
1624 1611
1624 1625
1624 1660
1624 1661
1624 1678
1624 1746
1625 1624
1625 1661
1625 1662
1625 1679
1626 1618
1626 1674
1626 1675
1626 1685
1626 1749
1627 1570
1627 1619
1627 1634
1627 1675
1627 1686
1627 1749
1628 1620
1628 1629
1628 1634
1628 1635
1628 1687
1628 1695
1629 1572
1629 1577
1629 1628
1629 1636
1629 1695
1630 1574
1630 1575
1630 1631
1630 1638
1630 1639
1631 1621
1631 1630
1631 1638
1631 1639
1631 1688
1631 1696
1632 1576
1632 1622
1632 1633
1632 1676
1632 1688
1632 1689
1633 1623
1633 1632
1633 1676
1633 1677
1633 1689
1633 1690
1633 1697
1634 1627
1634 1628
1634 1635
1634 1686
1634 1687
1634 1749
1635 1628
1635 1634
1635 1636
1635 1640
1635 1687
1635 1694
1635 1695
1635 1700
1636 1629
1636 1635
1636 1637
1636 1640
1636 1641
1636 1695
1637 1577
1637 1578
1637 1636
1637 1640
1637 1641
1638 1575
1638 1630
1638 1631
1638 1639
1639 1630
1639 1631
1639 1638
1639 1696
1640 1635
1640 1636
1640 1637
1640 1641
1641 1578
1641 1636
1641 1637
1641 1640
1642 1586
1642 1599
1642 1643
1642 1651
1643 1587
1643 1600
1643 1642
1643 1652
1644 1588
1644 1601
1644 1645
1644 1653
1645 1589
1645 1602
1645 1644
1645 1654
1646 1590
1646 1603
1646 1647
1646 1655
1647 1591
1647 1604
1647 1646
1647 1656
1648 1612
1648 1613
1648 1649
1648 1662
1649 1597
1649 1613
1649 1614
1649 1648
1649 1650
1649 1663
1650 1614
1650 1649
1650 1651
1650 1664
1651 1599
1651 1642
1651 1650
1651 1665
1651 1702
1652 1600
1652 1601
1652 1643
1652 1653
1653 1644
1653 1652
1653 1654
1653 1667
1653 1704
1654 1602
1654 1645
1654 1653
1654 1668
1655 1603
1655 1646
1655 1669
1655 1706
1656 1604
1656 1647
1656 1657
1656 1670
1656 1707
1657 1615
1657 1656
1657 1658
1657 1671
1658 1606
1658 1615
1658 1616
1658 1657
1658 1659
1658 1672
1659 1616
1659 1617
1659 1658
1659 1673
1660 1610
1660 1623
1660 1624
1660 1661
1660 1677
1661 1611
1661 1624
1661 1625
1661 1660
1661 1678
1662 1625
1662 1648
1662 1679
1662 1708
1663 1613
1663 1614
1663 1649
1663 1664
1663 1680
1664 1614
1664 1650
1664 1663
1664 1665
1664 1681
1664 1710
1665 1651
1665 1664
1665 1702
1665 1711
1666 1667
1666 1702
1666 1703
1666 1711
1666 1712
1667 1653
1667 1666
1667 1668
1667 1704
1667 1713
1668 1654
1668 1667
1668 1669
1668 1705
1668 1714
1669 1655
1669 1668
1669 1706
1669 1707
1669 1715
1670 1656
1670 1671
1670 1707
1670 1716
1671 1615
1671 1657
1671 1670
1671 1672
1671 1682
1671 1717
1672 1615
1672 1616
1672 1658
1672 1671
1673 1617
1673 1659
1673 1674
1673 1684
1673 1719
1674 1626
1674 1673
1674 1675
1674 1685
1675 1619
1675 1626
1675 1627
1675 1674
1675 1686
1676 1622
1676 1632
1676 1633
1676 1677
1676 1689
1677 1633
1677 1660
1677 1676
1677 1720
1678 1624
1678 1661
1678 1691
1678 1721
1678 1746
1679 1625
1679 1662
1679 1708
1679 1722
1679 1783
1680 1663
1680 1681
1680 1708
1680 1709
1680 1723
1680 1783
1681 1664
1681 1680
1681 1709
1681 1710
1681 1724
1682 1671
1682 1683
1682 1717
1682 1718
1682 1731
1682 1786
1683 1682
1683 1684
1683 1718
1683 1719
1683 1732
1683 1786
1684 1673
1684 1683
1684 1719
1684 1733
1685 1626
1685 1674
1685 1692
1685 1734
1685 1749
1686 1627
1686 1634
1686 1675
1686 1735
1687 1628
1687 1634
1687 1635
1687 1694
1688 1631
1688 1632
1688 1689
1688 1696
1689 1632
1689 1633
1689 1676
1689 1688
1689 1696
1689 1698
1690 1633
1690 1698
1690 1736
1690 1745
1691 1678
1691 1720
1691 1721
1691 1737
1691 1746
1692 1685
1692 1734
1692 1735
1692 1744
1693 1694
1693 1699
1693 1700
1693 1735
1693 1744
1694 1635
1694 1687
1694 1693
1694 1699
1694 1700
1695 1628
1695 1629
1695 1635
1695 1636
1696 1631
1696 1639
1696 1688
1696 1689
1697 1569
1697 1623
1697 1633
1697 1746
1698 1689
1698 1690
1698 1736
1698 1745
1699 1693
1699 1694
1699 1700
1699 1744
1700 1635
1700 1693
1700 1694
1700 1699
1701 1437
1701 1506
1701 1507
1701 1514
1702 1651
1702 1665
1702 1666
1702 1703
1702 1711
1703 1666
1703 1702
1703 1704
1703 1712
1704 1653
1704 1667
1704 1703
1704 1705
1704 1713
1705 1668
1705 1704
1705 1706
1705 1714
1706 1655
1706 1669
1706 1705
1706 1707
1706 1715
1707 1656
1707 1669
1707 1670
1707 1706
1707 1716
1708 1662
1708 1679
1708 1680
1708 1709
1708 1722
1709 1680
1709 1681
1709 1708
1709 1710
1709 1723
1710 1664
1710 1681
1710 1709
1710 1724
1711 1665
1711 1666
1711 1702
1711 1712
1711 1725
1711 1750
1712 1666
1712 1703
1712 1711
1712 1726
1712 1751
1713 1667
1713 1704
1713 1714
1713 1727
1713 1752
1714 1668
1714 1705
1714 1713
1714 1728
1715 1669
1715 1706
1715 1716
1715 1729
1715 1754
1716 1670
1716 1707
1716 1715
1716 1730
1716 1755
1717 1671
1717 1682
1717 1731
1717 1756
1718 1682
1718 1683
1718 1719
1718 1732
1719 1673
1719 1683
1719 1684
1719 1718
1719 1733
1720 1677
1720 1691
1720 1721
1720 1736
1721 1678
1721 1691
1721 1720
1721 1737
1722 1679
1722 1708
1722 1738
1722 1757
1723 1680
1723 1709
1723 1739
1723 1758
1724 1681
1724 1710
1724 1740
1724 1759
1725 1711
1725 1726
1725 1750
1725 1760
1725 1804
1726 1712
1726 1725
1726 1727
1726 1751
1726 1761
1726 1804
1727 1713
1727 1726
1727 1728
1727 1752
1727 1762
1727 1804
1728 1714
1728 1727
1728 1753
1728 1763
1728 1807
1728 1809
1729 1715
1729 1730
1729 1754
1729 1764
1729 1807
1729 1809
1730 1716
1730 1729
1730 1755
1730 1756
1730 1765
1731 1682
1731 1717
1731 1756
1731 1766
1732 1683
1732 1718
1732 1741
1732 1767
1732 1786
1733 1684
1733 1719
1733 1742
1733 1768
1734 1685
1734 1692
1734 1735
1734 1743
1735 1686
1735 1692
1735 1693
1735 1734
1735 1744
1736 1690
1736 1698
1736 1720
1736 1745
1737 1691
1737 1721
1737 1738
1737 1745
1737 1747
1738 1722
1738 1737
1738 1747
1738 1757
1738 1769
1738 1782
1738 1783
1739 1723
1739 1740
1739 1757
1739 1758
1739 1770
1739 1783
1740 1724
1740 1739
1740 1758
1740 1759
1740 1770
1741 1732
1741 1767
1741 1768
1741 1779
1741 1786
1742 1733
1742 1768
1742 1780
1742 1781
1742 1787
1743 1734
1743 1748
1743 1781
1743 1788
1744 1692
1744 1693
1744 1699
1744 1735
1744 1748
1745 1690
1745 1698
1745 1736
1745 1737
1746 1624
1746 1678
1746 1691
1746 1697
1747 1737
1747 1738
1747 1769
1747 1782
1748 1743
1748 1744
1748 1781
1748 1788
1749 1626
1749 1627
1749 1634
1749 1685
1750 1711
1750 1725
1750 1751
1750 1760
1751 1712
1751 1726
1751 1750
1751 1752
1751 1761
1752 1713
1752 1727
1752 1751
1752 1753
1752 1762
1753 1728
1753 1752
1753 1754
1753 1763
1754 1715
1754 1729
1754 1753
1754 1764
1755 1716
1755 1730
1755 1756
1755 1765
1756 1717
1756 1730
1756 1731
1756 1755
1756 1766
1757 1722
1757 1738
1757 1739
1757 1758
1757 1769
1758 1723
1758 1739
1758 1740
1758 1757
1758 1770
1759 1724
1759 1740
1759 1760
1759 1771
1760 1725
1760 1750
1760 1759
1760 1772
1760 1789
1761 1726
1761 1751
1761 1773
1761 1790
1761 1804
1762 1727
1762 1752
1762 1774
1762 1791
1763 1728
1763 1753
1763 1775
1763 1792
1764 1729
1764 1754
1764 1765
1764 1776
1764 1793
1765 1730
1765 1755
1765 1764
1765 1777
1765 1794
1766 1731
1766 1756
1766 1767
1766 1778
1767 1732
1767 1741
1767 1766
1767 1768
1767 1779
1768 1733
1768 1741
1768 1742
1768 1767
1768 1780
1769 1738
1769 1747
1769 1757
1769 1770
1769 1782
1770 1739
1770 1740
1770 1758
1770 1769
1770 1782
1770 1784
1771 1759
1771 1784
1771 1795
1771 1803
1772 1760
1772 1789
1772 1795
1772 1796
1773 1761
1773 1789
1773 1790
1773 1797
1773 1805
1774 1762
1774 1775
1774 1791
1774 1798
1774 1806
1775 1763
1775 1774
1775 1792
1775 1799
1776 1764
1776 1793
1776 1794
1776 1800
1776 1807
1776 1808
1776 1809
1777 1765
1777 1794
1777 1801
1777 1802
1778 1766
1778 1779
1778 1785
1778 1802
1778 1810
1779 1741
1779 1767
1779 1778
1779 1780
1779 1785
1780 1742
1780 1768
1780 1779
1780 1781
1780 1787
1780 1788
1781 1742
1781 1743
1781 1748
1781 1780
1781 1787
1781 1788
1782 1738
1782 1747
1782 1769
1782 1770
1783 1679
1783 1680
1783 1738
1783 1739
1784 1770
1784 1771
1784 1795
1784 1803
1785 1778
1785 1779
1785 1802
1785 1810
1786 1682
1786 1683
1786 1732
1786 1741
1787 1742
1787 1780
1787 1781
1787 1788
1788 1743
1788 1748
1788 1780
1788 1781
1788 1787
1789 1760
1789 1772
1789 1773
1789 1796
1790 1761
1790 1773
1790 1791
1790 1797
1791 1762
1791 1774
1791 1790
1791 1792
1791 1798
1792 1763
1792 1775
1792 1791
1792 1799
1793 1764
1793 1776
1793 1794
1793 1800
1793 1808
1794 1765
1794 1776
1794 1777
1794 1793
1794 1801
1795 1771
1795 1772
1795 1784
1795 1796
1795 1803
1796 1772
1796 1789
1796 1795
1796 1803
1797 1773
1797 1790
1797 1798
1797 1805
1798 1774
1798 1791
1798 1797
1798 1799
1798 1805
1798 1806
1799 1775
1799 1792
1799 1798
1799 1800
1799 1806
1800 1776
1800 1793
1800 1799
1800 1808
1801 1777
1801 1794
1801 1802
1801 1808
1801 1810
1802 1777
1802 1778
1802 1785
1802 1801
1802 1810
1803 1771
1803 1784
1803 1795
1803 1796
1804 1725
1804 1726
1804 1727
1804 1761
1805 1773
1805 1797
1805 1798
1805 1806
1806 1774
1806 1798
1806 1799
1806 1805
1807 1728
1807 1729
1807 1776
1807 1809
1808 1776
1808 1793
1808 1800
1808 1801
1809 1728
1809 1729
1809 1776
1809 1807
1810 1778
1810 1785
1810 1801
1810 1802
