0 1
0 6
0 7
0 122
0 123
0 133
1 0
1 7
1 123
1 134
2 3
2 8
2 124
2 135
3 2
3 8
3 9
3 124
3 125
3 136
4 5
4 13
4 14
4 131
4 132
4 144
4 145
5 4
5 6
5 14
5 132
5 145
6 0
6 5
6 7
6 15
6 133
7 0
7 1
7 6
7 8
7 16
7 134
8 2
8 3
8 7
8 9
8 17
8 135
9 3
9 8
9 10
9 18
9 136
10 9
10 11
10 19
10 137
10 150
11 10
11 19
11 20
11 137
11 138
11 150
11 151
12 13
12 22
12 23
12 143
12 144
12 156
12 157
13 4
13 12
13 14
13 23
13 144
14 4
14 5
14 13
14 15
14 24
14 145
15 6
15 14
15 16
15 25
16 7
16 15
16 17
16 26
17 8
17 16
17 18
17 27
18 9
18 17
18 19
18 28
19 10
19 11
19 18
19 20
19 29
19 150
20 11
20 19
20 21
20 30
20 151
21 20
21 30
21 31
21 151
21 152
21 165
22 12
22 23
22 33
22 156
22 157
23 12
23 13
23 22
23 24
23 34
23 157
24 14
24 23
24 25
24 35
25 15
25 24
25 26
25 36
26 16
26 25
26 27
26 37
27 17
27 26
27 28
27 38
28 18
28 27
28 29
28 39
29 19
29 28
29 30
29 40
30 20
30 21
30 29
30 31
30 41
30 164
31 21
31 30
31 42
31 164
31 165
32 33
32 44
32 45
32 169
32 170
32 183
33 22
33 32
33 34
33 45
33 170
34 23
34 33
34 35
34 46
35 24
35 34
35 36
35 47
36 25
36 35
36 37
36 48
37 26
37 36
37 38
37 49
38 27
38 37
38 39
38 50
39 28
39 38
39 40
39 51
40 29
40 39
40 41
40 52
41 30
41 40
41 42
41 53
42 31
42 41
42 43
42 54
42 179
43 42
43 54
43 55
43 179
43 180
43 194
44 32
44 45
44 183
44 184
45 32
45 33
45 44
45 46
45 57
45 184
46 34
46 45
46 47
46 58
47 35
47 46
47 48
47 59
48 36
48 47
48 49
48 60
49 37
49 48
49 50
49 61
50 38
50 49
50 51
50 62
51 39
51 50
51 52
51 63
52 40
52 51
52 53
52 64
53 41
53 52
53 54
53 65
54 42
54 43
54 53
54 55
54 66
54 193
55 43
55 54
55 193
55 194
55 208
56 57
56 68
56 197
56 198
57 45
57 56
57 58
57 68
57 69
57 198
58 46
58 57
58 59
58 70
59 47
59 58
59 60
59 71
60 48
60 59
60 61
60 72
61 49
61 60
61 62
61 73
62 50
62 61
62 63
62 74
63 51
63 62
63 64
63 75
64 52
64 63
64 65
64 76
65 53
65 64
65 66
65 77
66 54
66 65
66 67
66 79
66 207
67 66
67 79
67 207
67 208
68 56
68 57
68 69
68 197
68 211
68 212
69 57
69 68
69 70
69 80
69 212
70 58
70 69
70 71
70 81
71 59
71 70
71 72
71 82
72 60
72 71
72 73
72 83
73 61
73 72
73 74
73 84
74 62
74 73
74 75
74 85
75 63
75 74
75 76
75 86
76 64
76 75
76 77
76 87
77 65
77 76
77 78
77 88
78 77
78 79
78 89
78 221
78 222
79 66
79 67
79 78
79 221
79 222
80 69
80 81
80 90
80 226
80 227
81 70
81 80
81 82
81 90
81 91
81 227
82 71
82 81
82 83
82 92
83 72
83 82
83 84
83 93
84 73
84 83
84 85
84 94
85 74
85 84
85 86
85 95
86 75
86 85
86 87
86 96
87 76
87 86
87 88
87 97
88 77
88 87
88 89
88 98
88 99
88 234
89 78
89 88
89 99
89 234
89 235
90 80
90 81
90 91
90 226
90 227
90 239
90 240
91 81
91 90
91 92
91 100
91 240
92 82
92 91
92 93
92 100
92 101
92 241
93 83
93 92
93 94
93 102
94 84
94 93
94 95
94 103
95 85
95 94
95 96
95 104
96 86
96 95
96 97
96 105
97 87
97 96
97 98
97 106
97 107
97 246
98 88
98 97
98 99
98 107
98 247
98 248
99 88
99 89
99 98
99 234
99 235
99 248
100 91
100 92
100 101
100 240
100 241
100 253
100 254
101 92
101 100
101 102
101 241
101 254
102 93
102 101
102 103
102 108
102 255
103 94
103 102
103 108
103 109
103 256
103 267
104 95
104 110
104 111
104 257
104 268
105 96
105 106
105 111
105 258
105 269
106 97
106 105
106 107
106 246
106 259
107 97
107 98
107 106
107 246
107 247
107 259
107 260
108 102
108 103
108 109
108 255
108 266
108 267
109 103
109 108
109 256
109 267
110 104
110 111
110 257
110 268
111 104
111 105
111 110
111 258
111 268
111 269
112 121
112 290
112 301
112 302
113 114
113 122
113 291
113 302
114 113
114 115
114 123
114 292
115 114
115 116
115 124
115 293
116 115
116 117
116 125
116 294
116 303
117 116
117 118
117 126
117 295
117 303
117 304
118 117
118 126
118 127
118 296
118 304
118 305
119 120
119 130
119 299
119 300
119 310
119 311
120 119
120 131
120 300
120 311
121 112
121 122
121 132
121 301
121 302
122 0
122 113
122 121
122 123
122 302
123 0
123 1
123 114
123 122
123 124
124 2
124 3
124 115
124 123
125 3
125 116
125 126
125 303
126 117
126 118
126 125
126 137
126 304
127 118
127 128
127 138
127 305
127 312
128 127
128 305
128 306
128 312
128 313
129 142
129 309
129 310
129 318
129 319
130 119
130 131
130 143
130 310
130 311
130 319
131 4
131 120
131 130
131 132
131 144
131 311
132 4
132 5
132 121
132 131
133 0
133 6
133 134
133 146
134 1
134 7
134 133
134 135
134 147
135 2
135 8
135 134
135 136
135 148
136 3
136 9
136 135
136 149
137 10
137 11
137 126
137 138
138 11
138 127
138 137
138 139
138 312
139 138
139 140
139 152
139 312
139 313
139 320
140 139
140 153
140 313
140 314
140 320
140 321
141 142
141 154
141 155
141 317
141 318
141 326
142 129
142 141
142 143
142 318
142 319
143 12
143 130
143 142
143 156
143 319
144 4
144 12
144 13
144 131
144 145
144 157
145 4
145 5
145 14
145 144
145 146
145 158
146 133
146 145
146 147
146 159
147 134
147 146
147 148
147 160
148 135
148 147
148 149
148 161
149 136
149 148
149 150
149 162
150 10
150 11
150 19
150 149
150 151
150 163
151 11
151 20
151 21
151 150
151 152
151 164
152 21
152 139
152 151
152 153
152 320
153 140
153 152
153 320
153 321
154 141
154 155
154 325
154 326
154 332
155 141
155 154
155 156
155 169
155 326
156 12
156 22
156 143
156 155
157 12
157 22
157 23
157 144
157 158
157 171
158 145
158 157
158 159
158 172
159 146
159 158
159 160
159 173
160 147
160 159
160 161
160 174
161 148
161 160
161 162
161 175
162 149
162 161
162 163
162 176
163 150
163 162
163 164
163 177
164 30
164 31
164 151
164 163
164 165
164 178
165 21
165 31
165 164
165 166
166 165
166 167
166 180
166 327
167 166
167 181
167 327
167 328
167 333
168 169
168 182
168 331
168 332
169 32
169 155
169 168
169 332
170 32
170 33
170 171
170 184
171 157
171 170
171 172
171 185
172 158
172 171
172 173
172 186
173 159
173 172
173 174
173 187
174 160
174 173
174 175
174 188
175 161
175 174
175 176
175 189
176 162
176 175
176 177
176 190
177 163
177 176
177 178
177 191
178 164
178 177
178 179
178 192
179 42
179 43
179 178
179 180
179 193
180 43
180 166
180 179
180 181
180 333
181 167
181 180
181 195
181 333
181 334
182 168
182 183
182 196
182 337
183 32
183 44
183 182
183 197
184 44
184 45
184 170
184 185
184 198
185 171
185 184
185 186
185 199
186 172
186 185
186 187
186 200
187 173
187 186
187 188
187 201
188 174
188 187
188 189
188 202
189 175
189 188
189 190
189 203
190 176
190 189
190 191
190 204
191 177
191 190
191 192
191 205
192 178
192 191
192 193
192 206
193 54
193 55
193 179
193 192
193 194
193 207
193 208
194 43
194 55
194 193
194 195
194 208
195 181
195 194
195 209
195 338
196 182
196 197
196 210
196 341
197 56
197 68
197 183
197 196
198 56
198 57
198 184
198 199
198 212
199 185
199 198
199 200
199 213
200 186
200 199
200 201
200 214
201 187
201 200
201 202
201 215
202 188
202 201
202 203
202 216
203 189
203 202
203 204
203 217
204 190
204 203
204 205
204 218
205 191
205 204
205 206
205 219
206 192
206 205
206 207
206 220
207 66
207 67
207 193
207 206
207 208
207 221
208 55
208 67
208 193
208 194
208 207
208 209
209 195
209 208
209 223
209 342
210 196
210 211
210 345
210 346
211 68
211 210
211 225
211 346
212 68
212 69
212 198
212 213
213 199
213 212
213 214
213 227
214 200
214 213
214 215
214 228
215 201
215 214
215 216
215 229
216 202
216 215
216 217
216 230
217 203
217 216
217 218
217 231
218 204
218 217
218 219
218 232
219 205
219 218
219 220
219 233
220 206
220 219
220 221
220 234
221 78
221 79
221 207
221 220
221 222
222 78
222 79
222 221
222 223
222 236
223 209
223 222
223 347
223 348
224 225
224 346
224 351
224 352
225 211
225 224
225 226
225 346
225 352
226 80
226 90
226 225
226 239
227 80
227 81
227 90
227 213
227 228
227 240
228 214
228 227
228 229
228 241
229 215
229 228
229 230
229 242
230 216
230 229
230 231
230 243
231 217
231 230
231 232
231 244
232 218
232 231
232 233
232 245
233 219
233 232
233 234
233 246
234 88
234 89
234 99
234 220
234 233
234 235
235 89
235 99
235 234
235 248
236 222
236 237
236 347
236 353
237 236
237 250
237 347
237 353
237 354
238 239
238 251
238 358
238 359
239 90
239 226
239 238
239 240
239 252
239 359
240 90
240 91
240 100
240 227
240 239
240 241
241 92
241 100
241 101
241 228
241 240
241 242
242 229
242 241
242 243
242 255
243 230
243 242
243 244
243 256
244 231
244 243
244 245
244 257
245 232
245 244
245 246
245 258
246 97
246 106
246 107
246 233
246 245
246 259
247 98
247 107
247 248
247 260
248 98
248 99
248 235
248 247
248 249
249 248
249 250
249 262
249 360
249 361
250 237
250 249
250 353
250 361
250 362
251 238
251 252
251 358
251 359
251 365
251 366
252 239
252 251
252 253
252 359
252 366
252 367
253 100
253 252
253 254
253 264
253 367
254 100
254 101
254 253
254 265
255 102
255 108
255 242
255 256
255 266
256 103
256 109
256 243
256 255
256 257
256 267
257 104
257 110
257 244
257 256
257 268
258 105
258 111
258 245
258 259
258 269
259 106
259 107
259 246
259 258
259 260
260 107
260 247
260 259
260 271
261 272
261 360
261 368
261 369
262 249
262 360
262 361
262 369
262 370
263 264
263 366
263 367
263 373
263 374
264 253
264 263
264 265
264 273
264 367
264 374
265 254
265 264
265 274
265 375
266 108
266 255
266 275
266 376
267 103
267 108
267 109
267 256
268 104
268 110
268 111
268 257
268 277
269 105
269 111
269 258
269 278
269 377
270 271
270 279
270 377
270 378
271 260
271 270
271 368
271 379
272 261
272 368
272 369
272 379
272 380
273 264
273 274
273 374
273 375
273 383
274 265
274 273
274 375
274 376
274 384
275 266
275 276
275 376
275 385
276 275
276 277
276 386
276 387
277 268
277 276
277 278
277 387
278 269
278 277
278 377
278 388
279 270
279 377
279 378
279 389
280 281
280 289
280 407
280 408
280 418
280 419
281 280
281 282
281 290
281 408
281 419
282 281
282 283
282 291
282 409
283 282
283 284
283 292
283 410
284 283
284 285
284 293
284 411
285 284
285 286
285 294
285 412
286 285
286 287
286 295
286 413
286 420
287 286
287 296
287 413
287 414
287 420
287 421
288 289
288 299
288 417
288 426
289 280
289 288
289 300
289 418
290 112
290 281
290 301
290 419
291 113
291 282
291 292
291 302
292 114
292 283
292 291
292 293
293 115
293 284
293 292
293 294
294 116
294 285
294 293
294 303
295 117
295 286
295 304
295 420
296 118
296 287
296 297
296 305
296 421
297 296
297 306
297 422
297 427
298 299
298 309
298 425
298 426
298 432
299 119
299 288
299 298
299 426
300 119
300 120
300 289
300 311
301 112
301 121
301 290
301 302
302 112
302 113
302 121
302 122
302 291
302 301
303 116
303 117
303 125
303 294
304 117
304 118
304 126
304 295
305 118
305 127
305 128
305 296
306 128
306 297
306 307
306 427
307 306
307 314
307 427
307 428
307 433
308 309
308 317
308 431
308 432
309 129
309 298
309 308
309 432
310 119
310 129
310 130
310 311
310 319
311 119
311 120
311 130
311 131
311 300
311 310
312 127
312 128
312 138
312 139
312 313
313 128
313 139
313 140
313 312
313 320
314 140
314 307
314 315
314 433
315 314
315 322
315 433
315 434
316 317
316 324
316 436
316 437
316 441
316 442
317 141
317 308
317 316
317 318
317 437
318 129
318 141
318 142
318 317
319 129
319 130
319 142
319 143
319 310
320 139
320 140
320 152
320 153
320 313
320 321
321 140
321 153
321 320
321 322
322 315
322 321
322 323
322 438
323 322
323 329
323 438
323 439
323 443
323 444
324 316
324 325
324 330
324 441
324 442
325 154
325 324
325 326
325 442
326 141
326 154
326 155
326 325
327 166
327 167
327 328
327 333
328 167
328 327
328 329
328 443
329 323
329 328
329 335
329 443
329 444
330 324
330 331
330 336
330 447
331 168
331 330
331 332
331 337
332 154
332 168
332 169
332 331
333 167
333 180
333 181
333 327
333 334
334 181
334 333
334 335
334 338
335 329
335 334
335 339
335 448
336 330
336 337
336 340
336 451
337 182
337 331
337 336
337 341
338 195
338 334
338 339
338 342
339 335
339 338
339 343
339 452
340 336
340 341
340 344
340 455
341 196
341 337
341 340
341 345
342 209
342 338
342 343
342 348
343 339
343 342
343 349
343 456
344 340
344 345
344 350
344 459
345 210
345 341
345 344
345 346
346 210
346 211
346 224
346 225
346 345
346 352
347 223
347 236
347 237
347 348
347 353
348 223
348 342
348 347
348 349
349 343
349 348
349 355
349 460
350 344
350 351
350 356
350 463
350 464
351 224
351 350
351 352
351 464
352 224
352 225
352 346
352 351
353 236
353 237
353 250
353 347
353 354
354 237
354 353
354 355
354 465
355 349
355 354
355 363
355 465
355 466
356 350
356 357
356 463
356 464
356 468
356 469
357 356
357 358
357 364
357 469
358 238
358 251
358 357
358 359
359 238
359 239
359 251
359 252
359 358
359 366
360 249
360 261
360 262
360 369
361 249
361 250
361 262
361 362
362 250
362 361
362 363
362 371
362 470
363 355
363 362
363 465
363 466
363 470
363 471
364 357
364 365
364 473
364 474
365 251
365 364
365 372
365 474
366 251
366 252
366 263
366 359
366 367
367 252
367 253
367 263
367 264
367 366
368 261
368 271
368 272
368 369
368 379
369 261
369 262
369 272
369 360
369 368
370 262
370 371
370 381
370 475
371 362
371 370
371 475
371 476
372 365
372 373
372 474
372 479
372 480
373 263
373 372
373 382
373 480
374 263
374 264
374 273
374 383
375 265
375 273
375 274
375 376
375 384
376 266
376 274
376 275
376 375
376 385
377 269
377 270
377 278
377 279
377 378
377 388
378 270
378 279
378 377
378 389
379 271
379 272
379 368
379 390
380 272
380 381
380 391
380 481
381 370
381 380
381 475
381 481
381 482
382 373
382 383
382 480
382 485
383 273
383 374
383 382
383 392
383 486
384 274
384 375
384 393
384 487
385 275
385 376
385 386
385 394
386 276
386 385
386 387
386 395
387 276
387 277
387 386
387 388
387 396
388 278
388 377
388 387
388 397
389 279
389 378
389 398
389 488
390 379
390 391
390 399
390 489
391 380
391 390
391 481
391 490
392 383
392 393
392 486
392 487
392 493
392 494
393 384
393 392
393 394
393 487
393 494
394 385
394 393
394 395
394 495
395 386
395 394
395 396
395 496
396 387
396 395
396 397
396 497
397 388
397 396
397 398
397 498
398 389
398 397
398 399
398 488
398 499
399 390
399 398
399 488
399 489
399 499
399 500
400 401
400 408
400 409
400 509
400 510
400 519
400 520
401 400
401 402
401 409
401 510
401 520
402 401
402 403
402 410
402 411
402 511
403 402
403 404
403 411
403 512
404 403
404 405
404 412
404 513
404 521
405 404
405 412
405 413
405 513
405 514
405 521
405 522
406 407
406 417
406 418
406 517
406 528
407 280
407 406
407 418
407 419
408 280
408 281
408 400
408 419
409 282
409 400
409 401
409 410
409 520
410 283
410 402
410 409
410 411
411 284
411 402
411 403
411 410
412 285
412 404
412 405
412 521
413 286
413 287
413 405
413 420
414 287
414 415
414 420
414 421
415 414
415 421
415 422
415 524
415 529
416 417
416 425
416 426
416 527
417 288
417 406
417 416
417 418
418 280
418 289
418 406
418 407
418 417
419 280
419 281
419 290
419 407
419 408
420 286
420 287
420 295
420 413
420 414
421 287
421 296
421 414
421 415
422 297
422 415
422 423
422 427
423 422
423 427
423 428
423 530
424 425
424 431
424 432
424 533
425 298
425 416
425 424
425 426
425 432
425 534
426 288
426 298
426 299
426 416
426 425
427 297
427 306
427 307
427 422
427 423
427 428
428 307
428 423
428 427
428 429
428 433
428 535
429 428
429 433
429 434
429 536
430 431
430 436
430 437
430 538
430 539
431 308
431 424
431 430
431 432
432 298
432 308
432 309
432 424
432 425
432 431
433 307
433 314
433 315
433 428
433 429
434 315
434 429
434 435
434 438
435 434
435 438
435 439
435 540
435 541
436 316
436 430
436 437
436 442
437 316
437 317
437 430
437 436
438 322
438 323
438 434
438 435
438 439
439 323
439 435
439 438
439 443
440 441
440 446
440 447
440 546
440 547
440 550
440 551
441 316
441 324
441 440
441 442
442 316
442 324
442 325
442 436
442 441
443 323
443 328
443 329
443 439
443 444
444 323
444 329
444 443
444 445
445 444
445 448
445 449
445 548
445 549
445 552
445 553
446 440
446 447
446 450
446 550
446 551
447 330
447 440
447 446
447 451
447 551
448 335
448 445
448 449
448 452
448 552
449 445
449 448
449 453
449 552
449 553
450 446
450 451
450 454
450 455
450 554
451 336
451 447
451 450
451 455
452 339
452 448
452 453
452 456
453 449
453 452
453 456
453 457
453 555
454 450
454 455
454 458
454 556
455 340
455 450
455 451
455 454
456 343
456 452
456 453
456 457
457 453
457 456
457 461
457 557
458 454
458 459
458 462
458 558
458 559
459 344
459 458
459 462
459 559
460 349
460 461
460 467
460 560
461 457
461 460
461 467
461 560
461 561
462 458
462 459
462 463
462 558
462 559
462 562
462 563
463 350
463 356
463 462
463 464
464 350
464 351
464 356
464 463
464 468
465 354
465 355
465 363
465 466
465 471
466 355
466 363
466 465
466 467
467 460
467 461
467 466
467 560
467 561
467 564
467 565
468 356
468 464
468 469
468 472
469 356
469 357
469 468
469 472
469 473
470 362
470 363
470 471
470 477
471 363
471 465
471 470
471 477
472 468
472 469
472 473
472 570
472 571
473 364
473 469
473 472
473 478
474 364
474 365
474 372
474 478
474 479
475 370
475 371
475 381
475 476
475 482
475 483
476 371
476 475
476 477
476 483
477 470
477 471
477 476
477 572
477 573
478 473
478 474
478 479
478 575
479 372
479 474
479 478
479 480
479 484
479 576
480 372
480 373
480 382
480 479
480 484
480 485
481 380
481 381
481 391
481 482
481 491
482 381
482 475
482 481
482 483
482 491
482 577
483 475
483 476
483 482
483 578
484 479
484 480
484 485
484 581
485 382
485 480
485 484
485 492
486 383
486 392
486 492
486 493
487 384
487 392
487 393
487 493
487 494
488 389
488 398
488 399
488 499
488 500
489 390
489 399
489 490
489 500
489 501
490 391
490 489
490 491
490 501
491 481
491 482
491 490
491 584
492 485
492 486
492 493
492 582
492 587
493 392
493 486
493 487
493 492
494 392
494 393
494 487
494 502
495 394
495 496
495 502
495 503
495 590
496 395
496 495
496 497
496 504
497 396
497 496
497 504
497 505
498 397
498 506
498 507
498 591
499 398
499 399
499 488
499 507
500 399
500 488
500 489
500 501
501 489
501 490
501 500
501 583
501 594
502 494
502 495
502 503
502 589
502 590
502 597
502 598
503 495
503 502
503 504
503 590
503 598
504 496
504 497
504 503
504 505
504 599
505 497
505 504
505 506
505 600
506 498
506 505
506 507
506 591
506 601
507 498
507 499
507 506
507 591
507 592
507 601
507 602
508 509
508 518
508 519
508 618
509 400
509 508
509 519
509 520
509 608
510 400
510 401
510 511
510 520
510 609
511 402
511 510
511 512
511 610
512 403
512 511
512 513
512 611
513 404
513 405
513 512
513 514
513 521
513 612
514 405
514 513
514 515
514 521
514 522
514 613
515 514
515 522
515 523
515 619
516 517
516 527
516 528
516 616
516 623
516 624
517 406
517 516
517 518
517 528
517 624
518 508
518 517
518 519
518 618
519 400
519 508
519 509
519 518
520 400
520 401
520 409
520 509
520 510
521 404
521 405
521 412
521 513
521 514
522 405
522 514
522 515
522 523
523 515
523 522
523 524
523 619
524 415
524 523
524 525
524 529
524 625
525 524
525 529
525 530
525 621
525 625
525 626
526 527
526 533
526 534
526 622
527 416
527 516
527 526
527 528
527 534
528 406
528 516
528 517
528 527
528 624
529 415
529 524
529 525
529 530
529 625
530 423
530 525
530 529
530 531
530 535
531 530
531 535
531 536
531 627
532 533
532 538
532 539
532 628
532 629
532 634
533 424
533 526
533 532
533 534
533 539
534 425
534 526
534 527
534 533
535 428
535 530
535 531
535 536
536 429
536 531
536 535
536 537
536 540
537 536
537 540
537 541
537 630
537 631
537 635
538 430
538 532
538 539
538 543
538 634
539 430
539 532
539 533
539 538
539 634
540 435
540 536
540 537
540 541
540 635
541 435
541 537
541 540
541 544
541 635
542 543
542 546
542 547
542 639
543 538
543 542
543 547
543 639
544 541
544 545
544 548
544 640
545 544
545 548
545 549
545 640
546 440
546 542
546 547
546 550
546 551
546 642
547 440
547 542
547 543
547 546
548 445
548 544
548 545
548 549
549 445
549 545
549 548
549 552
549 643
550 440
550 446
550 546
550 551
550 554
550 644
551 440
551 446
551 447
551 546
551 550
552 445
552 448
552 449
552 549
552 553
553 445
553 449
553 552
553 555
553 645
554 450
554 550
554 556
554 647
555 453
555 553
555 557
555 648
556 454
556 554
556 558
556 651
557 457
557 555
557 561
557 652
558 458
558 462
558 556
558 559
558 562
558 654
559 458
559 459
559 462
559 558
559 562
560 460
560 461
560 467
560 561
560 565
561 461
561 467
561 557
561 560
561 565
561 655
562 462
562 558
562 559
562 563
562 566
562 656
563 462
563 562
563 566
563 567
564 467
564 565
564 568
564 569
565 467
565 560
565 561
565 564
565 569
565 657
566 562
566 563
566 567
566 659
567 563
567 566
567 570
567 659
568 564
568 569
568 573
568 660
569 564
569 565
569 568
569 660
570 472
570 567
570 571
570 574
570 664
571 472
571 570
571 574
571 575
571 664
572 477
572 573
572 578
572 579
572 665
573 477
573 568
573 572
573 579
573 665
574 570
574 571
574 575
574 664
574 668
574 669
575 478
575 571
575 574
575 576
575 580
576 479
576 575
576 580
576 581
577 482
577 578
577 584
577 585
578 483
578 572
578 577
578 579
578 585
579 572
579 573
579 578
579 665
579 670
579 671
580 575
580 576
580 581
580 672
581 484
581 576
581 580
581 582
581 586
582 492
582 581
582 586
582 587
582 674
583 501
583 584
583 594
583 595
583 675
584 491
584 577
584 583
584 585
584 595
585 577
585 578
585 584
585 677
586 581
586 582
586 587
586 673
586 674
586 678
587 492
587 582
587 586
587 588
587 674
588 587
588 589
588 596
588 680
589 502
589 588
589 596
589 597
590 495
590 502
590 503
590 597
590 598
591 498
591 506
591 507
591 601
591 602
592 507
592 593
592 602
592 603
593 592
593 594
593 603
593 681
594 501
594 583
594 593
594 595
594 675
595 583
595 584
595 594
595 675
595 676
595 683
596 588
596 589
596 597
596 680
597 502
597 589
597 590
597 596
597 598
597 686
598 502
598 503
598 590
598 597
598 599
598 687
599 504
599 598
599 600
599 688
600 505
600 599
600 601
600 689
601 506
601 507
601 591
601 600
601 602
601 690
602 507
602 591
602 592
602 601
602 603
602 691
603 592
603 593
603 602
603 681
604 605
604 610
604 611
604 697
604 704
604 705
605 604
605 610
605 611
605 698
605 705
606 607
606 617
606 618
606 700
606 711
606 712
607 606
607 608
607 618
607 712
608 509
608 607
608 609
608 702
609 510
609 608
609 610
609 703
610 511
610 604
610 605
610 609
610 611
610 704
611 512
611 604
611 605
611 610
611 612
611 705
612 513
612 611
612 613
612 706
613 514
613 612
613 614
613 707
614 613
614 615
614 619
614 708
614 713
615 614
615 619
615 620
615 713
615 714
616 516
616 617
616 623
616 624
616 710
617 606
617 616
617 618
617 624
618 508
618 518
618 606
618 607
618 617
619 515
619 523
619 614
619 615
619 620
620 615
620 619
620 621
620 625
621 525
621 620
621 625
621 626
621 715
622 526
622 623
622 629
622 716
623 516
623 616
623 622
623 624
623 717
624 516
624 517
624 528
624 616
624 617
624 623
625 524
625 525
625 529
625 620
625 621
625 626
626 525
626 621
626 625
626 627
626 718
627 531
627 626
627 630
627 719
628 532
628 629
628 633
628 634
628 720
629 532
629 622
629 628
629 634
629 721
630 537
630 627
630 631
630 635
630 722
631 537
631 630
631 635
631 636
631 723
632 633
632 638
632 639
632 725
632 729
633 628
633 632
633 634
633 639
634 532
634 538
634 539
634 628
634 629
634 633
635 537
635 540
635 541
635 630
635 631
635 636
636 631
636 635
636 637
636 640
637 636
637 640
637 641
637 726
637 727
637 730
638 632
638 639
638 642
638 728
638 729
639 542
639 543
639 632
639 633
639 638
640 544
640 545
640 636
640 637
640 641
641 637
641 640
641 643
641 730
642 546
642 638
642 644
642 732
643 549
643 641
643 645
643 733
644 550
644 642
644 647
644 735
645 553
645 643
645 648
645 736
646 647
646 650
646 651
646 738
646 739
646 743
647 554
647 644
647 646
647 650
647 651
647 739
648 555
648 645
648 649
648 652
648 653
648 740
649 648
649 652
649 653
649 740
649 741
649 744
650 646
650 647
650 651
650 739
650 742
650 743
651 556
651 646
651 647
651 650
651 654
651 743
652 557
652 648
652 649
652 653
652 655
652 744
653 648
653 649
653 652
653 744
653 745
654 558
654 651
654 656
654 747
655 561
655 652
655 657
655 748
656 562
656 654
656 658
656 750
657 565
657 655
657 661
657 751
658 656
658 659
658 662
658 753
659 566
659 567
659 658
659 662
659 663
660 568
660 569
660 661
660 666
660 667
661 657
661 660
661 667
661 754
661 755
662 658
662 659
662 663
662 753
662 756
662 757
663 659
663 662
663 664
663 668
664 570
664 571
664 574
664 663
664 668
664 669
665 572
665 573
665 579
665 666
665 670
665 671
666 660
666 665
666 667
666 671
667 660
667 661
667 666
667 754
667 758
668 574
668 663
668 664
668 669
668 760
669 574
669 664
669 668
669 672
669 761
670 579
670 665
670 671
670 677
670 762
671 579
671 665
671 666
671 670
671 763
672 580
672 669
672 673
672 764
673 586
673 672
673 674
673 678
673 765
674 582
674 586
674 587
674 673
674 678
674 679
675 583
675 594
675 595
675 676
675 682
675 683
676 595
676 675
676 677
676 683
676 766
677 585
677 670
677 676
677 767
678 586
678 673
678 674
678 679
678 768
679 674
679 678
679 680
679 684
680 588
680 596
680 679
680 684
680 685
681 593
681 603
681 682
681 692
681 693
682 675
682 681
682 683
682 693
683 595
683 675
683 676
683 682
683 773
684 679
684 680
684 685
684 769
684 770
685 680
685 684
685 686
685 770
685 775
686 597
686 685
686 687
686 776
687 598
687 686
687 688
687 777
688 599
688 687
688 689
688 694
688 695
688 778
689 600
689 688
689 690
689 694
689 695
689 779
690 601
690 689
690 691
690 780
691 602
691 690
691 692
691 781
692 681
692 691
692 693
692 771
693 681
693 682
693 692
693 771
693 772
693 783
694 688
694 689
694 695
694 778
694 779
694 785
695 688
695 689
695 694
695 778
695 779
695 786
696 697
696 703
696 704
696 788
696 795
697 604
697 696
697 704
697 705
698 605
698 699
698 705
698 797
699 698
699 706
699 791
699 798
700 606
700 701
700 711
700 712
700 804
701 700
701 702
701 712
701 804
702 608
702 701
702 703
702 794
703 609
703 696
703 702
703 795
704 604
704 610
704 696
704 697
704 705
705 604
705 605
705 611
705 697
705 698
705 704
706 612
706 699
706 707
706 798
707 613
707 706
707 708
707 799
708 614
708 707
708 709
708 713
709 708
709 713
709 714
709 805
710 616
710 711
710 717
710 802
711 606
711 700
711 710
711 712
712 606
712 607
712 700
712 701
712 711
713 614
713 615
713 708
713 709
713 714
714 615
714 709
714 713
714 715
715 621
715 714
715 718
715 807
716 622
716 717
716 721
716 808
717 623
717 710
717 716
717 809
718 626
718 715
718 719
718 810
719 627
719 718
719 722
719 811
720 628
720 721
720 725
720 812
721 629
721 716
721 720
721 813
722 630
722 719
722 723
722 814
723 631
723 722
723 726
723 815
724 725
724 728
724 729
724 821
725 632
725 720
725 724
725 729
726 637
726 723
726 727
726 730
727 637
727 726
727 730
727 731
727 822
728 638
728 724
728 729
728 732
729 632
729 638
729 724
729 725
729 728
730 637
730 641
730 726
730 727
730 731
731 727
731 730
731 733
731 822
732 642
732 728
732 735
732 824
733 643
733 731
733 736
733 825
734 735
734 738
734 739
734 826
734 827
735 644
735 732
735 734
735 827
736 645
736 733
736 737
736 828
737 736
737 740
737 741
737 828
737 829
738 646
738 734
738 739
738 831
739 646
739 647
739 650
739 734
739 738
739 743
740 648
740 649
740 737
740 741
740 744
741 649
741 737
741 740
741 744
742 650
742 743
742 746
742 835
743 646
743 650
743 651
743 739
743 742
744 649
744 652
744 653
744 740
744 741
744 745
745 653
745 744
745 749
745 836
746 742
746 747
746 838
746 839
747 654
747 746
747 750
747 839
748 655
748 749
748 751
748 840
749 745
749 748
749 840
749 841
750 656
750 747
750 752
750 842
751 657
751 748
751 755
751 843
752 750
752 753
752 756
752 845
753 658
753 662
753 752
753 756
753 757
754 661
754 667
754 755
754 758
754 759
755 661
755 751
755 754
755 759
756 662
756 752
756 753
756 757
756 845
757 662
757 753
757 756
757 760
758 667
758 754
758 759
758 763
759 754
759 755
759 758
759 846
760 668
760 757
760 761
760 852
761 669
761 760
761 764
761 853
762 670
762 763
762 767
762 854
763 671
763 758
763 762
763 855
764 672
764 761
764 765
764 856
765 673
765 764
765 768
765 857
766 676
766 767
766 773
766 858
767 677
767 762
767 766
767 859
768 678
768 765
768 769
768 860
769 684
769 768
769 770
769 774
770 684
770 685
770 769
770 774
770 775
771 692
771 693
771 772
771 782
771 783
772 693
772 771
772 773
772 783
773 683
773 766
773 772
773 865
774 769
774 770
774 775
774 862
775 685
775 770
775 774
775 776
776 686
776 775
776 777
776 868
777 687
777 776
777 784
777 869
778 688
778 694
778 695
778 779
778 784
778 785
779 689
779 694
779 695
779 778
779 786
780 690
780 781
780 787
780 872
781 691
781 780
781 782
781 873
782 771
782 781
782 783
782 863
783 693
783 771
783 772
783 782
783 863
784 777
784 778
784 785
784 869
784 876
785 694
785 778
785 784
785 870
786 695
786 779
786 787
786 871
787 780
787 786
787 872
787 879
788 696
788 795
788 880
788 887
789 796
789 797
789 881
789 888
790 791
790 797
790 882
790 889
791 699
791 790
791 798
791 883
791 890
792 793
792 803
792 804
792 884
792 885
792 895
793 792
793 794
793 804
793 885
794 702
794 793
794 795
794 886
795 696
795 703
795 788
795 794
795 880
795 887
796 789
796 797
796 881
796 888
797 698
797 789
797 790
797 796
797 882
797 889
798 699
798 706
798 791
798 799
798 883
798 890
799 707
799 798
799 800
799 891
800 799
800 801
800 805
800 892
801 800
801 805
801 806
801 892
801 893
801 896
802 710
802 803
802 809
802 894
802 899
803 792
803 802
803 804
803 884
803 895
804 700
804 701
804 792
804 793
804 803
805 709
805 800
805 801
805 806
806 801
806 805
806 807
806 893
806 896
807 715
807 806
807 810
807 897
807 900
808 716
808 809
808 813
808 898
808 899
809 717
809 802
809 808
809 894
809 898
809 899
810 718
810 807
810 811
810 897
810 900
811 719
811 810
811 814
811 901
811 904
812 720
812 813
812 817
812 902
812 903
813 721
813 808
813 812
813 902
813 903
814 722
814 811
814 815
814 901
814 904
814 905
815 723
815 814
815 818
815 904
815 905
816 817
816 820
816 821
816 906
816 907
816 910
817 812
817 816
817 821
817 906
817 907
818 815
818 819
818 822
818 908
818 909
819 818
819 822
819 823
819 908
819 909
819 911
820 816
820 821
820 824
820 910
821 724
821 816
821 817
821 820
822 727
822 731
822 818
822 819
822 823
823 819
823 822
823 825
823 911
824 732
824 820
824 827
824 912
825 733
825 823
825 828
825 913
826 734
826 827
826 830
826 914
826 915
827 734
827 735
827 824
827 826
827 914
827 915
828 736
828 737
828 825
828 829
828 916
828 917
829 737
829 828
829 916
829 917
830 826
830 831
830 834
830 918
830 919
831 738
831 830
831 835
831 918
831 919
832 833
832 836
832 920
832 921
833 832
833 836
833 920
833 921
834 830
834 835
834 922
834 923
835 742
835 831
835 834
835 922
835 923
836 745
836 832
836 833
836 837
836 924
836 925
837 836
837 841
837 924
837 925
838 746
838 839
838 926
838 927
839 746
839 747
839 838
839 842
839 926
839 927
840 748
840 749
840 841
840 843
840 928
840 929
841 749
841 837
841 840
841 928
841 929
842 750
842 839
842 844
842 930
843 751
843 840
843 847
843 931
844 842
844 845
844 848
844 932
845 752
845 756
845 844
845 848
845 849
846 759
846 847
846 850
846 851
847 843
847 846
847 851
847 933
848 844
848 845
848 849
848 932
848 934
848 935
849 845
849 848
849 852
849 934
849 935
850 846
850 851
850 855
850 936
850 937
851 846
851 847
851 850
851 933
851 936
851 937
852 760
852 849
852 853
852 938
852 939
853 761
853 852
853 856
853 938
853 939
853 942
854 762
854 855
854 859
854 940
854 941
855 763
855 850
855 854
855 940
855 941
856 764
856 853
856 857
856 939
856 942
857 765
857 856
857 860
857 943
857 946
858 766
858 859
858 865
858 944
858 945
858 949
859 767
859 854
859 858
859 944
859 945
860 768
860 857
860 861
860 943
860 946
861 860
861 862
861 866
861 947
861 950
862 774
862 861
862 866
862 867
863 782
863 783
863 864
863 874
863 875
864 863
864 865
864 875
864 948
864 959
865 773
865 858
865 864
865 944
865 949
866 861
866 862
866 867
866 947
866 950
866 951
867 862
867 866
867 868
867 951
868 776
868 867
868 869
868 952
869 777
869 784
869 868
869 876
869 953
869 960
870 785
870 871
870 877
870 954
870 961
871 786
871 870
871 878
871 955
871 962
872 780
872 787
872 873
872 879
872 956
872 963
873 781
873 872
873 874
873 957
874 863
874 873
874 875
874 958
875 863
875 864
875 874
875 948
875 958
875 959
876 784
876 869
876 877
876 953
876 960
877 870
877 876
877 878
877 954
877 961
878 871
878 877
878 955
878 962
879 787
879 872
879 956
879 963
880 788
880 795
880 886
880 887
880 888
881 789
881 796
881 882
881 888
882 790
882 797
882 881
882 889
883 791
883 798
883 889
883 890
883 891
884 792
884 803
884 885
884 895
885 792
885 793
885 884
885 886
886 794
886 880
886 885
886 887
887 788
887 795
887 880
887 886
888 789
888 796
888 880
888 881
889 790
889 797
889 882
889 883
890 791
890 798
890 883
890 891
891 799
891 883
891 890
891 892
892 800
892 801
892 891
892 893
893 801
893 806
893 892
893 896
894 802
894 809
894 895
894 899
895 792
895 803
895 884
895 894
896 801
896 806
896 893
896 897
897 807
897 810
897 896
897 900
898 808
898 809
898 899
898 903
899 802
899 808
899 809
899 894
899 898
900 807
900 810
900 897
900 901
901 811
901 814
901 900
901 904
902 812
902 813
902 903
902 907
903 812
903 813
903 898
903 902
904 811
904 814
904 815
904 901
904 905
905 814
905 815
905 904
905 908
906 816
906 817
906 907
906 910
907 816
907 817
907 902
907 906
908 818
908 819
908 905
908 909
909 818
909 819
909 908
909 911
910 816
910 820
910 906
910 912
911 819
911 823
911 909
911 913
912 824
912 910
912 914
912 915
913 825
913 911
913 916
913 917
914 826
914 827
914 912
914 915
914 919
915 826
915 827
915 912
915 914
916 828
916 829
916 913
916 917
917 828
917 829
917 913
917 916
917 920
918 830
918 831
918 919
918 922
919 830
919 831
919 914
919 918
920 832
920 833
920 917
920 921
921 832
921 833
921 920
921 925
922 834
922 835
922 918
922 923
923 834
923 835
923 922
923 926
924 836
924 837
924 925
924 929
925 836
925 837
925 921
925 924
926 838
926 839
926 923
926 927
926 930
927 838
927 839
927 926
927 930
928 840
928 841
928 929
928 931
929 840
929 841
929 924
929 928
929 931
930 842
930 926
930 927
930 932
931 843
931 928
931 929
931 933
932 844
932 848
932 930
932 934
933 847
933 851
933 931
933 937
934 848
934 849
934 932
934 935
935 848
935 849
935 934
935 938
936 850
936 851
936 937
936 941
937 850
937 851
937 933
937 936
938 852
938 853
938 935
938 939
939 852
939 853
939 856
939 938
939 942
940 854
940 855
940 941
940 945
941 854
941 855
941 936
941 940
942 853
942 856
942 939
942 943
943 857
943 860
943 942
943 946
944 858
944 859
944 865
944 945
944 949
945 858
945 859
945 940
945 944
946 857
946 860
946 943
946 947
947 861
947 866
947 946
947 950
948 864
948 875
948 949
948 959
949 858
949 865
949 944
949 948
950 861
950 866
950 947
950 951
951 866
951 867
951 950
951 952
952 868
952 951
952 953
952 960
953 869
953 876
953 952
953 960
954 870
954 877
954 960
954 961
955 871
955 878
955 962
955 963
956 872
956 879
956 957
956 963
957 873
957 956
957 958
957 963
958 874
958 875
958 957
958 959
959 864
959 875
959 948
959 958
960 869
960 876
960 952
960 953
960 954
961 870
961 877
961 954
961 962
962 871
962 878
962 955
962 961
963 872
963 879
963 955
963 956
963 957
