0 1
0 9
0 50
0 60
1 0
1 2
1 9
1 51
2 1
2 3
2 52
2 53
3 2
3 4
3 53
3 54
4 3
4 5
4 53
4 54
5 4
5 6
5 54
5 55
6 5
6 7
6 10
6 56
7 6
7 10
7 11
7 57
7 61
8 9
8 14
8 59
8 65
9 0
9 1
9 8
9 50
9 60
10 6
10 7
10 11
10 61
11 7
11 10
11 12
11 61
12 11
12 15
12 62
12 66
13 14
13 17
13 18
13 64
13 65
14 8
14 13
14 18
14 65
15 12
15 16
15 19
15 66
16 15
16 19
16 20
16 66
16 67
17 13
17 18
17 21
17 22
17 69
18 13
18 14
18 17
18 22
19 15
19 16
19 20
19 23
20 16
20 19
20 23
20 24
20 70
21 17
21 22
21 25
21 73
22 17
22 18
22 21
22 26
23 19
23 20
23 24
23 27
24 20
24 23
24 28
24 74
25 21
25 26
25 29
25 77
26 22
26 25
26 29
26 30
27 23
27 28
27 31
27 32
28 24
28 27
28 32
28 78
29 25
29 26
29 30
29 33
29 81
30 26
30 29
30 33
30 34
31 27
31 32
31 35
31 36
32 27
32 28
32 31
32 36
32 82
33 29
33 30
33 34
33 84
33 85
34 30
34 33
34 37
34 85
35 31
35 36
35 41
35 86
36 31
36 32
36 35
36 86
36 87
37 34
37 38
37 85
37 89
38 37
38 39
38 42
38 90
39 38
39 42
39 43
39 90
40 41
40 48
40 49
40 91
40 101
41 35
41 40
41 86
41 92
42 38
42 39
42 43
42 90
42 94
43 39
43 42
43 44
43 95
44 43
44 45
44 96
44 97
45 44
45 46
45 97
45 98
46 45
46 47
46 97
46 98
47 46
47 48
47 98
47 99
48 40
48 47
48 49
48 100
49 40
49 48
49 91
49 101
50 0
50 9
50 51
50 60
50 103
51 1
51 50
51 52
51 104
52 2
52 51
52 53
52 105
53 2
53 3
53 4
53 52
53 54
53 106
54 3
54 4
54 5
54 53
54 55
54 107
55 5
55 54
55 56
55 108
56 6
56 55
56 57
56 109
57 7
57 56
57 61
57 110
57 115
58 59
58 64
58 65
58 112
58 113
58 119
59 8
59 58
59 60
59 65
60 0
60 9
60 50
60 59
60 114
61 7
61 10
61 11
61 57
61 62
61 115
62 12
62 61
62 63
62 66
63 62
63 66
63 67
63 116
63 117
63 120
64 13
64 58
64 65
64 69
65 8
65 13
65 14
65 58
65 59
65 64
66 12
66 15
66 16
66 62
66 63
66 67
67 16
67 63
67 66
67 70
68 69
68 72
68 73
68 122
68 123
69 17
69 64
69 68
69 73
69 123
70 20
70 67
70 71
70 124
71 70
71 74
71 75
71 124
71 125
72 68
72 73
72 76
72 126
73 21
73 68
73 69
73 72
73 77
74 24
74 71
74 75
74 78
75 71
75 74
75 79
75 127
76 72
76 77
76 80
76 128
77 25
77 73
77 76
77 80
78 28
78 74
78 79
78 82
78 83
79 75
79 78
79 83
79 129
80 76
80 77
80 81
80 130
80 131
81 29
81 80
81 84
81 131
82 32
82 78
82 83
82 87
82 132
83 78
83 79
83 82
83 132
83 133
84 33
84 81
84 85
84 88
85 33
85 34
85 37
85 84
85 88
85 89
86 35
86 36
86 41
86 87
86 92
86 93
87 36
87 82
87 86
87 93
88 84
88 85
88 89
88 135
88 138
88 139
89 37
89 85
89 88
89 90
90 38
90 39
90 42
90 89
90 94
90 140
91 40
91 49
91 92
91 101
91 141
92 41
92 86
92 91
92 93
93 86
93 87
93 92
93 136
93 142
93 143
94 42
94 90
94 95
94 140
94 145
95 43
95 94
95 96
95 146
96 44
96 95
96 97
96 147
97 44
97 45
97 46
97 96
97 98
97 148
98 45
98 46
98 47
98 97
98 99
98 149
99 47
99 98
99 100
99 150
100 48
100 99
100 101
100 151
101 40
101 49
101 91
101 100
101 152
102 103
102 113
102 114
102 154
102 155
102 165
103 50
103 102
103 104
103 114
103 155
104 51
104 103
104 105
104 156
105 52
105 104
105 106
105 157
106 53
106 105
106 107
106 158
107 54
107 106
107 108
107 159
108 55
108 107
108 109
108 160
109 56
109 108
109 110
109 161
110 57
110 109
110 111
110 115
110 162
111 110
111 115
111 116
111 162
111 163
111 166
112 58
112 113
112 119
112 164
113 58
113 102
113 112
113 114
113 165
114 60
114 102
114 103
114 113
115 57
115 61
115 110
115 111
115 116
116 63
116 111
116 115
116 117
116 166
117 63
117 116
117 120
117 167
118 119
118 122
118 123
118 168
118 169
119 58
119 112
119 118
119 123
120 63
120 117
120 121
120 124
121 120
121 124
121 125
121 170
121 171
122 68
122 118
122 123
122 126
123 68
123 69
123 118
123 119
123 122
124 70
124 71
124 120
124 121
124 125
125 71
125 121
125 124
125 127
126 72
126 122
126 128
126 177
127 75
127 125
127 129
127 178
128 76
128 126
128 130
128 181
129 79
129 127
129 133
129 182
130 80
130 128
130 131
130 134
131 80
131 81
131 130
131 134
131 135
132 82
132 83
132 133
132 136
132 137
133 83
133 129
133 132
133 137
134 130
134 131
134 135
134 188
134 189
135 88
135 131
135 134
135 138
136 93
136 132
136 137
136 143
137 132
137 133
137 136
137 190
137 191
138 88
138 135
138 139
138 192
139 88
139 138
139 140
139 144
139 193
140 90
140 94
140 139
140 144
140 145
141 91
141 142
141 152
141 153
142 93
142 141
142 143
142 153
142 194
143 93
143 136
143 142
143 195
144 139
144 140
144 145
144 193
144 196
144 197
145 94
145 140
145 144
145 146
145 197
146 95
146 145
146 147
146 198
147 96
147 146
147 148
147 199
148 97
148 147
148 149
148 200
149 98
149 148
149 150
149 201
150 99
150 149
150 151
150 202
151 100
151 150
151 152
151 203
152 101
152 141
152 151
152 153
152 204
153 141
153 142
153 152
153 194
153 204
153 205
154 102
154 155
154 165
154 206
155 102
155 103
155 154
155 156
155 207
156 104
156 155
156 157
156 208
157 105
157 156
157 158
157 209
158 106
158 157
158 159
158 210
159 107
159 158
159 160
159 211
160 108
160 159
160 161
160 212
161 109
161 160
161 162
161 213
162 110
162 111
162 161
162 163
162 214
163 111
163 162
163 166
163 215
164 112
164 165
164 169
164 216
165 102
165 113
165 154
165 164
165 217
166 111
166 116
166 163
166 167
166 218
167 117
167 166
167 170
167 219
167 222
168 118
168 169
168 173
168 221
169 118
169 164
169 168
169 221
170 121
170 167
170 171
170 222
171 121
171 170
171 174
171 223
172 173
172 176
172 177
172 224
172 225
172 228
173 168
173 172
173 177
173 225
174 171
174 175
174 178
174 226
175 174
175 178
175 179
175 226
175 227
175 229
176 172
176 177
176 180
176 228
177 126
177 172
177 173
177 176
178 127
178 174
178 175
178 179
179 175
179 178
179 183
179 229
180 176
180 181
180 184
180 230
181 128
181 180
181 184
181 185
182 129
182 183
182 186
182 187
183 179
183 182
183 187
183 231
184 180
184 181
184 185
184 230
184 232
184 233
185 181
185 184
185 188
185 233
186 182
186 187
186 191
186 234
187 182
187 183
187 186
187 231
187 234
187 235
188 134
188 185
188 189
188 236
189 134
189 188
189 192
189 237
190 137
190 191
190 195
190 238
191 137
191 186
191 190
191 238
192 138
192 189
192 193
192 237
192 240
193 139
193 144
193 192
193 196
193 241
194 142
194 153
194 195
194 205
194 242
195 143
195 190
195 194
195 243
196 144
196 193
196 197
196 244
197 144
197 145
197 196
197 198
197 245
198 146
198 197
198 199
198 246
199 147
199 198
199 200
199 247
200 148
200 199
200 201
200 248
201 149
201 200
201 202
201 249
202 150
202 201
202 203
202 250
203 151
203 202
203 204
203 251
204 152
204 153
204 203
204 205
204 252
205 153
205 194
205 204
205 253
206 154
206 207
206 217
206 255
207 155
207 206
207 208
207 256
208 156
208 207
208 209
208 257
209 157
209 208
209 210
209 258
210 158
210 209
210 211
210 259
211 159
211 210
211 212
211 260
212 160
212 211
212 213
212 261
213 161
213 212
213 214
213 262
214 162
214 213
214 215
214 263
215 163
215 214
215 218
215 264
216 164
216 217
216 221
216 272
217 165
217 206
217 216
217 267
218 166
218 215
218 219
218 268
219 167
219 218
219 222
219 269
220 221
220 225
220 271
220 272
221 168
221 169
221 216
221 220
221 272
222 167
222 170
222 219
222 223
223 171
223 222
223 226
223 273
223 277
224 172
224 225
224 228
224 275
224 276
225 172
225 173
225 220
225 224
225 276
226 174
226 175
226 223
226 227
226 277
227 175
227 226
227 229
227 277
227 278
228 172
228 176
228 224
228 230
228 279
229 175
229 179
229 227
229 231
229 280
230 180
230 184
230 228
230 232
230 281
231 183
231 187
231 229
231 235
231 282
232 184
232 230
232 233
232 283
232 284
233 184
233 185
233 232
233 236
233 284
234 186
234 187
234 235
234 239
234 285
235 187
235 231
235 234
235 285
235 286
236 188
236 233
236 237
236 284
236 288
237 189
237 192
237 236
237 240
238 190
238 191
238 239
238 243
238 289
239 234
239 238
239 289
239 290
240 192
240 237
240 241
240 292
241 193
241 240
241 244
241 293
242 194
242 243
242 253
242 294
243 195
243 238
243 242
243 289
244 196
244 241
244 245
244 297
245 197
245 244
245 246
245 298
246 198
246 245
246 247
246 299
247 199
247 246
247 248
247 300
248 200
248 247
248 249
248 301
249 201
249 248
249 250
249 302
250 202
250 249
250 251
250 303
251 203
251 250
251 252
251 304
252 204
252 251
252 253
252 305
253 205
253 242
253 252
253 306
254 259
254 260
254 308
254 313
254 314
255 206
255 256
255 267
255 309
256 207
256 255
256 257
256 310
257 208
257 256
257 258
257 311
258 209
258 257
258 259
258 312
259 210
259 254
259 258
259 313
260 211
260 254
260 261
260 314
261 212
261 260
261 262
261 315
262 213
262 261
262 263
262 316
263 214
263 262
263 264
263 317
264 215
264 263
264 268
264 318
265 266
265 271
265 272
265 319
266 265
266 267
266 272
266 320
267 217
267 255
267 266
267 321
268 218
268 264
268 269
268 322
269 219
269 268
269 270
269 323
270 269
270 273
270 323
270 324
270 327
271 220
271 265
271 272
271 276
271 326
272 216
272 220
272 221
272 265
272 266
272 271
273 223
273 270
273 274
273 277
273 327
274 273
274 277
274 278
274 327
274 328
274 330
275 224
275 276
275 279
275 329
276 224
276 225
276 271
276 275
277 223
277 226
277 227
277 273
277 274
277 278
278 227
278 274
278 277
278 280
278 330
279 228
279 275
279 281
279 331
280 229
280 278
280 282
280 332
281 230
281 279
281 283
281 333
282 231
282 280
282 286
282 334
283 232
283 281
283 284
283 287
283 335
284 232
284 233
284 236
284 283
284 287
284 288
285 234
285 235
285 286
285 290
286 235
286 282
286 285
286 336
287 283
287 284
287 288
287 335
287 337
287 338
288 236
288 284
288 287
288 291
288 338
289 238
289 239
289 243
289 290
289 295
289 296
290 239
290 285
290 289
290 296
290 339
291 288
291 292
291 338
291 341
291 342
292 240
292 291
292 293
292 342
293 241
293 292
293 297
293 343
294 242
294 295
294 306
294 344
295 289
295 294
295 296
295 345
296 289
296 290
296 295
296 346
297 244
297 293
297 298
297 347
298 245
298 297
298 299
298 348
299 246
299 298
299 300
299 349
300 247
300 299
300 301
300 350
301 248
301 300
301 307
301 351
302 249
302 303
302 307
302 352
303 250
303 302
303 304
303 353
304 251
304 303
304 305
304 354
305 252
305 304
305 306
305 355
306 253
306 294
306 305
306 356
307 301
307 302
307 351
307 352
307 357
308 254
308 313
308 314
308 358
309 255
309 310
309 321
309 359
310 256
310 309
310 311
310 360
311 257
311 310
311 312
311 361
312 258
312 311
312 313
312 362
313 254
313 259
313 308
313 312
313 314
314 254
314 260
314 308
314 313
314 315
315 261
315 314
315 316
315 365
316 262
316 315
316 317
316 366
317 263
317 316
317 318
317 367
318 264
318 317
318 322
318 368
319 265
319 320
319 326
319 369
320 266
320 319
320 321
320 370
321 267
321 309
321 320
321 371
322 268
322 318
322 323
322 372
323 269
323 270
323 322
323 324
323 373
324 270
324 323
324 327
324 374
325 326
325 329
325 375
325 379
326 271
326 319
326 325
326 376
327 270
327 273
327 274
327 324
327 328
327 377
328 274
328 327
328 330
328 378
329 275
329 325
329 331
329 379
330 274
330 278
330 328
330 332
330 380
331 279
331 329
331 333
331 381
332 280
332 330
332 334
332 382
333 281
333 331
333 335
333 383
334 282
334 332
334 336
334 384
335 283
335 287
335 333
335 337
335 385
336 286
336 334
336 340
336 386
337 287
337 335
337 338
337 387
338 287
338 288
338 291
338 337
338 341
338 388
339 290
339 340
339 346
339 389
340 336
340 339
340 386
340 390
341 291
341 338
341 342
341 391
342 291
342 292
342 341
342 343
342 392
343 293
343 342
343 347
343 393
344 294
344 345
344 356
344 394
345 295
345 344
345 346
345 395
346 296
346 339
346 345
346 396
347 297
347 343
347 348
347 397
348 298
348 347
348 349
348 398
349 299
349 348
349 350
349 399
350 300
350 349
350 351
350 400
351 301
351 307
351 350
351 352
351 357
352 302
352 307
352 351
352 353
352 357
352 402
353 303
353 352
353 354
353 403
354 304
354 353
354 355
354 404
355 305
355 354
355 356
355 405
356 306
356 344
356 355
356 406
357 307
357 351
357 352
357 401
358 308
358 363
358 364
358 408
359 309
359 360
359 371
359 409
360 310
360 359
360 361
360 410
361 311
361 360
361 362
361 411
362 312
362 361
362 363
362 412
363 358
363 362
363 364
363 408
363 413
364 358
364 363
364 365
364 414
365 315
365 364
365 366
365 415
366 316
366 365
366 367
366 416
367 317
367 366
367 368
367 417
368 318
368 367
368 372
368 418
369 319
369 370
369 376
369 419
370 320
370 369
370 371
370 420
371 321
371 359
371 370
371 421
372 322
372 368
372 373
372 422
373 323
373 372
373 374
373 423
374 324
374 373
374 377
374 424
375 325
375 376
375 379
375 425
376 326
376 369
376 375
376 426
377 327
377 374
377 378
377 427
378 328
378 377
378 380
378 428
379 325
379 329
379 375
379 381
379 429
380 330
380 378
380 382
380 428
380 430
381 331
381 379
381 383
381 431
382 332
382 380
382 384
382 432
383 333
383 381
383 385
383 433
384 334
384 382
384 386
384 434
385 335
385 383
385 387
385 435
385 437
386 336
386 340
386 384
386 390
386 436
387 337
387 385
387 388
387 437
388 338
388 387
388 391
388 438
389 339
389 390
389 396
389 439
390 340
390 386
390 389
390 440
391 341
391 388
391 392
391 441
392 342
392 391
392 393
392 442
393 343
393 392
393 397
393 443
394 344
394 395
394 406
394 444
395 345
395 394
395 396
395 445
396 346
396 389
396 395
396 446
397 347
397 393
397 398
397 447
398 348
398 397
398 399
398 448
399 349
399 398
399 400
399 449
400 350
400 399
400 401
400 407
400 450
401 357
401 400
401 402
401 407
401 451
401 457
402 352
402 401
402 403
402 407
402 452
403 353
403 402
403 404
403 453
404 354
404 403
404 405
404 454
405 355
405 404
405 406
405 455
406 356
406 394
406 405
406 456
407 400
407 401
407 402
407 457
408 358
408 363
408 413
408 414
409 359
409 410
409 421
409 459
410 360
410 409
410 411
410 460
411 361
411 410
411 412
411 461
412 362
412 411
412 413
412 462
413 363
413 408
413 412
413 458
413 463
414 364
414 408
414 415
414 458
414 464
415 365
415 414
415 416
415 465
416 366
416 415
416 417
416 466
417 367
417 416
417 418
417 467
418 368
418 417
418 422
418 468
419 369
419 420
419 426
419 469
420 370
420 419
420 421
420 469
420 470
421 371
421 409
421 420
421 459
421 471
422 372
422 418
422 423
422 468
422 472
423 373
423 422
423 424
423 473
424 374
424 423
424 427
424 474
425 375
425 426
425 429
425 478
426 376
426 419
426 425
426 469
426 475
427 377
427 424
427 428
427 474
427 477
428 378
428 380
428 427
428 430
429 379
429 425
429 431
429 478
430 380
430 428
430 432
430 481
431 381
431 429
431 433
431 482
432 382
432 430
432 434
432 483
433 383
433 431
433 435
433 484
434 384
434 432
434 436
434 485
435 385
435 433
435 437
435 486
436 386
436 434
436 440
436 489
437 385
437 387
437 435
437 438
438 388
438 437
438 441
438 490
438 493
439 389
439 440
439 446
439 492
439 498
440 390
440 436
440 439
440 489
441 391
441 438
441 442
441 493
442 392
442 441
442 443
442 494
443 393
443 442
443 447
443 495
443 499
444 394
444 445
444 456
444 496
444 508
445 395
445 444
445 446
445 497
445 498
446 396
446 439
446 445
446 498
447 397
447 443
447 448
447 499
448 398
448 447
448 449
448 500
449 399
449 448
449 450
449 501
450 400
450 449
450 451
450 502
451 401
451 450
451 452
451 457
451 503
452 402
452 451
452 453
452 457
452 504
452 509
453 403
453 452
453 454
453 505
454 404
454 453
454 455
454 506
455 405
455 454
455 456
455 507
456 406
456 444
456 455
456 508
457 401
457 407
457 451
457 452
458 413
458 414
458 463
458 464
458 510
459 409
459 421
459 460
459 471
459 511
460 410
460 459
460 461
460 512
461 411
461 460
461 462
461 513
462 412
462 461
462 463
462 514
463 413
463 458
463 462
463 510
463 515
464 414
464 458
464 465
464 510
464 516
465 415
465 464
465 466
465 517
466 416
466 465
466 467
466 518
467 417
467 466
467 468
467 519
468 418
468 422
468 467
468 472
468 520
469 419
469 420
469 426
469 470
469 475
470 420
470 469
470 471
470 521
471 421
471 459
471 470
471 522
472 422
472 468
472 473
472 523
473 423
473 472
473 474
473 476
473 524
474 424
474 427
474 473
474 476
474 477
475 426
475 469
475 479
475 525
476 473
476 474
476 477
476 524
476 527
476 528
477 427
477 474
477 476
477 480
477 528
478 425
478 429
478 479
478 482
478 529
479 475
479 478
479 529
479 530
480 477
480 481
480 531
480 532
481 430
481 480
481 483
481 532
482 431
482 478
482 484
482 533
483 432
483 481
483 485
483 534
484 433
484 482
484 486
484 535
485 434
485 483
485 489
485 536
486 435
486 484
486 487
486 537
487 486
487 490
487 537
487 538
488 489
488 492
488 539
488 540
489 436
489 440
489 485
489 488
489 540
490 438
490 487
490 491
490 493
490 541
491 490
491 493
491 494
491 541
491 542
491 545
492 439
492 488
492 498
492 544
493 438
493 441
493 490
493 491
493 494
494 442
494 491
494 493
494 495
494 545
495 443
495 494
495 499
495 546
496 444
496 497
496 508
496 547
496 558
497 445
497 496
497 498
497 548
498 439
498 445
498 446
498 492
498 497
499 443
499 447
499 495
499 500
499 546
499 549
500 448
500 499
500 501
500 550
501 449
501 500
501 502
501 551
502 450
502 501
502 503
502 552
503 451
503 502
503 509
503 553
503 559
504 452
504 505
504 509
504 554
504 559
505 453
505 504
505 506
505 555
506 454
506 505
506 507
506 556
507 455
507 506
507 508
507 557
508 444
508 456
508 496
508 507
508 558
509 452
509 503
509 504
509 559
510 458
510 463
510 464
510 515
510 516
511 459
511 512
511 522
511 560
512 460
512 511
512 513
512 561
513 461
513 512
513 514
513 562
514 462
514 513
514 515
514 563
515 463
515 510
515 514
515 516
515 564
516 464
516 510
516 515
516 517
516 565
517 465
517 516
517 518
517 566
518 466
518 517
518 519
518 567
519 467
519 518
519 520
519 568
520 468
520 519
520 523
520 569
521 470
521 522
521 526
521 570
522 471
522 511
522 521
522 571
523 472
523 520
523 524
523 569
524 473
524 476
524 523
524 527
524 573
525 475
525 526
525 530
525 574
526 521
526 525
526 574
526 575
527 476
527 524
527 528
527 576
528 476
528 477
528 527
528 531
528 577
529 478
529 479
529 530
529 533
529 578
530 479
530 525
530 529
530 578
530 579
531 480
531 528
531 532
531 580
531 581
532 480
532 481
532 531
532 534
532 581
533 482
533 529
533 535
533 578
533 582
534 483
534 532
534 536
534 581
534 585
535 484
535 533
535 537
535 586
535 590
536 485
536 534
536 540
536 589
536 593
537 486
537 487
537 535
537 538
537 590
538 487
538 537
538 541
538 590
538 591
539 488
539 540
539 544
539 592
539 593
540 488
540 489
540 536
540 539
540 593
541 490
541 491
541 538
541 542
541 594
542 491
542 541
542 545
542 595
542 598
543 544
543 548
543 596
543 597
544 492
544 539
544 543
544 597
545 491
545 494
545 542
545 546
546 495
546 499
546 545
546 549
547 496
547 548
547 558
547 600
548 497
548 543
548 547
548 601
549 499
549 546
549 550
549 602
550 500
550 549
550 551
550 602
550 603
551 501
551 550
551 552
551 604
552 502
552 551
552 553
552 605
553 503
553 552
553 554
553 559
553 606
554 504
554 553
554 555
554 559
554 607
555 505
555 554
555 556
555 608
556 506
556 555
556 557
556 609
557 507
557 556
557 558
557 610
558 496
558 508
558 547
558 557
559 503
559 504
559 509
559 553
559 554
560 511
560 561
560 571
560 612
560 624
561 512
561 560
561 562
561 612
561 613
561 624
562 513
562 561
562 563
562 614
563 514
563 562
563 564
563 615
564 515
564 563
564 565
564 616
565 516
565 564
565 566
565 617
566 517
566 565
566 567
566 618
567 518
567 566
567 568
567 619
568 519
568 567
568 569
568 620
568 621
569 520
569 523
569 568
569 572
569 621
570 521
570 571
570 575
570 622
571 522
571 560
571 570
571 612
572 569
572 573
572 621
572 626
573 524
573 572
573 576
573 627
574 525
574 526
574 575
574 579
574 628
575 526
575 570
575 574
575 622
575 629
576 527
576 573
576 577
576 631
577 528
577 576
577 580
577 631
578 529
578 530
578 533
578 579
578 582
578 583
579 530
579 574
579 578
579 583
580 531
580 577
580 581
580 584
581 531
581 532
581 534
581 580
581 584
581 585
582 533
582 578
582 583
582 586
583 578
583 579
583 582
583 636
584 580
584 581
584 585
584 637
585 534
585 581
585 584
585 589
586 535
586 582
586 587
586 590
587 586
587 590
587 591
587 638
588 589
588 592
588 593
588 639
589 536
589 585
589 588
589 593
590 535
590 537
590 538
590 586
590 587
590 591
591 538
591 587
591 590
591 594
592 539
592 588
592 593
592 597
593 536
593 539
593 540
593 588
593 589
593 592
594 541
594 591
594 595
594 644
595 542
595 594
595 598
595 644
596 543
596 597
596 601
596 646
596 653
597 543
597 544
597 592
597 596
597 647
598 542
598 595
598 599
598 648
599 598
599 602
599 649
599 654
600 547
600 601
600 611
600 652
600 663
601 548
601 596
601 600
601 653
602 549
602 550
602 599
602 603
602 654
603 550
603 602
603 604
603 654
603 655
604 551
604 603
604 605
604 656
605 552
605 604
605 606
605 657
606 553
606 605
606 607
606 658
607 554
607 606
607 608
607 659
608 555
608 607
608 609
608 660
609 556
609 608
609 610
609 661
610 557
610 609
610 611
610 651
610 663
611 600
611 610
611 651
611 663
612 560
612 561
612 571
612 613
612 623
612 624
613 561
613 612
613 614
613 624
613 664
614 562
614 613
614 615
614 665
615 563
615 614
615 616
615 666
616 564
616 615
616 617
616 667
617 565
617 616
617 618
617 668
618 566
618 617
618 619
618 669
619 567
619 618
619 620
619 670
620 568
620 619
620 621
620 625
620 671
621 568
621 569
621 572
621 620
621 625
621 626
622 570
622 575
622 623
622 629
623 612
623 622
623 624
623 672
624 560
624 561
624 612
624 613
624 623
625 620
625 621
625 626
625 671
625 674
625 675
626 572
626 621
626 625
626 627
627 573
627 626
627 630
627 676
628 574
628 629
628 632
628 633
629 575
629 622
629 628
629 633
629 677
630 627
630 631
630 634
630 680
631 576
631 577
631 630
631 634
631 635
632 628
632 633
632 636
632 681
633 628
633 629
633 632
633 681
633 682
634 630
634 631
634 635
634 683
634 684
635 631
635 634
635 637
635 684
636 583
636 632
636 638
636 681
636 685
637 584
637 635
637 639
637 688
638 587
638 636
638 640
638 689
639 588
639 637
639 643
639 692
639 696
640 638
640 641
640 644
640 693
641 640
641 644
641 645
641 693
641 694
642 643
642 646
642 647
642 695
642 696
643 639
643 642
643 647
643 696
644 594
644 595
644 640
644 641
644 645
645 641
645 644
645 648
645 701
646 596
646 642
646 647
646 653
646 700
647 597
647 642
647 643
647 646
648 598
648 645
648 649
648 701
649 599
649 648
649 650
649 654
650 649
650 654
650 655
650 702
650 703
650 706
651 610
651 611
651 662
651 663
652 600
652 653
652 663
652 705
653 596
653 601
653 646
653 652
654 599
654 602
654 603
654 649
654 650
654 655
655 603
655 650
655 654
655 656
655 706
656 604
656 655
656 657
656 707
657 605
657 656
657 658
657 708
658 606
658 657
658 659
658 709
659 607
659 658
659 660
659 710
660 608
660 659
660 661
660 711
661 609
661 660
661 662
661 712
662 651
662 661
662 663
662 713
663 600
663 610
663 611
663 651
663 652
663 662
664 613
664 665
664 673
664 716
665 614
665 664
665 666
665 717
666 615
666 665
666 667
666 718
667 616
667 666
667 668
667 715
667 719
668 617
668 667
668 669
668 715
668 720
669 618
669 668
669 670
669 721
670 619
670 669
670 671
670 722
671 620
671 625
671 670
671 674
672 623
672 673
672 678
672 724
673 664
673 672
673 716
673 725
674 625
674 671
674 675
674 726
675 625
675 674
675 676
675 679
676 627
676 675
676 679
676 680
677 629
677 678
677 682
677 728
678 672
678 677
678 728
678 729
679 675
679 676
679 680
679 730
680 630
680 676
680 679
680 683
680 731
681 632
681 633
681 636
681 682
681 685
681 686
682 633
682 677
682 681
682 686
682 732
683 634
683 680
683 684
683 687
683 735
683 738
684 634
684 635
684 683
684 687
684 688
685 636
685 681
685 686
685 689
686 681
686 682
686 685
686 736
687 683
687 684
687 688
687 739
688 637
688 684
688 687
688 692
689 638
689 685
689 690
689 693
690 689
690 693
690 694
690 740
690 741
691 692
691 695
691 696
691 743
692 639
692 688
692 691
692 696
693 640
693 641
693 689
693 690
693 694
694 641
694 690
694 693
694 697
694 741
694 744
695 642
695 691
695 696
695 700
695 747
696 639
696 642
696 643
696 691
696 692
696 695
697 694
697 698
697 701
697 748
698 697
698 701
698 702
698 749
699 700
699 705
699 750
699 751
700 646
700 695
700 699
700 751
701 645
701 648
701 697
701 698
701 702
702 650
702 698
702 701
702 703
703 650
703 702
703 706
703 753
704 705
704 713
704 754
704 763
705 652
705 699
705 704
705 755
706 650
706 655
706 703
706 707
707 656
707 706
707 708
707 757
708 657
708 707
708 709
708 758
709 658
709 708
709 710
709 759
709 764
710 659
710 709
710 711
710 760
710 764
711 660
711 710
711 712
711 761
712 661
712 711
712 713
712 762
713 662
713 704
713 712
713 763
714 715
714 719
714 720
714 768
714 769
715 667
715 668
715 714
715 719
715 720
715 769
715 781
716 664
716 673
716 717
716 725
716 766
716 772
717 665
717 716
717 718
717 766
718 666
718 717
718 719
718 767
719 667
719 714
719 715
719 718
719 767
719 768
720 668
720 714
720 715
720 721
720 769
720 770
721 669
721 720
721 722
721 770
721 781
722 670
722 721
722 723
722 770
722 771
723 722
723 726
723 771
723 773
724 672
724 725
724 729
724 772
724 774
725 673
725 716
725 724
725 772
726 674
726 723
726 727
726 773
727 726
727 730
727 773
727 775
728 677
728 678
728 729
728 732
728 733
729 678
729 724
729 728
729 774
730 679
730 727
730 731
730 734
730 775
731 680
731 730
731 734
731 735
731 738
731 777
732 682
732 728
732 733
732 736
732 776
733 728
733 732
733 737
733 776
733 806
734 730
734 731
734 735
734 738
734 777
734 807
735 683
735 731
735 734
735 738
735 739
735 777
736 686
736 732
736 737
736 778
737 733
737 736
737 778
737 780
738 683
738 731
738 734
738 735
739 687
739 735
739 742
739 743
739 779
739 809
740 690
740 741
740 744
740 780
741 690
741 694
741 740
741 744
742 739
742 743
742 746
742 779
743 691
743 739
743 742
743 747
744 694
744 740
744 741
744 745
744 748
744 782
745 744
745 748
745 749
745 782
745 812
746 742
746 747
746 750
746 751
746 783
746 813
747 695
747 743
747 746
747 751
748 697
748 744
748 745
748 749
748 782
749 698
749 745
749 748
749 752
749 784
750 699
750 746
750 751
750 755
750 785
751 699
751 700
751 746
751 747
751 750
752 749
752 753
752 784
752 786
753 703
753 752
753 756
753 786
754 704
754 755
754 763
754 787
755 705
755 750
755 754
755 785
755 787
756 753
756 757
756 786
756 788
757 707
757 756
757 758
757 788
758 708
758 757
758 759
758 789
759 709
759 758
759 764
759 765
759 789
759 790
760 710
760 761
760 764
760 765
760 791
760 792
761 711
761 760
761 762
761 792
762 712
762 761
762 763
762 793
763 704
763 713
763 754
763 762
763 787
763 793
764 709
764 710
764 759
764 760
764 765
764 791
765 759
765 760
765 764
765 790
765 791
766 716
766 717
766 772
766 794
767 718
767 719
767 768
767 795
768 714
768 719
768 767
768 769
768 796
769 714
769 715
769 720
769 768
769 797
770 720
770 721
770 722
770 781
770 798
771 722
771 723
771 799
771 801
772 716
772 724
772 725
772 766
772 800
772 804
773 723
773 726
773 727
773 775
773 801
773 802
774 724
774 729
774 803
774 804
775 727
775 730
775 773
775 805
776 732
776 733
776 778
776 806
777 731
777 734
777 735
777 807
778 736
778 737
778 776
778 780
778 808
779 739
779 742
779 809
779 811
780 737
780 740
780 778
780 808
780 810
781 715
781 721
781 770
781 798
782 744
782 745
782 748
782 812
783 746
783 785
783 813
783 816
784 749
784 752
784 786
784 814
785 750
785 755
785 783
785 815
785 816
786 752
786 753
786 756
786 784
786 817
786 818
787 754
787 755
787 763
787 793
787 815
787 819
788 756
788 757
788 818
788 820
789 758
789 759
789 790
789 821
790 759
790 765
790 789
790 791
790 821
790 822
791 760
791 764
791 765
791 790
791 822
791 823
792 760
792 761
792 823
792 824
793 762
793 763
793 787
793 825
794 766
794 795
794 800
794 826
795 767
795 794
795 796
795 827
796 768
796 795
796 797
796 828
797 769
797 796
797 798
797 829
798 770
798 781
798 797
798 799
798 830
799 771
799 798
799 801
799 831
799 834
800 772
800 794
800 804
800 832
801 771
801 773
801 799
801 802
801 834
802 773
802 801
802 805
802 835
803 774
803 804
803 836
803 837
804 772
804 774
804 800
804 803
804 837
805 775
805 802
805 807
805 839
806 733
806 776
806 808
806 840
807 734
807 777
807 805
807 841
808 778
808 780
808 806
808 810
808 842
809 739
809 779
809 811
809 843
810 780
810 808
810 812
810 844
811 779
811 809
811 813
811 845
812 745
812 782
812 810
812 814
812 846
813 746
813 783
813 811
813 816
813 847
814 784
814 812
814 817
814 848
815 785
815 787
815 816
815 819
815 850
816 783
816 785
816 813
816 815
816 850
816 851
817 786
817 814
817 818
817 852
818 786
818 788
818 817
818 820
818 853
819 787
819 815
819 825
819 855
820 788
820 818
820 853
820 856
821 789
821 790
821 822
821 857
822 790
822 791
822 821
822 823
822 858
823 791
823 792
823 822
823 824
823 859
824 792
824 823
824 825
824 860
825 793
825 819
825 824
825 861
826 794
826 827
826 833
826 862
826 869
827 795
827 826
827 828
827 863
828 796
828 827
828 829
828 864
829 797
829 828
829 830
829 865
830 798
830 829
830 831
830 866
831 799
831 830
831 834
831 867
831 870
832 800
832 833
832 837
832 868
833 826
833 832
833 862
833 868
833 869
834 799
834 801
834 831
834 835
834 870
835 802
835 834
835 838
835 871
836 803
836 837
836 840
836 872
836 873
837 803
837 804
837 832
837 836
837 873
838 835
838 839
838 871
838 874
838 875
839 805
839 838
839 841
839 875
840 806
840 836
840 842
840 876
841 807
841 839
841 843
841 877
842 808
842 840
842 844
842 878
843 809
843 841
843 845
843 879
844 810
844 842
844 846
844 880
845 811
845 843
845 847
845 881
846 812
846 844
846 848
846 882
847 813
847 845
847 851
847 883
848 814
848 846
848 849
848 884
848 885
849 848
849 852
849 884
849 885
849 888
850 815
850 816
850 851
850 855
850 886
851 816
851 847
851 850
851 886
851 887
852 817
852 849
852 853
852 888
853 818
853 820
853 852
853 856
853 889
854 855
854 861
854 890
854 891
854 897
855 819
855 850
855 854
855 891
856 820
856 853
856 857
856 889
856 892
857 821
857 856
857 858
857 893
858 822
858 857
858 859
858 894
859 823
859 858
859 860
859 895
860 824
860 859
860 861
860 896
861 825
861 854
861 860
861 890
861 897
862 826
862 833
862 863
862 869
862 898
863 827
863 862
863 864
863 899
864 828
864 863
864 865
864 900
865 829
865 864
865 866
865 901
866 830
866 865
866 867
866 902
867 831
867 866
867 870
867 903
868 832
868 833
868 869
868 873
868 904
869 826
869 833
869 862
869 868
870 831
870 834
870 867
870 871
870 903
871 835
871 838
871 870
871 874
871 911
872 836
872 873
872 876
872 912
873 836
873 837
873 868
873 872
874 838
874 871
874 875
874 911
874 921
875 838
875 839
875 874
875 877
875 921
876 840
876 872
876 878
876 922
877 841
877 875
877 879
877 931
878 842
878 876
878 880
878 932
879 843
879 877
879 881
879 941
880 844
880 878
880 882
880 942
881 845
881 879
881 883
881 951
882 846
882 880
882 884
882 952
883 847
883 881
883 887
883 961
884 848
884 849
884 882
884 885
884 962
885 848
885 849
885 884
885 888
886 850
886 851
886 887
886 891
887 851
887 883
887 886
887 971
888 849
888 852
888 885
888 889
888 972
889 853
889 856
889 888
889 892
890 854
890 861
890 891
890 897
891 854
891 855
891 886
891 890
891 979
892 856
892 889
892 893
892 980
893 857
893 892
893 894
893 981
894 858
894 893
894 895
894 982
895 859
895 894
895 896
895 983
896 860
896 895
896 897
896 984
897 854
897 861
897 890
897 896
897 985
898 862
898 899
898 904
898 905
898 906
899 863
899 898
899 900
899 906
900 864
900 899
900 901
900 907
901 865
901 900
901 902
901 908
902 866
902 901
902 903
902 909
903 867
903 870
903 902
903 910
904 868
904 898
904 905
904 913
905 898
905 904
905 906
905 914
906 898
906 899
906 905
906 907
907 900
907 906
907 908
907 916
908 901
908 907
908 909
908 917
909 902
909 908
909 910
909 918
910 903
910 909
910 911
910 919
911 871
911 874
911 910
911 920
912 872
912 913
912 922
912 923
913 904
913 912
913 914
913 923
914 905
914 913
914 915
914 923
914 924
915 914
915 916
915 924
915 925
916 907
916 915
916 917
916 926
917 908
917 916
917 918
917 927
918 909
918 917
918 919
918 928
919 910
919 918
919 920
919 929
920 911
920 919
920 921
920 930
921 874
921 875
921 920
921 931
922 876
922 912
922 923
922 932
923 912
923 913
923 914
923 922
923 924
923 933
924 914
924 915
924 923
924 925
924 934
925 915
925 924
925 926
925 935
926 916
926 925
926 927
926 936
927 917
927 926
927 928
927 937
928 918
928 927
928 929
928 937
928 938
929 919
929 928
929 930
929 938
929 939
930 920
930 929
930 931
930 940
931 877
931 921
931 930
931 941
932 878
932 922
932 933
932 942
933 923
933 932
933 934
933 943
934 924
934 933
934 935
934 944
935 925
935 934
935 936
935 945
936 926
936 935
936 937
936 946
937 927
937 928
937 936
937 938
937 947
938 928
938 929
938 937
938 939
938 948
939 929
939 938
939 940
939 949
940 930
940 939
940 941
940 950
941 879
941 931
941 940
941 951
942 880
942 932
942 943
942 952
943 933
943 942
943 944
943 953
944 934
944 943
944 945
944 954
945 935
945 944
945 946
945 955
946 936
946 945
946 947
946 956
947 937
947 946
947 948
947 957
948 938
948 947
948 949
948 958
949 939
949 948
949 950
949 959
950 940
950 949
950 951
950 960
951 881
951 941
951 950
951 961
952 882
952 942
952 953
952 962
953 943
953 952
953 954
953 962
953 963
954 944
954 953
954 955
954 964
955 945
955 954
955 956
955 965
956 946
956 955
956 957
956 966
957 947
957 956
957 958
957 967
958 948
958 957
958 959
958 968
959 949
959 958
959 960
959 969
960 950
960 959
960 961
960 970
960 971
961 883
961 951
961 960
961 971
962 884
962 952
962 953
962 963
962 972
963 953
963 962
963 964
963 972
964 954
964 963
964 965
964 973
965 955
965 964
965 966
965 974
966 956
966 965
966 967
966 975
967 957
967 966
967 968
967 976
968 958
968 967
968 969
968 977
969 959
969 968
969 970
969 978
970 960
970 969
970 971
970 979
971 887
971 960
971 961
971 970
972 888
972 962
972 963
972 973
973 964
973 972
973 974
973 980
974 965
974 973
974 975
974 980
974 981
975 966
975 974
975 976
975 982
976 967
976 975
976 977
976 983
977 968
977 976
977 978
977 984
977 985
978 969
978 977
978 979
978 985
979 891
979 970
979 978
979 985
980 892
980 973
980 974
980 981
981 893
981 974
981 980
981 982
982 894
982 975
982 981
982 983
983 895
983 976
983 982
983 984
984 896
984 977
984 983
984 985
985 897
985 977
985 978
985 979
985 984
