0 1
0 5
0 101
0 107
0 108
1 0
1 6
1 101
1 102
1 107
1 108
2 3
2 9
2 10
2 104
2 105
2 114
3 2
3 4
3 10
3 11
3 105
3 114
4 3
4 5
4 11
4 106
5 0
5 4
5 6
5 12
6 1
6 5
6 7
6 13
7 6
7 8
7 14
7 109
8 7
8 14
8 15
8 110
8 115
9 2
9 10
9 19
9 113
10 2
10 3
10 9
10 11
10 20
11 3
11 4
11 10
11 12
11 21
12 5
12 11
12 13
12 22
13 6
13 12
13 14
13 23
14 7
14 8
14 13
14 15
14 24
15 8
15 14
15 16
15 25
15 115
16 15
16 17
16 26
16 116
17 16
17 26
17 27
17 117
17 120
17 121
18 19
18 28
18 29
18 118
18 119
19 9
19 18
19 20
19 29
19 119
20 10
20 19
20 21
20 30
21 11
21 20
21 22
21 31
22 12
22 21
22 23
22 32
23 13
23 22
23 24
23 33
24 14
24 23
24 25
24 34
25 15
25 24
25 26
25 35
26 16
26 17
26 25
26 27
26 36
27 17
27 26
27 36
27 37
27 120
27 121
28 18
28 29
28 39
28 123
29 18
29 19
29 28
29 30
29 40
30 20
30 29
30 31
30 41
31 21
31 30
31 32
31 42
32 22
32 31
32 33
32 43
33 23
33 32
33 34
33 44
34 24
34 33
34 35
34 45
35 25
35 34
35 36
35 46
36 26
36 27
36 35
36 37
36 47
37 27
37 36
37 48
37 124
38 39
38 50
38 126
38 127
38 130
38 131
39 28
39 38
39 40
39 51
40 29
40 39
40 41
40 52
41 30
41 40
41 42
41 53
42 31
42 41
42 43
42 54
43 32
43 42
43 44
43 55
44 33
44 43
44 45
44 56
45 34
45 44
45 46
45 57
46 35
46 45
46 47
46 58
47 36
47 46
47 48
47 59
48 37
48 47
48 49
48 60
49 48
49 61
49 128
49 129
49 132
49 133
50 38
50 51
50 127
50 130
50 131
51 39
51 50
51 52
51 62
52 40
52 51
52 53
52 63
53 41
53 52
53 54
53 64
54 42
54 53
54 55
54 65
55 43
55 54
55 56
55 66
56 44
56 55
56 57
56 67
57 45
57 56
57 58
57 68
58 46
58 57
58 59
58 69
59 47
59 58
59 60
59 70
60 48
60 59
60 61
60 71
61 49
61 60
61 128
61 129
61 132
61 133
62 51
62 63
62 72
62 135
63 52
63 62
63 64
63 72
63 73
64 53
64 63
64 65
64 74
65 54
65 64
65 66
65 75
66 55
66 65
66 67
66 76
67 56
67 66
67 68
67 77
68 57
68 67
68 69
68 78
69 58
69 68
69 70
69 79
70 59
70 69
70 71
70 80
70 81
71 60
71 70
71 81
71 136
72 62
72 63
72 73
72 82
72 138
72 139
73 63
73 72
73 74
73 82
73 83
74 64
74 73
74 75
74 84
75 65
75 74
75 76
75 85
76 66
76 75
76 77
76 86
77 67
77 76
77 78
77 87
78 68
78 77
78 79
78 88
79 69
79 78
79 80
79 89
80 70
80 79
80 81
80 90
80 140
81 70
81 71
81 80
81 140
81 141
82 72
82 73
82 83
82 138
82 139
82 142
83 73
83 82
83 84
83 143
84 74
84 83
84 85
84 91
84 144
85 75
85 84
85 86
85 91
85 92
86 76
86 85
86 87
86 93
87 77
87 86
87 88
87 94
88 78
88 87
88 89
88 95
88 96
89 79
89 88
89 90
89 96
89 97
90 80
90 89
90 97
90 146
91 84
91 85
91 92
91 144
91 149
92 85
92 91
92 93
92 150
93 86
93 92
93 94
93 98
93 99
94 87
94 93
94 95
94 99
95 88
95 94
95 96
95 153
96 88
96 89
96 95
96 97
96 145
96 154
97 89
97 90
97 96
97 145
97 154
97 155
98 93
98 99
98 151
98 152
98 157
99 93
99 94
99 98
99 151
99 152
99 157
99 158
100 106
100 107
100 168
100 169
101 0
101 1
101 107
101 162
101 169
102 1
102 103
102 108
102 163
102 170
103 102
103 108
103 109
103 164
103 170
103 171
104 2
104 105
104 113
104 114
104 166
105 2
105 3
105 104
105 106
105 114
105 167
106 4
106 100
106 105
106 168
106 169
107 0
107 1
107 100
107 101
107 169
108 0
108 1
108 102
108 103
108 170
109 7
109 103
109 110
109 170
109 171
110 8
110 109
110 111
110 115
110 172
111 110
111 115
111 116
111 173
112 113
112 118
112 119
112 174
113 9
113 104
113 112
113 114
113 119
113 175
114 2
114 3
114 104
114 105
114 113
115 8
115 15
115 110
115 111
115 116
116 16
116 111
116 115
116 117
116 120
116 176
117 17
117 116
117 120
117 121
117 176
117 177
118 18
118 112
118 119
118 123
119 18
119 19
119 112
119 113
119 118
120 17
120 27
120 116
120 117
120 121
121 17
121 27
121 117
121 120
121 124
121 180
122 123
122 126
122 127
122 183
122 187
123 28
123 118
123 122
123 183
123 187
124 37
124 121
124 125
124 184
124 188
125 124
125 184
125 185
125 188
126 38
126 122
126 127
126 186
126 187
127 38
127 50
127 122
127 126
127 187
128 49
128 61
128 129
128 188
129 49
129 61
129 128
129 188
129 189
130 38
130 50
130 131
130 190
130 191
131 38
131 50
131 130
131 191
132 49
132 61
132 133
132 192
133 49
133 61
133 132
133 192
133 193
134 135
134 191
134 194
134 195
135 62
135 134
135 138
135 191
135 195
136 71
136 137
136 141
136 192
136 196
137 136
137 192
137 196
137 197
138 72
138 82
138 135
138 139
138 142
139 72
139 82
139 138
139 142
139 143
140 80
140 81
140 141
140 146
140 147
141 81
141 136
141 140
141 147
142 82
142 138
142 139
142 143
142 202
143 83
143 139
143 142
143 144
143 148
143 203
144 84
144 91
144 143
144 148
144 149
145 96
145 97
145 146
145 154
145 155
146 90
146 140
146 145
146 147
146 155
146 204
147 140
147 141
147 146
147 205
148 143
148 144
148 149
148 206
149 91
149 144
149 148
149 150
150 92
150 149
150 156
150 208
150 209
151 98
151 99
151 157
151 209
152 98
152 99
152 158
152 210
153 95
153 154
153 159
153 210
153 211
154 96
154 97
154 145
154 153
154 155
155 97
155 145
155 146
155 154
155 213
156 150
156 157
156 208
156 209
156 215
157 98
157 99
157 151
157 156
157 209
157 216
158 99
158 152
158 159
158 210
158 217
159 153
159 158
159 210
159 211
159 218
160 161
160 167
160 168
160 230
160 231
161 160
161 162
161 168
161 169
161 222
161 231
162 101
162 161
162 163
162 169
162 223
163 102
163 162
163 164
163 170
163 224
164 103
164 163
164 165
164 170
164 171
164 225
165 164
165 171
165 172
165 226
165 232
166 104
166 167
166 175
166 229
167 105
167 160
167 166
167 231
168 100
168 106
168 160
168 161
168 169
169 100
169 101
169 106
169 107
169 161
169 162
169 168
170 102
170 103
170 108
170 109
170 163
170 164
170 171
171 103
171 109
171 164
171 165
171 170
171 172
172 110
172 165
172 171
172 173
172 232
173 111
173 172
173 176
173 233
174 112
174 175
174 179
174 236
175 113
175 166
175 174
175 237
176 116
176 117
176 173
176 177
177 117
177 176
177 180
177 239
178 179
178 182
178 183
178 242
178 246
179 174
179 178
179 183
179 246
180 121
180 177
180 181
180 247
181 180
181 184
181 185
181 243
181 247
182 178
182 183
182 186
182 187
182 245
182 246
183 122
183 123
183 178
183 179
183 182
183 246
184 124
184 125
184 181
184 185
184 188
185 125
185 181
185 184
185 188
185 189
185 247
185 248
186 126
186 182
186 187
186 190
186 250
187 122
187 123
187 126
187 127
187 182
187 186
188 124
188 125
188 128
188 129
188 184
188 185
188 189
189 129
189 185
189 188
189 251
190 130
190 186
190 191
190 194
190 253
191 130
191 131
191 134
191 135
191 190
191 194
191 195
192 132
192 133
192 136
192 137
192 193
192 196
192 197
193 133
193 192
193 197
193 254
194 134
194 190
194 191
194 195
194 198
194 256
194 257
195 134
195 135
195 191
195 194
195 198
195 199
196 136
196 137
196 192
196 197
196 200
196 201
197 137
197 192
197 193
197 196
197 201
197 258
198 194
198 195
198 199
198 257
198 261
199 195
199 198
199 202
199 257
200 196
200 201
200 205
200 262
201 196
201 197
201 200
201 262
201 263
202 142
202 199
202 203
202 265
203 143
203 202
203 206
203 266
204 146
204 205
204 213
204 267
205 147
205 200
205 204
205 267
205 268
206 148
206 203
206 207
206 271
207 206
207 208
207 214
207 272
208 150
208 156
208 207
208 209
208 214
208 215
209 150
209 151
209 156
209 157
209 208
209 215
209 216
210 152
210 153
210 158
210 159
210 211
210 217
210 218
211 153
211 159
211 210
211 218
211 219
212 213
212 219
212 273
212 274
213 155
213 204
213 212
213 275
214 207
214 208
214 215
214 272
214 278
215 156
215 208
215 209
215 214
215 216
215 279
216 157
216 209
216 215
216 217
216 280
217 158
217 210
217 216
217 218
217 281
218 159
218 210
218 211
218 217
218 219
218 273
218 282
219 211
219 212
219 218
219 273
219 274
220 221
220 229
220 230
220 289
220 290
220 299
221 220
221 222
221 230
221 231
221 290
221 299
222 161
222 221
222 223
222 231
222 291
223 162
223 222
223 224
223 292
224 163
224 223
224 225
224 293
225 164
225 224
225 226
225 294
226 165
226 225
226 227
226 232
226 295
226 300
227 226
227 232
227 233
227 295
227 296
227 300
227 301
228 229
228 236
228 237
228 297
228 305
229 166
229 220
229 228
229 237
229 305
230 160
230 220
230 221
230 231
231 160
231 161
231 167
231 221
231 222
231 230
232 165
232 172
232 226
232 227
232 300
233 173
233 227
233 234
233 238
233 306
234 233
234 238
234 239
234 302
234 306
235 236
235 241
235 242
235 303
235 304
235 309
235 310
236 174
236 228
236 235
236 237
236 305
237 175
237 228
237 229
237 236
237 305
238 233
238 234
238 239
238 306
239 177
239 234
239 238
239 240
239 306
240 239
240 243
240 244
240 307
240 308
240 311
240 312
241 235
241 242
241 245
241 246
241 309
241 310
242 178
242 235
242 241
242 246
243 181
243 240
243 244
243 247
244 240
244 243
244 247
244 248
244 311
245 182
245 241
245 246
245 250
246 178
246 179
246 182
246 183
246 241
246 242
246 245
247 180
247 181
247 185
247 243
247 244
247 248
248 185
248 244
248 247
248 249
248 315
249 248
249 251
249 252
249 315
249 316
249 319
249 320
249 1647
249 1648
250 186
250 245
250 253
250 318
251 189
251 249
251 252
251 1647
251 1648
252 249
252 251
252 1647
252 1648
253 190
253 250
253 256
253 322
254 193
254 255
254 1649
254 1650
255 254
255 259
255 1649
255 1650
255 1657
256 194
256 253
256 257
256 260
256 325
257 194
257 198
257 199
257 256
257 260
257 261
258 197
258 259
258 1651
258 1653
259 255
259 258
259 1649
259 1651
259 1652
259 1660
260 256
260 257
260 261
260 264
260 327
260 328
261 198
261 257
261 260
261 264
261 265
262 200
262 201
262 263
262 269
262 329
263 201
263 262
263 269
263 1653
264 260
264 261
264 265
264 327
264 328
264 332
264 333
265 202
265 261
265 264
265 266
265 270
266 203
266 265
266 270
266 271
267 204
267 205
267 268
267 275
267 276
267 334
268 205
268 267
268 269
268 276
268 334
269 262
269 263
269 268
269 329
269 336
270 265
270 266
270 271
270 337
271 206
271 266
271 270
271 272
271 277
272 207
272 214
272 271
272 277
272 278
273 212
273 218
273 219
273 274
273 282
273 283
274 212
274 219
274 273
274 283
274 284
275 213
275 267
275 276
275 284
275 334
276 267
276 268
276 275
276 334
276 342
277 271
277 272
277 278
277 338
277 339
277 343
277 344
278 214
278 272
278 277
278 279
279 215
279 278
279 280
279 345
280 216
280 279
280 281
280 346
281 217
281 280
281 282
281 347
282 218
282 273
282 281
282 283
282 348
283 273
283 274
283 282
283 284
283 340
283 349
284 274
284 275
284 283
284 340
284 349
284 350
285 286
285 291
285 292
285 356
285 364
285 365
286 285
286 287
286 292
286 357
286 365
287 286
287 288
287 293
287 358
287 366
288 287
288 293
288 294
288 359
288 366
288 367
289 220
289 290
289 298
289 299
289 362
290 220
290 221
290 289
290 291
290 299
291 222
291 285
291 290
291 364
292 223
292 285
292 286
292 365
293 224
293 287
293 288
293 294
293 366
294 225
294 288
294 293
294 295
294 367
295 226
295 227
295 294
295 296
295 300
296 227
296 295
296 300
296 301
297 228
297 298
297 304
297 305
298 289
298 297
298 299
298 305
299 220
299 221
299 289
299 290
299 298
300 226
300 227
300 232
300 295
300 296
300 301
301 227
301 296
301 300
301 302
302 234
302 301
302 306
302 307
303 235
303 304
303 309
303 310
304 235
304 297
304 303
304 310
305 228
305 229
305 236
305 237
305 297
305 298
306 233
306 234
306 238
306 239
306 302
307 240
307 302
307 308
307 311
308 240
308 307
308 311
308 312
308 380
309 235
309 241
309 303
309 310
309 314
310 235
310 241
310 303
310 304
310 309
311 240
311 244
311 307
311 308
311 312
312 240
312 308
312 311
312 315
313 314
313 317
313 318
313 385
313 386
313 390
314 309
314 313
314 318
314 386
315 248
315 249
315 312
315 316
316 249
316 315
316 319
316 320
316 387
316 388
317 313
317 318
317 321
317 389
317 390
318 250
318 313
318 314
318 317
318 390
319 249
319 316
319 320
319 323
319 391
319 1655
320 249
320 316
320 319
320 391
320 1655
320 1667
321 317
321 322
321 324
321 393
321 394
322 253
322 321
322 324
322 325
322 394
323 319
323 326
323 395
323 1650
324 321
324 322
324 325
324 394
324 397
324 398
325 256
325 322
325 324
325 327
325 398
326 323
326 330
326 399
326 1654
327 260
327 264
327 325
327 328
327 332
328 260
328 264
328 327
328 332
328 333
329 262
329 269
329 330
329 335
329 336
330 326
330 329
330 331
330 336
330 1663
331 330
331 1663
331 1664
331 1680
331 1681
332 264
332 327
332 328
332 333
332 405
333 264
333 328
333 332
333 337
334 267
334 268
334 275
334 276
334 335
334 341
334 342
335 329
335 334
335 336
335 342
336 269
336 329
336 330
336 335
336 1663
337 270
337 333
337 338
337 410
338 277
338 337
338 339
338 343
338 411
339 277
339 338
339 343
339 344
340 283
340 284
340 341
340 349
340 350
341 334
341 340
341 342
341 350
342 276
342 334
342 335
342 341
343 277
343 338
343 339
343 344
344 277
344 339
344 343
344 345
344 417
345 279
345 344
345 346
345 351
345 418
346 280
346 345
346 351
346 352
346 419
347 281
347 353
347 354
347 420
348 282
348 349
348 354
348 421
349 283
349 284
349 340
349 348
349 350
350 284
350 340
350 341
350 349
351 345
351 346
351 352
351 418
351 419
351 426
352 346
352 351
352 353
352 419
352 427
353 347
353 352
353 354
353 420
353 428
354 347
354 348
354 353
354 420
354 421
354 429
355 356
355 363
355 364
355 431
355 432
355 439
355 440
356 285
356 355
356 357
356 364
356 432
356 440
357 286
357 356
357 358
357 365
357 433
358 287
358 357
358 359
358 366
358 434
359 288
359 358
359 360
359 366
359 367
359 435
359 441
360 359
360 367
360 368
360 436
360 441
360 442
361 362
361 372
361 373
361 437
361 438
361 447
362 289
362 361
362 363
362 373
363 355
363 362
363 364
363 439
364 285
364 291
364 355
364 356
364 363
364 440
365 285
365 286
365 292
365 357
366 287
366 288
366 293
366 358
366 359
367 288
367 294
367 359
367 360
367 368
367 441
368 360
368 367
368 369
368 442
369 368
369 370
369 374
369 443
370 369
370 374
370 375
370 443
370 444
370 448
371 372
371 377
371 378
371 445
371 451
371 452
372 361
372 371
372 373
372 378
373 361
373 362
373 372
373 447
374 369
374 370
374 375
374 448
375 370
375 374
375 376
375 379
376 375
376 379
376 380
376 450
376 453
376 454
377 371
377 378
377 382
377 452
378 371
378 372
378 377
378 452
379 375
379 376
379 380
379 453
380 308
380 376
380 379
380 383
381 382
381 385
381 386
381 455
381 456
381 460
382 377
382 381
382 386
382 456
383 380
383 384
383 387
383 457
384 383
384 387
384 388
384 457
384 458
384 461
385 313
385 381
385 386
385 389
385 459
385 460
386 313
386 314
386 381
386 382
386 385
386 460
387 316
387 383
387 384
387 388
387 461
388 316
388 384
388 387
388 461
388 462
389 317
389 385
389 390
389 393
389 463
390 313
390 317
390 318
390 389
391 319
391 320
391 392
391 1667
392 391
392 396
392 464
392 1667
393 321
393 389
393 394
393 465
394 321
394 322
394 324
394 393
395 323
395 396
395 399
395 1670
396 392
396 395
396 466
396 1670
397 324
397 398
397 401
397 467
397 468
398 324
398 325
398 397
398 401
398 402
398 468
399 326
399 395
399 400
399 404
399 469
399 1675
400 399
400 469
400 470
400 1675
400 1676
401 397
401 398
401 402
401 467
401 468
401 471
401 472
402 398
402 401
402 405
402 472
403 404
403 408
403 473
403 1680
403 1681
404 399
404 403
404 469
404 1680
404 1681
405 332
405 402
405 406
405 409
406 405
406 409
406 410
406 476
407 408
407 413
407 414
407 477
408 403
408 407
408 414
408 477
409 405
409 406
409 410
409 475
409 476
409 479
410 337
410 406
410 409
410 411
410 415
411 338
411 410
411 415
411 416
412 413
412 423
412 424
412 482
413 407
413 412
413 414
413 424
414 407
414 408
414 413
414 477
414 478
414 484
415 410
415 411
415 416
415 481
415 485
415 486
416 411
416 415
416 417
416 481
417 344
417 416
417 418
417 425
418 345
418 351
418 417
418 425
418 426
418 488
419 346
419 351
419 352
419 426
419 427
420 347
420 353
420 354
420 428
421 348
421 354
421 422
421 429
421 430
421 489
422 421
422 423
422 430
422 490
423 412
423 422
423 424
423 482
424 412
424 413
424 423
424 482
424 491
424 492
425 417
425 418
425 487
425 488
425 493
426 351
426 418
426 419
426 488
426 494
427 352
427 419
427 428
427 495
428 353
428 420
428 427
428 496
429 354
429 421
429 430
429 489
429 497
430 421
430 422
430 429
430 489
430 490
430 498
431 355
431 432
431 439
431 440
432 355
432 356
432 431
432 433
432 440
432 501
433 357
433 432
433 434
433 502
434 358
434 433
434 435
434 503
435 359
435 434
435 436
435 441
435 504
436 360
436 435
436 441
436 442
436 505
437 361
437 438
437 446
437 447
437 507
438 361
438 437
438 439
438 447
439 355
439 363
439 431
439 438
439 440
439 509
440 355
440 356
440 364
440 431
440 432
440 439
441 359
441 360
441 367
441 435
441 436
441 442
442 360
442 368
442 436
442 441
442 443
443 369
443 370
443 442
443 444
443 448
444 370
444 443
444 448
444 449
444 512
445 371
445 446
445 451
445 452
445 513
446 437
446 445
446 447
446 452
446 514
447 361
447 373
447 437
447 438
447 446
448 370
448 374
448 443
448 444
448 449
449 444
449 448
449 450
449 453
449 515
450 376
450 449
450 453
450 454
450 516
451 371
451 445
451 452
451 456
452 371
452 377
452 378
452 445
452 446
452 451
453 376
453 379
453 449
453 450
453 454
454 376
454 450
454 453
454 457
455 381
455 456
455 459
455 460
455 521
456 381
456 382
456 451
456 455
456 460
457 383
457 384
457 454
457 458
457 461
458 384
458 457
458 461
458 462
458 523
458 524
459 385
459 455
459 460
459 463
459 525
460 381
460 385
460 386
460 455
460 456
460 459
461 384
461 387
461 388
461 457
461 458
461 462
462 388
462 458
462 461
462 464
462 526
463 389
463 459
463 465
463 527
464 392
464 462
464 466
464 528
465 393
465 463
465 467
465 529
466 396
466 464
466 470
466 530
466 1670
467 397
467 401
467 465
467 468
467 471
467 531
468 397
468 398
468 401
468 467
468 471
468 472
469 399
469 400
469 404
469 470
469 473
469 474
470 400
470 466
470 469
470 474
470 532
471 401
471 467
471 468
471 472
471 533
472 401
472 402
472 468
472 471
472 475
472 534
473 403
473 469
473 474
473 478
474 469
474 470
474 473
474 535
475 409
475 472
475 476
475 479
476 406
476 409
476 475
476 479
476 480
477 407
477 408
477 414
477 478
477 483
477 484
478 414
478 473
478 477
478 484
479 409
479 475
479 476
479 480
479 541
479 542
480 476
480 479
480 481
480 485
480 542
481 415
481 416
481 480
481 485
481 486
482 412
482 423
482 424
482 483
482 491
482 492
483 477
483 482
483 484
483 492
483 543
484 414
484 477
484 478
484 483
484 544
485 415
485 480
485 481
485 486
485 545
486 415
486 481
486 485
486 487
486 546
487 425
487 486
487 488
487 493
488 418
488 425
488 426
488 487
488 493
488 494
489 421
489 429
489 430
489 490
489 497
489 498
490 422
490 430
490 489
490 491
490 498
490 548
491 424
491 482
491 490
491 492
492 424
492 482
492 483
492 491
492 550
493 425
493 487
493 488
493 494
493 552
494 426
494 488
494 493
494 495
494 553
495 427
495 494
495 496
495 554
496 428
496 495
496 497
496 555
497 429
497 489
497 496
497 498
497 556
498 430
498 489
498 490
498 497
498 548
498 557
499 500
499 508
499 509
499 563
499 574
500 499
500 501
500 509
500 564
500 574
501 432
501 500
501 502
501 565
502 433
502 501
502 503
502 566
503 434
503 502
503 504
503 567
504 435
504 503
504 505
504 568
505 436
505 504
505 506
505 510
505 569
505 575
506 505
506 510
506 511
506 575
507 437
507 508
507 514
507 572
508 499
508 507
508 509
508 574
509 439
509 499
509 500
509 508
509 574
510 505
510 506
510 511
510 575
511 506
511 510
511 512
511 575
512 444
512 511
512 515
512 577
513 445
513 514
513 518
513 579
514 446
514 507
514 513
514 580
515 449
515 512
515 516
515 581
516 450
516 515
516 519
516 582
517 518
517 521
517 522
517 588
518 513
518 517
518 522
518 588
519 516
519 520
519 523
519 589
520 519
520 523
520 524
520 586
520 589
521 455
521 517
521 522
521 525
521 587
521 588
522 517
522 518
522 521
522 588
523 458
523 519
523 520
523 524
523 589
524 458
524 520
524 523
524 526
524 589
524 590
525 459
525 521
525 527
525 592
526 462
526 524
526 528
526 593
527 463
527 525
527 529
527 596
528 464
528 526
528 530
528 597
529 465
529 527
529 531
529 600
530 466
530 528
530 532
530 601
531 467
531 529
531 533
531 604
532 470
532 530
532 536
532 605
533 471
533 531
533 534
533 537
533 607
533 608
534 472
534 533
534 537
534 538
534 608
535 474
535 536
535 539
535 540
535 609
536 532
536 535
536 540
536 609
536 610
537 533
537 534
537 538
537 608
538 534
538 537
538 541
538 608
539 535
539 540
539 544
539 609
540 535
540 536
540 539
540 609
541 479
541 538
541 542
541 615
542 479
542 480
542 541
542 545
543 483
543 544
543 550
543 617
544 484
544 539
544 543
544 618
545 485
545 542
545 546
545 620
546 486
546 545
546 547
546 551
547 546
547 551
547 552
547 622
548 490
548 498
548 549
548 557
548 558
548 623
549 548
549 550
549 558
549 623
550 492
550 543
550 549
550 625
551 546
551 547
551 552
551 622
552 493
552 547
552 551
552 553
552 622
553 494
553 552
553 554
553 629
554 495
554 553
554 555
554 630
555 496
555 554
555 556
555 631
556 497
556 555
556 557
556 632
557 498
557 548
557 556
557 558
557 623
557 633
558 548
558 549
558 557
558 623
559 560
559 565
559 566
559 639
559 640
559 646
559 647
560 559
560 566
560 640
560 647
561 562
561 567
561 641
561 648
562 561
562 567
562 568
562 641
562 642
562 648
562 649
563 499
563 564
563 573
563 574
563 644
564 500
564 563
564 574
564 645
565 501
565 559
565 566
565 646
566 502
566 559
566 560
566 565
567 503
567 561
567 562
567 568
568 504
568 562
568 567
568 649
569 505
569 570
569 575
569 650
570 569
570 575
570 576
570 651
571 572
571 579
571 580
571 653
571 661
572 507
572 571
572 573
572 580
572 654
573 563
573 572
573 574
573 655
574 499
574 500
574 508
574 509
574 563
574 564
574 573
575 505
575 506
575 510
575 511
575 569
575 570
575 576
576 570
576 575
576 577
576 656
577 512
577 576
577 578
577 581
577 657
578 577
578 581
578 582
578 658
578 662
579 513
579 571
579 580
579 584
579 660
580 514
580 571
580 572
580 579
580 661
581 515
581 577
581 578
581 582
581 662
582 516
582 578
582 581
582 585
582 663
583 584
583 587
583 588
583 665
584 579
584 583
584 588
584 666
585 582
585 586
585 589
585 667
586 520
586 585
586 589
586 590
586 668
587 521
587 583
587 588
587 669
588 517
588 518
588 521
588 522
588 583
588 584
588 587
589 519
589 520
589 523
589 524
589 585
589 586
589 590
590 524
590 586
590 589
590 593
590 670
591 592
591 595
591 596
591 671
591 672
591 675
591 676
592 525
592 591
592 596
592 672
593 526
593 590
593 594
593 597
593 673
594 593
594 597
594 598
594 673
594 674
594 677
594 678
595 591
595 596
595 675
595 676
596 527
596 591
596 592
596 595
596 676
597 528
597 593
597 594
597 598
598 594
598 597
598 677
598 678
599 600
599 603
599 679
599 680
600 529
600 599
600 603
600 604
601 530
601 602
601 605
601 606
601 681
602 601
602 606
602 681
602 682
603 599
603 600
603 604
603 679
603 680
603 683
603 684
604 531
604 600
604 603
604 684
605 532
605 601
605 606
605 610
605 685
606 601
606 602
606 605
606 681
606 682
606 685
606 686
607 533
607 608
607 611
607 687
608 533
608 534
608 537
608 538
608 607
608 611
608 612
609 535
609 536
609 539
609 540
609 610
609 613
609 614
610 536
610 605
610 609
610 614
610 688
611 607
611 608
611 612
611 689
612 608
612 611
612 615
612 690
613 609
613 614
613 618
613 691
614 609
614 610
614 613
614 692
615 541
615 612
615 616
615 619
615 694
616 615
616 619
616 620
616 695
617 543
617 618
617 625
617 626
617 696
618 544
618 613
618 617
618 626
618 697
619 615
619 616
619 620
619 695
619 699
620 545
620 616
620 619
620 621
620 700
621 620
621 622
621 627
621 701
622 547
622 551
622 552
622 621
622 627
622 628
623 548
623 549
623 557
623 558
623 624
623 633
623 634
624 623
624 625
624 634
624 702
625 550
625 617
625 624
625 626
625 703
626 617
626 618
626 625
626 696
626 704
627 621
627 622
627 628
627 706
628 622
628 627
628 629
628 707
629 553
629 628
629 630
629 635
629 708
630 554
630 629
630 635
630 636
630 709
631 555
631 632
631 637
631 638
632 556
632 631
632 638
632 711
633 557
633 623
633 634
633 712
634 623
634 624
634 633
634 713
635 629
635 630
635 636
635 708
635 709
635 715
635 716
636 630
636 635
636 709
636 716
637 631
637 638
637 710
637 717
638 631
638 632
638 637
638 710
638 711
638 717
638 718
639 559
639 640
639 646
639 647
639 719
639 727
640 559
640 560
640 639
640 647
641 561
641 562
641 642
641 648
642 562
642 641
642 648
642 649
643 644
643 654
643 655
643 724
643 725
643 736
644 563
644 643
644 645
644 655
644 725
645 564
645 644
645 646
645 726
646 559
646 565
646 639
646 645
647 559
647 560
647 639
647 640
648 561
648 562
648 641
648 642
649 562
649 568
649 642
649 650
650 569
650 649
650 651
650 731
651 570
651 650
651 652
651 656
652 651
652 656
652 657
652 732
652 733
652 737
653 571
653 654
653 660
653 661
653 734
653 742
654 572
654 643
654 653
654 655
654 661
655 573
655 643
655 644
655 654
656 576
656 651
656 652
656 657
657 577
657 652
657 656
657 658
657 662
658 578
658 657
658 662
658 663
658 739
658 743
659 660
659 665
659 666
659 740
659 746
659 747
660 579
660 653
660 659
660 661
660 666
661 571
661 580
661 653
661 654
661 660
662 578
662 581
662 657
662 658
662 663
663 582
663 658
663 662
663 664
663 667
664 663
664 667
664 668
664 745
664 748
664 749
665 583
665 659
665 666
665 669
666 584
666 659
666 660
666 665
667 585
667 663
667 664
667 668
668 586
668 664
668 667
668 670
669 587
669 665
669 672
669 750
670 590
670 668
670 673
670 751
671 591
671 672
671 675
671 676
671 752
672 591
672 592
672 669
672 671
672 753
673 593
673 594
673 670
673 674
674 594
674 673
674 677
674 678
674 754
674 755
675 591
675 595
675 671
675 676
675 756
675 757
676 591
676 595
676 596
676 671
676 675
677 594
677 598
677 674
677 678
678 594
678 598
678 674
678 677
679 599
679 603
679 680
679 683
680 599
680 603
680 679
680 683
681 601
681 602
681 606
681 682
681 686
682 602
682 606
682 681
682 686
683 603
683 679
683 680
683 684
683 764
683 765
684 603
684 604
684 683
684 687
685 605
685 606
685 686
685 688
686 606
686 681
686 682
686 685
686 766
686 767
687 607
687 684
687 689
687 768
688 610
688 685
688 692
688 769
689 611
689 687
689 690
689 693
690 612
690 689
690 693
690 694
691 613
691 692
691 697
691 698
692 614
692 688
692 691
692 698
693 689
693 690
693 694
693 771
693 772
693 775
694 615
694 690
694 693
694 695
694 699
695 616
695 619
695 694
695 699
695 700
696 617
696 626
696 697
696 703
696 704
697 618
697 691
697 696
697 698
697 704
698 691
698 692
698 697
698 773
698 774
698 780
699 619
699 694
699 695
699 700
699 777
700 620
700 695
700 699
700 701
700 705
701 621
701 700
701 705
701 706
701 788
702 624
702 703
702 713
702 714
703 625
703 696
703 702
703 704
703 714
704 626
704 696
704 697
704 703
704 778
704 786
705 700
705 701
705 706
705 783
705 787
705 788
706 627
706 701
706 705
706 707
707 628
707 706
707 708
707 789
708 629
708 635
708 707
708 715
709 630
709 635
709 636
709 715
709 716
709 791
710 637
710 638
710 717
710 718
710 792
711 632
711 638
711 712
711 718
712 633
712 711
712 713
712 794
713 634
713 702
713 712
713 714
714 702
714 703
714 713
714 784
714 795
714 796
715 635
715 708
715 709
715 716
715 798
716 635
716 636
716 709
716 715
716 791
717 637
717 638
717 710
717 718
718 638
718 710
718 711
718 717
718 801
719 639
719 720
719 727
719 728
720 719
720 721
720 728
720 813
721 720
721 722
721 729
721 814
722 721
722 723
722 729
722 730
723 722
723 730
723 731
723 807
723 808
723 815
723 816
724 643
724 725
724 735
724 736
725 643
725 644
725 724
725 726
725 736
725 810
726 645
726 725
726 727
726 811
727 639
727 719
727 726
727 812
728 719
728 720
728 729
728 813
729 721
729 722
729 728
729 814
730 722
730 723
730 731
730 815
731 650
731 723
731 730
731 732
731 816
732 652
732 731
732 733
732 737
733 652
733 732
733 737
733 738
734 653
734 735
734 741
734 742
735 724
735 734
735 736
735 742
736 643
736 724
736 725
736 735
737 652
737 732
737 733
737 738
737 822
738 733
738 737
738 739
738 743
739 658
739 738
739 743
739 744
740 659
740 741
740 746
740 747
741 734
741 740
741 742
741 747
742 653
742 734
742 735
742 741
743 658
743 738
743 739
743 744
744 739
744 743
744 745
744 748
745 664
745 744
745 748
745 749
746 659
746 740
746 747
746 750
747 659
747 740
747 741
747 746
747 832
748 664
748 744
748 745
748 749
749 664
749 745
749 748
749 751
750 669
750 746
750 753
750 836
751 670
751 749
751 754
751 837
752 671
752 753
752 756
752 839
753 672
753 750
753 752
753 840
754 674
754 751
754 755
754 758
755 674
755 754
755 758
755 759
756 675
756 752
756 757
756 760
756 844
757 675
757 756
757 761
757 844
758 754
758 755
758 759
758 762
758 845
759 755
759 758
759 762
759 763
760 756
760 761
760 764
760 848
761 757
761 760
761 764
761 848
762 758
762 759
762 763
762 849
763 759
763 762
763 767
763 849
764 683
764 760
764 761
764 765
765 683
765 764
765 768
765 852
766 686
766 767
766 769
766 770
767 686
767 763
767 766
767 770
768 687
768 765
768 771
768 856
769 688
769 766
769 770
769 774
769 857
770 766
770 767
770 769
770 853
770 854
770 857
770 858
771 693
771 768
771 772
771 775
772 693
772 771
772 775
772 776
773 698
773 774
773 779
773 780
774 698
774 769
774 773
774 780
775 693
775 771
775 772
775 776
776 772
776 775
776 777
776 781
777 699
777 776
777 781
777 782
778 704
778 779
778 785
778 786
779 773
779 778
779 780
779 786
780 698
780 773
780 774
780 779
780 861
781 776
781 777
781 782
781 869
782 777
782 781
782 783
782 787
783 705
783 782
783 787
783 788
784 714
784 785
784 795
784 796
785 778
785 784
785 786
785 796
786 704
786 778
786 779
786 785
787 705
787 782
787 783
787 788
788 701
788 705
788 783
788 787
788 789
789 707
789 788
789 790
789 797
790 789
790 797
790 798
790 878
791 709
791 716
791 799
791 800
792 710
792 793
792 800
792 801
793 792
793 794
793 801
793 802
794 712
794 793
794 795
794 802
794 882
795 714
795 784
795 794
795 796
796 714
796 784
796 785
796 795
796 872
797 789
797 790
797 798
797 877
797 878
797 885
797 886
798 715
798 790
798 797
798 886
799 791
799 800
799 879
799 887
800 791
800 792
800 799
800 880
800 888
801 718
801 792
801 793
801 802
802 793
802 794
802 801
802 881
802 882
802 889
802 890
803 804
803 811
803 812
803 891
804 803
804 812
804 813
804 892
804 900
805 806
805 813
805 893
805 901
806 805
806 814
806 894
806 902
807 723
807 808
807 814
807 815
807 903
808 723
808 807
808 815
808 816
809 810
809 820
809 821
809 897
810 725
810 809
810 811
810 821
810 898
811 726
811 803
811 810
811 899
812 727
812 803
812 804
812 813
812 900
813 720
813 728
813 804
813 805
813 812
813 901
814 721
814 729
814 806
814 807
814 815
815 723
815 730
815 807
815 808
815 814
816 723
816 731
816 808
816 817
816 904
817 816
817 818
817 822
817 905
818 817
818 822
818 823
818 910
819 820
819 826
819 827
819 907
819 915
820 809
820 819
820 821
820 827
821 809
821 810
821 820
821 909
822 737
822 817
822 818
822 823
823 818
823 822
823 824
823 828
824 823
824 828
824 829
824 912
824 916
825 826
825 831
825 832
825 913
825 920
826 819
826 825
826 827
826 832
827 819
827 820
827 826
827 915
828 823
828 824
828 829
828 916
829 824
829 828
829 830
829 833
830 829
830 833
830 834
830 921
831 825
831 832
831 836
831 919
832 747
832 825
832 826
832 831
833 829
833 830
833 834
833 921
834 830
834 833
834 837
834 922
835 836
835 839
835 840
835 923
836 750
836 831
836 835
836 924
837 751
837 834
837 838
837 925
838 837
838 841
838 842
838 925
838 926
838 929
838 930
839 752
839 835
839 840
839 844
839 928
840 753
840 835
840 839
840 844
840 928
841 838
841 842
841 845
841 929
842 838
842 841
842 845
842 929
843 844
843 847
843 931
843 932
844 756
844 757
844 839
844 840
844 843
845 758
845 841
845 842
845 846
845 933
846 845
846 850
846 933
846 934
847 843
847 848
847 935
847 936
848 760
848 761
848 847
848 851
848 852
848 936
849 762
849 763
849 850
849 853
849 854
850 846
850 849
850 937
850 938
851 848
851 852
851 855
851 940
852 765
852 848
852 851
852 855
852 856
852 940
853 770
853 849
853 854
853 858
853 941
854 770
854 849
854 853
854 858
855 851
855 852
855 856
855 943
856 768
856 852
856 855
856 859
856 944
857 769
857 770
857 858
857 862
857 945
858 770
858 853
858 854
858 857
859 856
859 860
859 863
859 947
860 859
860 863
860 864
860 948
861 780
861 862
861 867
861 868
862 857
862 861
862 868
862 950
863 859
863 860
863 864
863 948
863 951
864 860
864 863
864 865
864 869
865 864
865 869
865 870
865 957
866 867
866 873
866 874
866 954
867 861
867 866
867 868
867 874
868 861
868 862
868 867
868 949
869 781
869 864
869 865
869 870
869 957
870 865
870 869
870 871
870 875
871 870
871 875
871 876
871 959
872 796
872 873
872 883
872 884
873 866
873 872
873 874
873 884
874 866
874 867
874 873
874 954
874 962
875 870
875 871
875 876
875 963
876 871
876 875
876 877
876 964
877 797
877 876
877 885
877 965
878 790
878 797
878 879
878 885
878 886
878 966
879 799
879 878
879 886
879 887
879 967
880 800
880 881
880 888
880 889
880 968
881 802
881 880
881 889
881 890
882 794
882 802
882 883
882 890
882 970
883 872
883 882
883 884
883 971
884 872
884 873
884 883
884 960
885 797
885 877
885 878
885 886
886 797
886 798
886 878
886 879
886 885
887 799
887 879
887 888
887 975
888 800
888 880
888 887
888 976
889 802
889 880
889 881
889 890
889 969
890 802
890 881
890 882
890 889
891 803
891 892
891 899
891 900
891 979
892 804
892 891
892 900
892 901
892 980
893 805
893 894
893 901
893 981
894 806
894 893
894 902
894 982
895 896
895 902
895 903
895 983
896 895
896 903
896 904
896 984
897 809
897 898
897 908
897 909
897 985
898 810
898 897
898 899
898 909
898 986
899 811
899 891
899 898
899 987
900 804
900 812
900 891
900 892
900 901
900 988
901 805
901 813
901 892
901 893
901 900
901 989
902 806
902 894
902 895
902 903
903 807
903 895
903 896
903 902
903 991
904 816
904 896
904 905
904 992
905 817
905 904
905 906
905 910
905 993
906 905
906 910
906 911
906 994
906 998
907 819
907 908
907 914
907 915
907 995
908 897
908 907
908 909
908 915
909 821
909 897
909 898
909 908
909 997
910 818
910 905
910 906
910 911
911 906
911 910
911 912
911 916
912 824
912 911
912 916
912 917
912 1000
912 1004
913 825
913 914
913 919
913 920
913 1001
914 907
914 913
914 915
914 920
915 819
915 827
915 907
915 908
915 914
915 1003
916 824
916 828
916 911
916 912
916 917
917 912
917 916
917 918
917 921
918 917
918 921
918 922
918 1006
918 1009
919 831
919 913
919 920
919 924
919 1007
920 825
920 913
920 914
920 919
921 830
921 833
921 917
921 918
921 922
922 834
922 918
922 921
922 925
922 1010
923 835
923 924
923 927
923 928
923 1011
924 836
924 919
924 923
924 1012
925 837
925 838
925 922
925 926
925 1013
926 838
926 925
926 929
926 930
926 1014
927 923
927 928
927 932
927 1015
928 839
928 840
928 923
928 927
928 932
929 838
929 841
929 842
929 926
929 930
929 933
930 838
930 926
930 929
930 933
930 1018
931 843
931 932
931 935
931 1019
932 843
932 927
932 928
932 931
933 845
933 846
933 929
933 930
933 934
934 846
934 933
934 938
934 1022
935 847
935 931
935 936
935 1023
936 847
936 848
936 935
936 939
936 940
937 850
937 938
937 941
937 942
938 850
938 934
938 937
938 1026
939 936
939 940
939 943
939 1027
939 1028
940 851
940 852
940 936
940 939
940 943
941 853
941 937
941 942
941 946
942 937
942 941
942 946
942 1029
942 1030
943 855
943 939
943 940
943 944
943 1031
944 856
944 943
944 947
944 1032
945 857
945 946
945 950
945 1033
946 941
946 942
946 945
946 1034
947 859
947 944
947 948
947 951
947 1035
948 860
948 863
948 947
948 951
948 952
948 1036
949 868
949 950
949 955
949 956
950 862
950 945
950 949
950 956
950 1038
951 863
951 947
951 948
951 952
951 1039
952 948
952 951
952 953
952 957
953 952
953 957
953 958
953 1045
954 866
954 874
954 955
954 961
954 962
955 949
955 954
955 956
955 962
956 949
956 950
956 955
956 1037
956 1044
957 865
957 869
957 952
957 953
957 958
958 953
958 957
958 959
958 963
958 1046
959 871
959 958
959 963
959 964
960 884
960 961
960 971
960 972
961 954
961 960
961 962
961 972
962 874
962 954
962 955
962 961
962 1042
962 1050
963 875
963 958
963 959
963 964
963 1047
963 1051
964 876
964 959
964 963
964 965
964 1052
965 877
965 964
965 973
965 1053
966 878
966 967
966 973
966 974
967 879
967 966
967 974
967 975
967 1055
968 880
968 969
968 976
968 977
968 1056
969 889
969 968
969 977
969 978
969 1057
970 882
970 971
970 978
970 1058
971 883
971 960
971 970
971 972
971 1059
972 960
972 961
972 971
972 1048
972 1060
973 965
973 966
973 974
973 1053
973 1061
974 966
974 967
974 973
974 1062
975 887
975 967
975 976
975 1063
976 888
976 968
976 975
976 1056
976 1064
977 968
977 969
977 978
977 1065
978 969
978 970
978 977
978 1066
979 891
979 980
979 987
979 988
979 1067
980 892
980 979
980 988
980 989
981 893
981 982
981 989
981 1069
982 894
982 981
982 990
982 1070
983 895
983 984
983 990
983 991
984 896
984 983
984 991
984 992
985 897
985 986
985 996
985 997
986 898
986 985
986 987
986 997
986 1074
987 899
987 979
987 986
987 1075
988 900
988 979
988 980
988 989
988 1076
989 901
989 980
989 981
989 988
989 1077
990 982
990 983
990 991
990 1078
991 903
991 983
991 984
991 990
991 992
992 904
992 984
992 991
992 993
992 1080
993 905
993 992
993 994
993 998
993 1081
994 906
994 993
994 998
994 999
994 1082
995 907
995 996
995 1002
995 1003
996 985
996 995
996 997
996 1003
997 909
997 985
997 986
997 996
997 1085
998 906
998 993
998 994
998 999
998 1086
999 994
999 998
999 1000
999 1004
1000 912
1000 999
1000 1004
1000 1005
1000 1092
1001 913
1001 1002
1001 1007
1001 1008
1002 995
1002 1001
1002 1003
1002 1008
1003 915
1003 995
1003 996
1003 1002
1003 1091
1004 912
1004 999
1004 1000
1004 1005
1005 1000
1005 1004
1005 1006
1005 1009
1006 918
1006 1005
1006 1009
1006 1010
1007 919
1007 1001
1007 1008
1007 1012
1008 1001
1008 1002
1008 1007
1008 1089
1008 1096
1009 918
1009 1005
1009 1006
1009 1010
1009 1097
1010 922
1010 1006
1010 1009
1010 1013
1010 1098
1011 923
1011 1012
1011 1015
1011 1016
1012 924
1012 1007
1012 1011
1012 1100
1013 925
1013 1010
1013 1014
1013 1101
1014 926
1014 1013
1014 1017
1014 1018
1015 927
1015 1011
1015 1016
1015 1020
1016 1011
1016 1015
1016 1020
1016 1104
1017 1014
1017 1018
1017 1021
1017 1109
1018 930
1018 1014
1018 1017
1018 1021
1019 931
1019 1020
1019 1023
1019 1107
1020 1015
1020 1016
1020 1019
1020 1108
1021 1017
1021 1018
1021 1022
1021 1109
1022 934
1022 1021
1022 1026
1022 1109
1023 935
1023 1019
1023 1024
1023 1111
1024 1023
1024 1027
1024 1028
1024 1112
1025 1026
1025 1029
1025 1030
1025 1113
1026 938
1026 1022
1026 1025
1026 1114
1027 939
1027 1024
1027 1028
1027 1031
1027 1115
1028 939
1028 1024
1028 1027
1028 1031
1029 942
1029 1025
1029 1030
1029 1034
1030 942
1030 1025
1030 1029
1030 1034
1031 943
1031 1027
1031 1028
1031 1032
1032 944
1032 1031
1032 1035
1032 1120
1033 945
1033 1034
1033 1038
1033 1121
1034 946
1034 1029
1034 1030
1034 1033
1035 947
1035 1032
1035 1036
1035 1039
1035 1123
1036 948
1036 1035
1036 1039
1036 1040
1037 956
1037 1038
1037 1043
1037 1044
1038 950
1038 1033
1038 1037
1038 1044
1039 951
1039 1035
1039 1036
1039 1040
1040 1036
1040 1039
1040 1041
1040 1045
1040 1128
1041 1040
1041 1045
1041 1046
1041 1133
1042 962
1042 1043
1042 1049
1042 1050
1043 1037
1043 1042
1043 1044
1043 1050
1044 956
1044 1037
1044 1038
1044 1043
1045 953
1045 1040
1045 1041
1045 1046
1045 1133
1046 958
1046 1041
1046 1045
1046 1047
1046 1051
1046 1134
1047 963
1047 1046
1047 1051
1047 1052
1048 972
1048 1049
1048 1059
1048 1060
1049 1042
1049 1048
1049 1050
1049 1060
1050 962
1050 1042
1050 1043
1050 1049
1051 963
1051 1046
1051 1047
1051 1052
1052 964
1052 1047
1052 1051
1052 1140
1053 965
1053 973
1053 1061
1053 1141
1054 1055
1054 1061
1054 1062
1054 1142
1055 967
1055 1054
1055 1062
1055 1063
1056 968
1056 976
1056 1057
1056 1064
1056 1065
1057 969
1057 1056
1057 1065
1057 1066
1057 1145
1058 970
1058 1059
1058 1066
1058 1146
1059 971
1059 1048
1059 1058
1059 1060
1060 972
1060 1048
1060 1049
1060 1059
1061 973
1061 1053
1061 1054
1061 1062
1061 1141
1062 974
1062 1054
1062 1055
1062 1061
1063 975
1063 1055
1063 1064
1063 1151
1064 976
1064 1056
1064 1063
1064 1152
1065 977
1065 1056
1065 1057
1065 1066
1066 978
1066 1057
1066 1058
1066 1065
1066 1154
1067 979
1067 1068
1067 1075
1067 1076
1067 1155
1068 1067
1068 1076
1068 1077
1068 1156
1069 981
1069 1070
1069 1077
1069 1157
1070 982
1070 1069
1070 1078
1070 1158
1071 1072
1071 1078
1071 1079
1071 1159
1072 1071
1072 1079
1072 1080
1072 1160
1073 1074
1073 1084
1073 1085
1073 1161
1074 986
1074 1073
1074 1075
1074 1085
1075 987
1075 1067
1075 1074
1075 1163
1076 988
1076 1067
1076 1068
1076 1077
1077 989
1077 1068
1077 1069
1077 1076
1078 990
1078 1070
1078 1071
1078 1079
1079 1071
1079 1072
1079 1078
1079 1167
1080 992
1080 1072
1080 1081
1080 1168
1081 993
1081 1080
1081 1082
1081 1086
1082 994
1082 1081
1082 1086
1082 1087
1083 1084
1083 1090
1083 1091
1083 1171
1084 1073
1084 1083
1084 1085
1084 1091
1085 997
1085 1073
1085 1074
1085 1084
1086 998
1086 1081
1086 1082
1086 1087
1087 1082
1087 1086
1087 1088
1087 1092
1088 1087
1088 1092
1088 1093
1088 1176
1089 1008
1089 1090
1089 1095
1089 1096
1090 1083
1090 1089
1090 1091
1090 1096
1091 1003
1091 1083
1091 1084
1091 1090
1092 1000
1092 1087
1092 1088
1092 1093
1093 1088
1093 1092
1093 1094
1093 1097
1094 1093
1094 1097
1094 1098
1094 1182
1095 1089
1095 1096
1095 1100
1095 1183
1096 1008
1096 1089
1096 1090
1096 1095
1097 1009
1097 1093
1097 1094
1097 1098
1098 1010
1098 1094
1098 1097
1098 1101
1099 1100
1099 1103
1099 1104
1099 1187
1100 1012
1100 1095
1100 1099
1100 1104
1100 1188
1101 1013
1101 1098
1101 1102
1101 1189
1102 1101
1102 1105
1102 1106
1102 1190
1103 1099
1103 1104
1103 1107
1103 1108
1103 1191
1104 1016
1104 1099
1104 1100
1104 1103
1104 1108
1104 1192
1105 1102
1105 1106
1105 1109
1105 1193
1106 1102
1106 1105
1106 1109
1106 1110
1107 1019
1107 1103
1107 1108
1107 1111
1107 1195
1108 1020
1108 1103
1108 1104
1108 1107
1108 1196
1109 1017
1109 1021
1109 1022
1109 1105
1109 1106
1109 1110
1110 1106
1110 1109
1110 1114
1110 1197
1110 1198
1111 1023
1111 1107
1111 1112
1111 1199
1112 1024
1112 1111
1112 1115
1112 1116
1113 1025
1113 1114
1113 1117
1113 1118
1114 1026
1114 1110
1114 1113
1114 1202
1115 1027
1115 1112
1115 1116
1115 1119
1116 1112
1116 1115
1116 1119
1116 1204
1117 1113
1117 1118
1117 1122
1117 1206
1118 1113
1118 1117
1118 1122
1118 1206
1119 1115
1119 1116
1119 1120
1119 1207
1120 1032
1120 1119
1120 1123
1120 1208
1121 1033
1121 1122
1121 1126
1121 1209
1122 1117
1122 1118
1122 1121
1122 1210
1123 1035
1123 1120
1123 1124
1123 1127
1123 1211
1124 1123
1124 1127
1124 1128
1124 1212
1125 1126
1125 1131
1125 1132
1125 1213
1126 1121
1126 1125
1126 1132
1126 1214
1127 1123
1127 1124
1127 1128
1127 1215
1128 1040
1128 1124
1128 1127
1128 1129
1129 1128
1129 1133
1129 1134
1129 1221
1130 1131
1130 1137
1130 1138
1130 1218
1131 1125
1131 1130
1131 1132
1131 1138
1132 1125
1132 1126
1132 1131
1132 1220
1133 1041
1133 1045
1133 1129
1133 1134
1134 1046
1134 1129
1134 1133
1134 1139
1135 1139
1135 1140
1135 1223
1135 1228
1136 1137
1136 1147
1136 1148
1136 1224
1137 1130
1137 1136
1137 1138
1137 1148
1138 1130
1138 1131
1138 1137
1138 1226
1139 1134
1139 1135
1139 1140
1139 1223
1140 1052
1140 1135
1140 1139
1140 1141
1141 1053
1141 1061
1141 1140
1141 1149
1142 1054
1142 1143
1142 1149
1142 1150
1143 1142
1143 1150
1143 1151
1143 1231
1144 1145
1144 1152
1144 1153
1144 1232
1145 1057
1145 1144
1145 1153
1145 1154
1146 1058
1146 1147
1146 1154
1146 1234
1147 1136
1147 1146
1147 1148
1147 1235
1148 1136
1148 1137
1148 1147
1148 1236
1149 1141
1149 1142
1149 1150
1149 1229
1150 1142
1150 1143
1150 1149
1150 1151
1150 1238
1151 1063
1151 1143
1151 1150
1151 1152
1151 1239
1152 1064
1152 1144
1152 1151
1152 1153
1152 1240
1153 1144
1153 1145
1153 1152
1153 1154
1153 1241
1154 1066
1154 1145
1154 1146
1154 1153
1154 1242
1155 1067
1155 1156
1155 1163
1155 1164
1155 1243
1156 1068
1156 1155
1156 1164
1156 1165
1156 1244
1157 1069
1157 1158
1157 1165
1157 1245
1158 1070
1158 1157
1158 1166
1158 1246
1159 1071
1159 1160
1159 1166
1159 1167
1159 1247
1160 1072
1160 1159
1160 1167
1160 1168
1161 1073
1161 1162
1161 1172
1161 1173
1161 1249
1162 1161
1162 1163
1162 1173
1162 1250
1163 1075
1163 1155
1163 1162
1163 1251
1164 1155
1164 1156
1164 1165
1164 1252
1165 1156
1165 1157
1165 1164
1165 1253
1166 1158
1166 1159
1166 1167
1166 1254
1167 1079
1167 1159
1167 1160
1167 1166
1167 1255
1168 1080
1168 1160
1168 1169
1168 1256
1169 1168
1169 1170
1169 1174
1169 1257
1170 1169
1170 1174
1170 1175
1170 1258
1171 1083
1171 1172
1171 1178
1171 1179
1172 1161
1172 1171
1172 1173
1172 1179
1173 1161
1173 1162
1173 1172
1173 1261
1174 1169
1174 1170
1174 1175
1174 1262
1175 1170
1175 1174
1175 1176
1175 1180
1176 1088
1176 1175
1176 1180
1176 1181
1177 1178
1177 1183
1177 1184
1177 1265
1178 1171
1178 1177
1178 1179
1178 1184
1179 1171
1179 1172
1179 1178
1179 1259
1180 1175
1180 1176
1180 1181
1180 1264
1180 1268
1181 1176
1181 1180
1181 1182
1181 1185
1182 1094
1182 1181
1182 1185
1182 1186
1182 1270
1183 1095
1183 1177
1183 1184
1183 1188
1183 1271
1184 1177
1184 1178
1184 1183
1184 1272
1185 1181
1185 1182
1185 1186
1185 1273
1186 1182
1186 1185
1186 1189
1186 1274
1187 1099
1187 1188
1187 1191
1187 1192
1188 1100
1188 1183
1188 1187
1188 1276
1189 1101
1189 1186
1189 1190
1189 1277
1190 1102
1190 1189
1190 1193
1190 1194
1190 1278
1191 1103
1191 1187
1191 1192
1191 1196
1191 1279
1192 1104
1192 1187
1192 1191
1192 1196
1192 1280
1193 1105
1193 1190
1193 1194
1193 1197
1193 1281
1194 1190
1194 1193
1194 1197
1194 1282
1195 1107
1195 1196
1195 1199
1195 1283
1196 1108
1196 1191
1196 1192
1196 1195
1196 1284
1197 1110
1197 1193
1197 1194
1197 1198
1198 1110
1198 1197
1198 1202
1198 1286
1198 1609
1199 1111
1199 1195
1199 1200
1199 1287
1200 1199
1200 1203
1200 1204
1200 1288
1201 1202
1201 1205
1201 1206
1201 1289
1201 1610
1202 1114
1202 1198
1202 1201
1202 1609
1202 1610
1203 1200
1203 1204
1203 1207
1203 1291
1204 1116
1204 1200
1204 1203
1204 1207
1204 1208
1204 1292
1205 1201
1205 1206
1205 1210
1205 1293
1205 1615
1206 1117
1206 1118
1206 1201
1206 1205
1206 1210
1206 1615
1207 1119
1207 1203
1207 1204
1207 1208
1208 1120
1208 1204
1208 1207
1208 1295
1209 1121
1209 1210
1209 1214
1209 1619
1209 1620
1210 1122
1210 1205
1210 1206
1210 1209
1210 1619
1210 1620
1211 1123
1211 1212
1211 1215
1211 1298
1212 1124
1212 1211
1212 1215
1212 1216
1212 1299
1213 1125
1213 1214
1213 1219
1213 1220
1213 1300
1214 1126
1214 1209
1214 1213
1214 1220
1214 1301
1215 1127
1215 1211
1215 1212
1215 1216
1215 1302
1216 1212
1216 1215
1216 1217
1216 1221
1217 1216
1217 1221
1217 1222
1217 1308
1218 1130
1218 1219
1218 1225
1218 1226
1218 1305
1219 1213
1219 1218
1219 1220
1219 1226
1220 1132
1220 1213
1220 1214
1220 1219
1220 1307
1221 1129
1221 1216
1221 1217
1221 1222
1222 1217
1222 1221
1222 1227
1222 1309
1223 1135
1223 1139
1223 1227
1223 1228
1223 1315
1224 1136
1224 1225
1224 1235
1224 1236
1224 1311
1225 1218
1225 1224
1225 1226
1225 1236
1226 1138
1226 1218
1226 1219
1226 1225
1226 1313
1227 1222
1227 1223
1227 1228
1227 1310
1227 1314
1228 1135
1228 1223
1228 1227
1228 1229
1228 1315
1229 1149
1229 1228
1229 1230
1229 1237
1229 1316
1230 1229
1230 1231
1230 1237
1230 1238
1231 1143
1231 1230
1231 1238
1231 1239
1231 1318
1232 1144
1232 1233
1232 1240
1232 1241
1232 1319
1233 1232
1233 1241
1233 1242
1233 1319
1234 1146
1234 1235
1234 1242
1234 1321
1235 1147
1235 1224
1235 1234
1235 1236
1235 1322
1236 1148
1236 1224
1236 1225
1236 1235
1236 1323
1237 1229
1237 1230
1237 1238
1237 1316
1237 1324
1238 1150
1238 1230
1238 1231
1238 1237
1238 1325
1239 1151
1239 1231
1239 1240
1239 1326
1240 1152
1240 1232
1240 1239
1240 1319
1240 1327
1241 1153
1241 1232
1241 1233
1241 1242
1241 1319
1241 1328
1242 1154
1242 1233
1242 1234
1242 1241
1243 1155
1243 1244
1243 1251
1243 1252
1244 1156
1244 1243
1244 1252
1244 1253
1245 1157
1245 1246
1245 1253
1245 1332
1246 1158
1246 1245
1246 1254
1246 1333
1247 1159
1247 1248
1247 1254
1247 1255
1248 1247
1248 1255
1248 1256
1248 1335
1249 1161
1249 1250
1249 1260
1249 1261
1250 1162
1250 1249
1250 1251
1250 1261
1251 1163
1251 1243
1251 1250
1251 1338
1252 1164
1252 1243
1252 1244
1252 1253
1253 1165
1253 1244
1253 1245
1253 1252
1254 1166
1254 1246
1254 1247
1254 1255
1255 1167
1255 1247
1255 1248
1255 1254
1256 1168
1256 1248
1256 1257
1256 1343
1257 1169
1257 1256
1257 1258
1257 1262
1258 1170
1258 1257
1258 1262
1258 1263
1258 1345
1259 1179
1259 1260
1259 1266
1259 1267
1260 1249
1260 1259
1260 1261
1260 1267
1261 1173
1261 1249
1261 1250
1261 1260
1262 1174
1262 1257
1262 1258
1262 1263
1263 1258
1263 1262
1263 1264
1263 1268
1264 1180
1264 1263
1264 1268
1264 1269
1264 1351
1265 1177
1265 1266
1265 1271
1265 1272
1266 1259
1266 1265
1266 1267
1266 1272
1267 1259
1267 1260
1267 1266
1267 1346
1268 1180
1268 1263
1268 1264
1268 1269
1269 1264
1269 1268
1269 1270
1269 1273
1270 1182
1270 1269
1270 1273
1270 1274
1271 1183
1271 1265
1271 1272
1271 1276
1272 1184
1272 1265
1272 1266
1272 1271
1273 1185
1273 1269
1273 1270
1273 1274
1273 1360
1274 1186
1274 1270
1274 1273
1274 1277
1275 1276
1275 1279
1275 1280
1275 1362
1276 1188
1276 1271
1276 1275
1276 1363
1277 1189
1277 1274
1277 1278
1277 1364
1278 1190
1278 1277
1278 1281
1278 1282
1279 1191
1279 1275
1279 1280
1279 1284
1280 1192
1280 1275
1280 1279
1280 1284
1281 1193
1281 1278
1281 1282
1281 1285
1281 1368
1282 1194
1282 1278
1282 1281
1282 1285
1282 1286
1283 1195
1283 1284
1283 1287
1283 1370
1284 1196
1284 1279
1284 1280
1284 1283
1284 1371
1285 1281
1285 1282
1285 1286
1285 1372
1286 1198
1286 1282
1286 1285
1286 1290
1286 1627
1286 1640
1287 1199
1287 1283
1287 1288
1287 1374
1288 1200
1288 1287
1288 1291
1288 1292
1288 1375
1289 1201
1289 1290
1289 1293
1289 1376
1290 1286
1290 1289
1290 1640
1290 1641
1291 1203
1291 1288
1291 1292
1291 1294
1292 1204
1292 1288
1292 1291
1292 1294
1293 1205
1293 1289
1293 1380
1293 1643
1294 1291
1294 1292
1294 1295
1294 1382
1295 1208
1295 1294
1295 1298
1295 1383
1296 1297
1296 1301
1296 1636
1296 1637
1296 1645
1297 1296
1297 1636
1297 1637
1297 1645
1298 1211
1298 1295
1298 1299
1298 1302
1298 1386
1299 1212
1299 1298
1299 1302
1299 1303
1299 1386
1300 1213
1300 1301
1300 1306
1300 1307
1301 1214
1301 1296
1301 1300
1301 1307
1302 1215
1302 1298
1302 1299
1302 1303
1303 1299
1303 1302
1303 1304
1303 1308
1304 1303
1304 1308
1304 1309
1304 1396
1305 1218
1305 1306
1305 1312
1305 1313
1306 1300
1306 1305
1306 1307
1306 1313
1307 1220
1307 1300
1307 1301
1307 1306
1307 1395
1308 1217
1308 1303
1308 1304
1308 1309
1309 1222
1309 1304
1309 1308
1309 1310
1309 1314
1310 1227
1310 1309
1310 1314
1310 1315
1311 1224
1311 1312
1311 1322
1311 1323
1312 1305
1312 1311
1312 1313
1312 1323
1313 1226
1313 1305
1313 1306
1313 1312
1314 1227
1314 1309
1314 1310
1314 1315
1314 1403
1315 1223
1315 1228
1315 1310
1315 1314
1316 1229
1316 1237
1316 1324
1316 1404
1317 1318
1317 1324
1317 1325
1317 1413
1318 1231
1318 1317
1318 1325
1318 1326
1319 1232
1319 1233
1319 1240
1319 1241
1319 1320
1319 1327
1319 1328
1320 1319
1320 1328
1320 1329
1320 1408
1321 1234
1321 1322
1321 1329
1321 1409
1322 1235
1322 1311
1322 1321
1322 1323
1323 1236
1323 1311
1323 1312
1323 1322
1324 1237
1324 1316
1324 1317
1324 1325
1325 1238
1325 1317
1325 1318
1325 1324
1325 1413
1326 1239
1326 1318
1326 1327
1326 1414
1327 1240
1327 1319
1327 1326
1327 1415
1328 1241
1328 1319
1328 1320
1328 1329
1329 1320
1329 1321
1329 1328
1329 1417
1330 1331
1330 1338
1330 1339
1330 1418
1331 1330
1331 1339
1331 1340
1331 1419
1332 1245
1332 1333
1332 1340
1332 1420
1333 1246
1333 1332
1333 1341
1333 1421
1334 1335
1334 1341
1334 1342
1334 1422
1335 1248
1335 1334
1335 1342
1335 1343
1335 1423
1336 1337
1336 1347
1336 1348
1336 1424
1337 1336
1337 1338
1337 1348
1337 1425
1338 1251
1338 1330
1338 1337
1338 1426
1339 1330
1339 1331
1339 1340
1339 1427
1340 1331
1340 1332
1340 1339
1340 1428
1341 1333
1341 1334
1341 1342
1341 1429
1342 1334
1342 1335
1342 1341
1342 1430
1343 1256
1343 1335
1343 1344
1343 1431
1344 1343
1344 1345
1344 1349
1344 1432
1345 1258
1345 1344
1345 1349
1345 1350
1345 1433
1346 1267
1346 1347
1346 1353
1346 1354
1346 1434
1347 1336
1347 1346
1347 1348
1347 1354
1348 1336
1348 1337
1348 1347
1348 1436
1349 1344
1349 1345
1349 1350
1349 1437
1350 1345
1350 1349
1350 1351
1350 1355
1351 1264
1351 1350
1351 1355
1351 1356
1352 1353
1352 1358
1352 1359
1352 1440
1353 1346
1353 1352
1353 1354
1353 1359
1354 1346
1354 1347
1354 1353
1354 1434
1355 1350
1355 1351
1355 1356
1355 1443
1356 1351
1356 1355
1356 1357
1356 1360
1357 1356
1357 1360
1357 1361
1357 1445
1358 1352
1358 1359
1358 1363
1358 1446
1359 1352
1359 1353
1359 1358
1359 1447
1360 1273
1360 1356
1360 1357
1360 1361
1360 1448
1361 1357
1361 1360
1361 1364
1361 1449
1362 1275
1362 1363
1362 1366
1362 1367
1362 1450
1363 1276
1363 1358
1363 1362
1363 1451
1364 1277
1364 1361
1364 1365
1364 1452
1365 1364
1365 1368
1365 1369
1365 1453
1366 1362
1366 1367
1366 1371
1366 1454
1367 1362
1367 1366
1367 1371
1367 1455
1368 1281
1368 1365
1368 1369
1368 1372
1369 1365
1369 1368
1369 1372
1369 1457
1370 1283
1370 1371
1370 1374
1370 1458
1370 1459
1371 1284
1371 1366
1371 1367
1371 1370
1371 1459
1372 1285
1372 1368
1372 1369
1372 1373
1372 1460
1373 1372
1373 1377
1373 1461
1373 1640
1374 1287
1374 1370
1374 1375
1374 1462
1374 1463
1375 1288
1375 1374
1375 1378
1375 1379
1375 1463
1376 1289
1376 1377
1376 1380
1376 1381
1376 1641
1377 1373
1377 1376
1377 1465
1377 1640
1377 1641
1378 1375
1378 1379
1378 1382
1378 1466
1379 1375
1379 1378
1379 1382
1379 1383
1379 1467
1380 1293
1380 1376
1380 1381
1380 1385
1380 1643
1381 1376
1381 1380
1381 1385
1381 1643
1382 1294
1382 1378
1382 1379
1382 1383
1382 1470
1383 1295
1383 1379
1383 1382
1383 1471
1384 1385
1384 1389
1384 1645
1384 1646
1385 1380
1385 1381
1385 1384
1385 1645
1385 1646
1386 1298
1386 1299
1386 1387
1386 1390
1387 1386
1387 1390
1387 1391
1387 1475
1388 1389
1388 1394
1388 1395
1388 1476
1389 1384
1389 1388
1389 1395
1389 1477
1390 1386
1390 1387
1390 1391
1390 1475
1391 1387
1391 1390
1391 1392
1391 1396
1392 1391
1392 1396
1392 1397
1392 1484
1393 1394
1393 1400
1393 1401
1393 1481
1394 1388
1394 1393
1394 1395
1394 1401
1395 1307
1395 1388
1395 1389
1395 1394
1395 1483
1396 1304
1396 1391
1396 1392
1396 1397
1397 1392
1397 1396
1397 1398
1397 1402
1398 1397
1398 1402
1398 1403
1398 1486
1399 1400
1399 1410
1399 1411
1399 1487
1400 1393
1400 1399
1400 1401
1400 1411
1401 1393
1401 1394
1401 1400
1401 1489
1402 1397
1402 1398
1402 1403
1402 1490
1403 1314
1403 1398
1403 1402
1403 1404
1404 1316
1404 1403
1404 1412
1404 1492
1405 1406
1405 1412
1405 1413
1405 1494
1406 1405
1406 1413
1406 1414
1406 1494
1407 1408
1407 1415
1407 1416
1407 1495
1407 1503
1408 1320
1408 1407
1408 1416
1408 1417
1408 1495
1409 1321
1409 1410
1409 1417
1409 1497
1410 1399
1410 1409
1410 1411
1410 1498
1411 1399
1411 1400
1411 1410
1411 1487
1412 1404
1412 1405
1412 1413
1412 1500
1413 1317
1413 1325
1413 1405
1413 1406
1413 1412
1414 1326
1414 1406
1414 1415
1414 1494
1414 1502
1415 1327
1415 1407
1415 1414
1415 1495
1416 1407
1416 1408
1416 1417
1416 1495
1417 1329
1417 1408
1417 1409
1417 1416
1417 1505
1418 1330
1418 1419
1418 1426
1418 1427
1418 1513
1418 1514
1419 1331
1419 1418
1419 1427
1419 1428
1419 1506
1419 1514
1420 1332
1420 1421
1420 1428
1420 1507
1421 1333
1421 1420
1421 1429
1421 1508
1422 1334
1422 1423
1422 1429
1422 1430
1422 1509
1422 1510
1422 1515
1423 1335
1423 1422
1423 1430
1423 1431
1423 1510
1423 1516
1424 1336
1424 1425
1424 1435
1424 1436
1424 1511
1425 1337
1425 1424
1425 1426
1425 1436
1425 1512
1425 1521
1426 1338
1426 1418
1426 1425
1426 1513
1427 1339
1427 1418
1427 1419
1427 1428
1427 1506
1427 1514
1428 1340
1428 1419
1428 1420
1428 1427
1428 1507
1429 1341
1429 1421
1429 1422
1429 1430
1429 1508
1430 1342
1430 1422
1430 1423
1430 1429
1430 1509
1430 1510
1430 1515
1431 1343
1431 1423
1431 1432
1431 1510
1431 1516
1432 1344
1432 1431
1432 1433
1432 1437
1432 1517
1432 1522
1433 1345
1433 1432
1433 1437
1433 1438
1433 1518
1434 1346
1434 1354
1434 1435
1434 1441
1434 1442
1434 1519
1435 1424
1435 1434
1435 1436
1435 1442
1435 1520
1436 1348
1436 1424
1436 1425
1436 1435
1436 1511
1436 1512
1436 1521
1437 1349
1437 1432
1437 1433
1437 1517
1437 1518
1437 1522
1438 1433
1438 1439
1438 1443
1438 1523
1439 1438
1439 1443
1439 1444
1439 1524
1440 1352
1440 1441
1440 1446
1440 1447
1440 1525
1441 1434
1441 1440
1441 1442
1441 1526
1442 1434
1442 1435
1442 1441
1442 1519
1443 1355
1443 1438
1443 1439
1443 1444
1443 1524
1444 1439
1444 1443
1444 1445
1444 1448
1444 1527
1445 1357
1445 1444
1445 1448
1445 1449
1445 1528
1446 1358
1446 1440
1446 1447
1446 1451
1446 1525
1446 1529
1447 1359
1447 1440
1447 1446
1447 1525
1447 1529
1447 1530
1448 1360
1448 1444
1448 1445
1448 1449
1448 1528
1448 1531
1448 1532
1449 1361
1449 1445
1449 1448
1449 1452
1449 1528
1449 1532
1450 1362
1450 1451
1450 1454
1450 1455
1450 1533
1450 1534
1451 1363
1451 1446
1451 1450
1451 1533
1451 1534
1452 1364
1452 1449
1452 1453
1452 1535
1453 1365
1453 1452
1453 1456
1453 1457
1453 1535
1453 1538
1454 1366
1454 1450
1454 1455
1454 1459
1454 1533
1454 1536
1454 1537
1455 1367
1455 1450
1455 1454
1455 1459
1455 1533
1455 1536
1455 1537
1456 1453
1456 1457
1456 1460
1456 1538
1456 1539
1457 1369
1457 1453
1457 1456
1457 1460
1457 1538
1457 1539
1458 1370
1458 1459
1458 1462
1458 1540
1459 1370
1459 1371
1459 1454
1459 1455
1459 1458
1459 1540
1460 1372
1460 1456
1460 1457
1460 1461
1460 1541
1461 1373
1461 1460
1461 1465
1461 1541
1462 1374
1462 1458
1462 1463
1462 1467
1462 1542
1463 1374
1463 1375
1463 1462
1463 1466
1463 1467
1463 1542
1464 1465
1464 1468
1464 1469
1464 1543
1465 1377
1465 1461
1465 1464
1465 1543
1466 1378
1466 1463
1466 1467
1466 1470
1466 1544
1466 1545
1467 1379
1467 1462
1467 1463
1467 1466
1467 1470
1467 1471
1467 1544
1467 1545
1468 1464
1468 1469
1468 1473
1468 1546
1468 1547
1468 1550
1469 1464
1469 1468
1469 1473
1469 1546
1469 1547
1469 1550
1470 1382
1470 1466
1470 1467
1470 1471
1470 1545
1470 1548
1471 1383
1471 1467
1471 1470
1471 1548
1472 1473
1472 1477
1472 1549
1472 1550
1473 1468
1473 1469
1473 1472
1473 1549
1473 1550
1474 1475
1474 1478
1474 1551
1474 1552
1475 1387
1475 1390
1475 1474
1475 1478
1475 1479
1475 1551
1475 1552
1475 1555
1476 1388
1476 1477
1476 1483
1476 1553
1476 1554
1476 1558
1477 1389
1477 1472
1477 1476
1477 1483
1477 1553
1477 1554
1478 1474
1478 1475
1478 1479
1478 1552
1478 1555
1479 1475
1479 1478
1479 1480
1479 1484
1479 1556
1480 1479
1480 1484
1480 1485
1480 1559
1481 1393
1481 1482
1481 1488
1481 1489
1481 1564
1482 1481
1482 1483
1482 1489
1482 1557
1483 1395
1483 1476
1483 1477
1483 1482
1483 1558
1484 1392
1484 1479
1484 1480
1484 1485
1484 1559
1485 1480
1485 1484
1485 1490
1485 1560
1486 1398
1486 1490
1486 1491
1486 1566
1487 1399
1487 1411
1487 1488
1487 1498
1487 1499
1487 1571
1487 1572
1488 1481
1488 1487
1488 1489
1488 1499
1488 1563
1489 1401
1489 1481
1489 1482
1489 1488
1489 1564
1490 1402
1490 1485
1490 1486
1490 1491
1490 1561
1490 1565
1490 1566
1491 1486
1491 1490
1491 1492
1491 1566
1492 1404
1492 1491
1492 1500
1492 1567
1492 1573
1493 1494
1493 1500
1493 1501
1493 1568
1493 1573
1493 1574
1494 1405
1494 1406
1494 1414
1494 1493
1494 1501
1494 1502
1494 1575
1495 1407
1495 1408
1495 1415
1495 1416
1495 1496
1495 1503
1495 1504
1495 1576
1496 1495
1496 1504
1496 1505
1496 1569
1496 1577
1497 1409
1497 1498
1497 1505
1497 1570
1497 1578
1498 1410
1498 1487
1498 1497
1498 1499
1498 1562
1498 1571
1499 1487
1499 1488
1499 1498
1499 1562
1499 1572
1500 1412
1500 1492
1500 1493
1500 1501
1500 1567
1500 1573
1501 1493
1501 1494
1501 1500
1501 1568
1501 1573
1501 1574
1502 1414
1502 1494
1502 1503
1502 1575
1503 1407
1503 1495
1503 1502
1503 1576
1504 1495
1504 1496
1504 1505
1504 1569
1504 1577
1505 1417
1505 1496
1505 1497
1505 1504
1505 1570
1505 1578
1506 1419
1506 1427
1506 1507
1506 1514
1507 1420
1507 1428
1507 1506
1507 1508
1508 1421
1508 1429
1508 1507
1508 1509
1509 1422
1509 1430
1509 1508
1509 1510
1509 1515
1510 1422
1510 1423
1510 1430
1510 1431
1510 1509
1510 1515
1510 1516
1511 1424
1511 1436
1511 1512
1511 1520
1511 1521
1512 1425
1512 1436
1512 1511
1512 1513
1512 1521
1513 1418
1513 1426
1513 1512
1513 1514
1514 1418
1514 1419
1514 1427
1514 1506
1514 1513
1515 1422
1515 1430
1515 1509
1515 1510
1515 1516
1516 1423
1516 1431
1516 1510
1516 1515
1517 1432
1517 1437
1517 1518
1517 1522
1518 1433
1518 1437
1518 1517
1518 1522
1518 1523
1519 1434
1519 1442
1519 1520
1519 1526
1520 1435
1520 1511
1520 1519
1520 1521
1521 1425
1521 1436
1521 1511
1521 1512
1521 1520
1522 1432
1522 1437
1522 1517
1522 1518
1522 1523
1523 1438
1523 1518
1523 1522
1523 1524
1524 1439
1524 1443
1524 1523
1524 1527
1525 1440
1525 1446
1525 1447
1525 1526
1525 1529
1525 1530
1526 1441
1526 1519
1526 1525
1526 1530
1527 1444
1527 1524
1527 1528
1527 1531
1528 1445
1528 1448
1528 1449
1528 1527
1528 1531
1528 1532
1529 1446
1529 1447
1529 1525
1529 1530
1530 1447
1530 1525
1530 1526
1530 1529
1531 1448
1531 1527
1531 1528
1531 1532
1532 1448
1532 1449
1532 1528
1532 1531
1532 1535
1533 1450
1533 1451
1533 1454
1533 1455
1533 1534
1533 1536
1533 1537
1534 1450
1534 1451
1534 1533
1534 1537
1535 1452
1535 1453
1535 1532
1535 1538
1536 1454
1536 1455
1536 1533
1536 1537
1536 1540
1537 1454
1537 1455
1537 1533
1537 1534
1537 1536
1538 1453
1538 1456
1538 1457
1538 1535
1538 1539
1539 1456
1539 1457
1539 1538
1539 1541
1540 1458
1540 1459
1540 1536
1540 1542
1541 1460
1541 1461
1541 1539
1541 1543
1542 1462
1542 1463
1542 1540
1542 1544
1543 1464
1543 1465
1543 1541
1543 1547
1544 1466
1544 1467
1544 1542
1544 1545
1545 1466
1545 1467
1545 1470
1545 1544
1545 1548
1546 1468
1546 1469
1546 1547
1546 1549
1546 1550
1547 1468
1547 1469
1547 1543
1547 1546
1547 1550
1548 1470
1548 1471
1548 1545
1548 1551
1549 1472
1549 1473
1549 1546
1549 1550
1550 1468
1550 1469
1550 1472
1550 1473
1550 1546
1550 1547
1550 1549
1551 1474
1551 1475
1551 1548
1551 1552
1551 1555
1552 1474
1552 1475
1552 1478
1552 1551
1552 1555
1552 1556
1553 1476
1553 1477
1553 1554
1553 1557
1553 1558
1554 1476
1554 1477
1554 1553
1554 1558
1555 1475
1555 1478
1555 1551
1555 1552
1555 1556
1556 1479
1556 1552
1556 1555
1556 1559
1557 1482
1557 1553
1557 1558
1557 1564
1558 1476
1558 1483
1558 1553
1558 1554
1558 1557
1559 1480
1559 1484
1559 1556
1559 1560
1560 1485
1560 1559
1560 1561
1560 1565
1561 1490
1561 1560
1561 1565
1561 1566
1562 1498
1562 1499
1562 1563
1562 1571
1562 1572
1563 1488
1563 1562
1563 1564
1563 1572
1564 1481
1564 1489
1564 1557
1564 1563
1565 1490
1565 1560
1565 1561
1565 1566
1566 1486
1566 1490
1566 1491
1566 1561
1566 1565
1567 1492
1567 1500
1567 1568
1567 1573
1568 1493
1568 1501
1568 1567
1568 1573
1568 1574
1569 1496
1569 1504
1569 1570
1569 1577
1569 1578
1570 1497
1570 1505
1570 1569
1570 1578
1571 1487
1571 1498
1571 1562
1571 1572
1572 1487
1572 1499
1572 1562
1572 1563
1572 1571
1573 1492
1573 1493
1573 1500
1573 1501
1573 1567
1573 1568
1573 1574
1574 1493
1574 1501
1574 1568
1574 1573
1574 1575
1575 1494
1575 1502
1575 1574
1575 1576
1576 1495
1576 1503
1576 1575
1576 1577
1577 1496
1577 1504
1577 1569
1577 1576
1577 1578
1578 1497
1578 1505
1578 1569
1578 1570
1578 1577
1579 1584
1579 1585
1579 1780
1579 1781
1579 1789
1579 1792
1579 1793
1580 1587
1580 1783
1580 1795
1580 1798
1581 1582
1581 1584
1581 1585
1581 1594
1581 1598
1581 1789
1581 1793
1582 1581
1582 1583
1582 1595
1582 1790
1582 1801
1583 1582
1583 1586
1583 1595
1583 1791
1583 1801
1583 1802
1584 1579
1584 1581
1584 1598
1584 1792
1585 1579
1585 1581
1585 1778
1585 1789
1585 1790
1585 1792
1585 1793
1586 1583
1586 1600
1586 1794
1586 1802
1586 1803
1587 1580
1587 1590
1587 1795
1587 1798
1588 1604
1588 1608
1588 1796
1588 1797
1588 1799
1588 1804
1588 1806
1589 1605
1589 1796
1589 1797
1589 1804
1589 1805
1590 1587
1590 1591
1590 1608
1590 1798
1590 1799
1590 1806
1591 1590
1591 1608
1591 1799
1591 1806
1592 1593
1592 1596
1592 1597
1592 1611
1592 1616
1593 1592
1593 1594
1593 1597
1593 1612
1594 1581
1594 1593
1594 1598
1594 1613
1594 1614
1595 1582
1595 1583
1595 1599
1595 1614
1596 1592
1596 1597
1596 1601
1596 1616
1597 1592
1597 1593
1597 1596
1597 1598
1598 1581
1598 1584
1598 1594
1598 1597
1599 1595
1599 1600
1599 1618
1599 1802
1599 1803
1600 1586
1600 1599
1600 1605
1600 1802
1600 1803
1600 1805
1601 1596
1601 1602
1601 1616
1601 1621
1602 1601
1602 1603
1602 1606
1602 1625
1603 1602
1603 1606
1603 1607
1603 1626
1604 1588
1604 1608
1604 1624
1604 1804
1605 1589
1605 1600
1605 1802
1605 1803
1605 1804
1605 1805
1606 1602
1606 1603
1606 1607
1606 1622
1606 1623
1606 1625
1606 1626
1607 1603
1607 1606
1607 1608
1607 1626
1608 1588
1608 1590
1608 1591
1608 1604
1608 1607
1609 1198
1609 1202
1609 1610
1609 1611
1609 1627
1610 1201
1610 1202
1610 1609
1610 1611
1611 1592
1611 1609
1611 1610
1611 1628
1612 1593
1612 1613
1612 1631
1612 1632
1613 1594
1613 1612
1613 1614
1613 1617
1613 1632
1613 1635
1614 1594
1614 1595
1614 1613
1614 1618
1615 1205
1615 1206
1615 1616
1615 1620
1616 1592
1616 1596
1616 1601
1616 1615
1617 1613
1617 1618
1617 1624
1617 1632
1617 1635
1618 1599
1618 1614
1618 1617
1618 1624
1619 1209
1619 1210
1619 1620
1619 1636
1620 1209
1620 1210
1620 1615
1620 1619
1620 1621
1620 1637
1621 1601
1621 1620
1621 1622
1621 1638
1622 1606
1622 1621
1622 1625
1622 1626
1622 1639
1623 1606
1623 1624
1623 1625
1623 1626
1624 1604
1624 1617
1624 1618
1624 1623
1625 1602
1625 1606
1625 1622
1625 1623
1625 1626
1626 1603
1626 1606
1626 1607
1626 1622
1626 1623
1626 1625
1627 1286
1627 1609
1627 1628
1627 1629
1627 1630
1628 1611
1628 1627
1628 1629
1628 1630
1629 1627
1629 1628
1629 1630
1629 1640
1629 1642
1630 1627
1630 1628
1630 1629
1630 1631
1630 1642
1631 1612
1631 1630
1631 1632
1631 1634
1632 1612
1632 1613
1632 1617
1632 1631
1632 1634
1632 1635
1633 1634
1633 1638
1633 1642
1633 1644
1634 1631
1634 1632
1634 1633
1634 1635
1634 1639
1635 1613
1635 1617
1635 1632
1635 1634
1635 1639
1636 1296
1636 1297
1636 1619
1636 1637
1636 1645
1637 1296
1637 1297
1637 1620
1637 1636
1637 1638
1637 1645
1637 1646
1638 1621
1638 1633
1638 1637
1638 1639
1639 1622
1639 1634
1639 1635
1639 1638
1640 1286
1640 1290
1640 1373
1640 1377
1640 1629
1640 1641
1641 1290
1641 1376
1641 1377
1641 1640
1641 1642
1641 1644
1642 1629
1642 1630
1642 1633
1642 1641
1642 1644
1643 1293
1643 1380
1643 1381
1643 1644
1643 1646
1644 1633
1644 1641
1644 1642
1644 1643
1645 1296
1645 1297
1645 1384
1645 1385
1645 1636
1645 1637
1645 1646
1646 1384
1646 1385
1646 1637
1646 1643
1646 1645
1647 249
1647 251
1647 252
1647 1648
1648 249
1648 251
1648 252
1648 1647
1648 1655
1649 254
1649 255
1649 259
1649 1650
1650 254
1650 255
1650 323
1650 1649
1650 1657
1651 258
1651 259
1651 1652
1651 1653
1651 1654
1652 259
1652 1651
1652 1654
1652 1660
1653 258
1653 263
1653 1651
1653 1654
1653 1663
1654 326
1654 1651
1654 1652
1654 1653
1654 1660
1654 1664
1655 319
1655 320
1655 1648
1655 1656
1655 1667
1656 1655
1656 1657
1656 1658
1656 1668
1657 255
1657 1650
1657 1656
1657 1658
1658 1656
1658 1657
1658 1659
1658 1661
1658 1668
1659 1658
1659 1662
1659 1669
1659 1672
1660 259
1660 1652
1660 1654
1660 1661
1661 1658
1661 1660
1661 1662
1661 1665
1662 1659
1662 1661
1662 1666
1662 1677
1663 330
1663 331
1663 336
1663 1653
1663 1664
1664 331
1664 1654
1664 1663
1664 1665
1664 1681
1665 1661
1665 1664
1665 1666
1665 1682
1666 1662
1666 1665
1666 1677
1666 1682
1666 1683
1667 320
1667 391
1667 392
1667 1655
1667 1670
1668 1656
1668 1658
1668 1669
1668 1671
1669 1659
1669 1668
1669 1671
1669 1672
1670 395
1670 396
1670 466
1670 1667
1670 1671
1671 1668
1671 1669
1671 1670
1671 1672
1672 1659
1672 1669
1672 1671
1672 1673
1672 1686
1673 1672
1673 1674
1673 1678
1673 1686
1673 1687
1674 1673
1674 1679
1674 1687
1674 1688
1674 1693
1675 399
1675 400
1675 1676
1675 1681
1676 400
1676 1675
1676 1682
1676 1690
1677 1662
1677 1666
1677 1678
1677 1683
1678 1673
1678 1677
1678 1679
1678 1684
1679 1674
1679 1678
1679 1685
1679 1693
1680 331
1680 403
1680 404
1680 1681
1681 331
1681 403
1681 404
1681 1664
1681 1675
1681 1680
1682 1665
1682 1666
1682 1676
1682 1683
1683 1666
1683 1677
1683 1682
1683 1684
1683 1695
1684 1678
1684 1683
1684 1685
1684 1695
1684 1696
1685 1679
1685 1684
1685 1693
1685 1697
1686 1672
1686 1673
1686 1687
1686 1690
1686 1691
1686 1692
1687 1673
1687 1674
1687 1686
1687 1701
1688 1674
1688 1689
1688 1701
1688 1702
1689 1688
1689 1694
1689 1702
1689 1703
1690 1676
1690 1686
1690 1691
1690 1695
1691 1686
1691 1690
1691 1692
1691 1695
1692 1686
1692 1691
1692 1701
1692 1705
1693 1674
1693 1679
1693 1685
1693 1694
1694 1689
1694 1693
1694 1698
1694 1707
1695 1683
1695 1684
1695 1690
1695 1691
1695 1696
1696 1684
1696 1695
1696 1699
1696 1709
1697 1685
1697 1698
1697 1699
1697 1700
1698 1694
1698 1697
1698 1700
1698 1711
1699 1696
1699 1697
1699 1700
1699 1709
1700 1697
1700 1698
1700 1699
1700 1710
1700 1713
1701 1687
1701 1688
1701 1692
1701 1702
1701 1705
1701 1706
1702 1688
1702 1689
1702 1701
1702 1703
1702 1706
1702 1715
1703 1689
1703 1702
1703 1704
1703 1707
1704 1703
1704 1707
1704 1708
1704 1717
1704 1739
1705 1692
1705 1701
1705 1706
1705 1709
1706 1701
1706 1702
1706 1705
1706 1718
1707 1694
1707 1703
1707 1704
1707 1708
1708 1704
1708 1707
1708 1712
1708 1719
1709 1696
1709 1699
1709 1705
1709 1710
1710 1700
1710 1709
1710 1713
1710 1720
1711 1698
1711 1712
1711 1714
1711 1721
1712 1708
1712 1711
1712 1721
1712 1722
1712 1744
1713 1700
1713 1710
1713 1714
1713 1723
1714 1711
1714 1713
1714 1721
1714 1723
1715 1702
1715 1716
1715 1718
1715 1737
1715 1740
1716 1715
1716 1717
1716 1726
1716 1737
1716 1738
1717 1704
1717 1716
1717 1719
1717 1727
1717 1738
1717 1739
1717 1741
1718 1706
1718 1715
1718 1737
1718 1740
1719 1708
1719 1717
1719 1730
1719 1739
1719 1741
1720 1710
1720 1723
1720 1731
1720 1742
1720 1745
1721 1711
1721 1712
1721 1714
1721 1722
1721 1724
1721 1725
1721 1743
1721 1744
1721 1747
1722 1712
1722 1721
1722 1733
1722 1743
1722 1744
1723 1713
1723 1714
1723 1720
1723 1724
1723 1742
1723 1745
1724 1721
1724 1723
1724 1735
1724 1743
1724 1745
1724 1746
1725 1721
1725 1733
1725 1736
1725 1743
1725 1746
1725 1747
1726 1716
1726 1727
1726 1738
1726 1748
1727 1717
1727 1726
1727 1739
1727 1748
1727 1749
1727 1752
1728 1729
1728 1740
1728 1750
1728 1751
1729 1728
1729 1737
1729 1740
1729 1750
1729 1751
1730 1719
1730 1739
1730 1741
1730 1752
1731 1720
1731 1732
1731 1734
1731 1742
1731 1753
1732 1731
1732 1734
1732 1753
1732 1754
1732 1756
1732 1757
1733 1722
1733 1725
1733 1744
1733 1755
1734 1731
1734 1732
1734 1735
1734 1742
1734 1745
1734 1753
1734 1754
1734 1756
1735 1724
1735 1734
1735 1746
1735 1756
1735 1757
1736 1725
1736 1746
1736 1747
1736 1755
1736 1758
1737 1715
1737 1716
1737 1718
1737 1729
1737 1740
1738 1716
1738 1717
1738 1726
1738 1739
1738 1748
1739 1704
1739 1717
1739 1719
1739 1727
1739 1730
1739 1738
1739 1741
1739 1749
1740 1715
1740 1718
1740 1728
1740 1729
1740 1737
1740 1750
1741 1717
1741 1719
1741 1730
1741 1739
1742 1720
1742 1723
1742 1731
1742 1734
1742 1745
1742 1756
1743 1721
1743 1722
1743 1724
1743 1725
1743 1744
1743 1747
1744 1712
1744 1721
1744 1722
1744 1733
1744 1743
1745 1720
1745 1723
1745 1724
1745 1734
1745 1742
1745 1756
1746 1724
1746 1725
1746 1735
1746 1736
1746 1747
1747 1721
1747 1725
1747 1736
1747 1743
1747 1746
1747 1758
1748 1726
1748 1727
1748 1738
1748 1749
1748 1751
1748 1759
1749 1727
1749 1739
1749 1748
1749 1752
1749 1760
1750 1728
1750 1729
1750 1740
1750 1751
1750 1761
1751 1728
1751 1729
1751 1748
1751 1750
1751 1761
1751 1762
1752 1727
1752 1730
1752 1749
1752 1763
1753 1731
1753 1732
1753 1734
1753 1754
1753 1764
1754 1732
1754 1734
1754 1753
1754 1757
1754 1764
1754 1765
1754 1767
1755 1733
1755 1736
1755 1758
1755 1766
1756 1732
1756 1734
1756 1735
1756 1742
1756 1745
1757 1732
1757 1735
1757 1754
1757 1758
1757 1767
1758 1736
1758 1747
1758 1755
1758 1757
1758 1768
1759 1748
1759 1760
1759 1762
1759 1769
1760 1749
1760 1759
1760 1763
1760 1770
1761 1750
1761 1751
1761 1762
1761 1764
1761 1765
1762 1751
1762 1759
1762 1761
1762 1764
1762 1771
1763 1752
1763 1760
1763 1766
1763 1772
1764 1753
1764 1754
1764 1761
1764 1762
1764 1765
1765 1754
1765 1761
1765 1764
1765 1767
1765 1774
1766 1755
1766 1763
1766 1768
1766 1775
1767 1754
1767 1757
1767 1765
1767 1768
1767 1776
1768 1758
1768 1766
1768 1767
1768 1777
1769 1759
1769 1770
1769 1771
1769 1778
1770 1760
1770 1769
1770 1772
1770 1779
1771 1762
1771 1769
1771 1773
1771 1781
1772 1763
1772 1770
1772 1775
1772 1782
1773 1771
1773 1774
1773 1780
1773 1783
1773 1784
1774 1765
1774 1773
1774 1776
1774 1784
1775 1766
1775 1772
1775 1777
1775 1785
1776 1767
1776 1774
1776 1777
1776 1784
1777 1768
1777 1775
1777 1776
1777 1788
1778 1585
1778 1769
1778 1779
1778 1781
1778 1789
1779 1770
1779 1778
1779 1782
1779 1791
1780 1579
1780 1773
1780 1781
1780 1783
1780 1792
1781 1579
1781 1771
1781 1778
1781 1780
1781 1792
1782 1772
1782 1779
1782 1785
1782 1794
1783 1580
1783 1773
1783 1780
1783 1784
1783 1795
1784 1773
1784 1774
1784 1776
1784 1783
1784 1787
1785 1775
1785 1782
1785 1788
1785 1797
1785 1800
1786 1787
1786 1795
1786 1798
1786 1799
1787 1784
1787 1786
1787 1788
1787 1800
1788 1777
1788 1785
1788 1787
1788 1800
1789 1579
1789 1581
1789 1585
1789 1778
1789 1792
1789 1793
1790 1582
1790 1585
1790 1791
1790 1801
1791 1583
1791 1779
1791 1790
1791 1794
1791 1801
1792 1579
1792 1584
1792 1585
1792 1780
1792 1781
1792 1789
1792 1793
1793 1579
1793 1581
1793 1585
1793 1789
1793 1792
1794 1586
1794 1782
1794 1791
1794 1802
1794 1803
1795 1580
1795 1587
1795 1783
1795 1786
1795 1798
1796 1588
1796 1589
1796 1797
1796 1804
1796 1806
1797 1588
1797 1589
1797 1785
1797 1796
1797 1804
1798 1580
1798 1587
1798 1590
1798 1786
1798 1795
1798 1799
1799 1588
1799 1590
1799 1591
1799 1786
1799 1798
1799 1800
1799 1806
1800 1785
1800 1787
1800 1788
1800 1799
1800 1806
1801 1582
1801 1583
1801 1790
1801 1791
1802 1583
1802 1586
1802 1599
1802 1600
1802 1605
1802 1794
1802 1803
1803 1586
1803 1599
1803 1600
1803 1605
1803 1794
1803 1802
1803 1805
1804 1588
1804 1589
1804 1604
1804 1605
1804 1796
1804 1797
1805 1589
1805 1600
1805 1605
1805 1803
1806 1588
1806 1590
1806 1591
1806 1796
1806 1799
1806 1800
