0 1
0 2
0 3
0 4
1 0
1 2
1 3
1 4
2 0
2 1
2 3
2 7
3 0
3 1
3 2
3 4
3 7
4 0
4 1
4 3
4 5
4 8
5 4
5 6
5 9
5 11
6 5
6 9
6 10
6 11
6 12
7 2
7 3
7 8
7 13
7 14
8 4
8 7
8 9
8 14
9 5
9 6
9 8
9 10
9 11
9 12
9 15
10 6
10 9
10 11
10 12
10 17
11 5
11 6
11 9
11 10
11 12
12 6
12 9
12 10
12 11
12 17
13 7
13 14
13 18
13 19
14 7
14 8
14 13
14 18
14 19
15 9
15 16
15 17
15 20
16 15
16 17
16 21
16 23
17 10
17 12
17 15
17 16
17 23
18 13
18 14
18 19
18 25
19 13
19 14
19 18
19 20
19 25
20 15
20 19
20 21
20 26
21 16
21 20
21 22
21 23
21 24
21 29
22 21
22 23
22 24
22 29
23 16
23 17
23 21
23 22
23 24
24 21
24 22
24 23
24 28
24 29
24 30
25 18
25 19
25 26
25 31
25 32
26 20
26 25
26 27
26 31
26 32
27 26
27 28
27 29
27 30
27 33
28 24
28 27
28 29
28 30
29 21
29 22
29 24
29 27
29 28
29 30
30 24
30 27
30 28
30 29
30 34
30 35
31 25
31 26
31 32
31 36
32 25
32 26
32 31
32 36
32 37
33 27
33 34
33 35
33 38
34 30
34 33
34 35
34 39
35 30
35 33
35 34
35 41
36 31
36 32
36 37
36 43
37 32
37 36
37 38
37 43
37 44
38 33
38 37
38 39
38 45
39 34
39 38
39 40
39 41
39 42
39 48
40 39
40 41
40 42
40 48
41 35
41 39
41 40
41 42
41 48
42 39
42 40
42 41
42 46
42 47
42 48
42 49
43 36
43 37
43 44
43 50
44 37
44 43
44 45
44 50
45 38
45 44
45 46
45 51
46 42
46 45
46 47
46 48
46 49
46 52
47 42
47 46
47 48
47 49
47 54
48 39
48 40
48 41
48 42
48 46
48 47
48 49
49 42
49 46
49 47
49 48
49 53
49 54
50 43
50 44
50 51
50 55
50 56
51 45
51 50
51 52
51 55
51 56
52 46
52 51
52 53
52 54
52 57
53 49
53 52
53 54
53 58
54 47
54 49
54 52
54 53
55 50
55 51
55 56
55 62
56 50
56 51
56 55
56 57
56 62
56 63
57 52
57 56
57 58
57 64
58 53
58 57
58 59
58 60
58 61
58 68
59 58
59 60
59 61
59 66
59 67
59 68
60 58
60 59
60 61
60 68
61 58
61 59
61 60
61 65
61 66
61 67
61 68
62 55
62 56
62 63
62 69
63 56
63 62
63 64
63 69
64 57
64 63
64 65
64 69
64 70
65 61
65 64
65 66
65 67
65 68
65 71
66 59
66 61
66 65
66 67
66 68
66 72
66 73
67 59
67 61
67 65
67 66
67 68
68 58
68 59
68 60
68 61
68 65
68 66
68 67
69 62
69 63
69 64
69 70
69 74
70 64
70 69
70 71
70 74
71 65
71 70
71 72
71 73
71 76
72 66
72 71
72 73
72 76
72 77
73 66
73 71
73 72
73 77
73 78
74 69
74 70
74 75
74 79
75 74
75 76
75 79
75 80
76 71
76 72
76 75
76 77
76 81
77 72
77 73
77 76
77 78
77 82
78 73
78 77
78 82
78 84
79 74
79 75
79 80
79 85
80 75
80 79
80 81
80 85
80 86
81 76
81 80
81 82
81 87
82 77
82 78
82 81
82 83
82 84
82 88
83 82
83 84
83 89
83 90
84 78
84 82
84 83
84 90
85 79
85 80
85 86
85 87
86 80
86 85
86 87
86 91
87 81
87 85
87 86
87 91
87 92
88 82
88 89
88 90
88 93
89 83
89 88
89 90
89 94
90 83
90 84
90 88
90 89
90 94
91 86
91 87
91 92
91 95
92 87
92 91
92 93
92 95
93 88
93 92
93 94
93 97
94 89
94 90
94 93
94 98
94 99
95 91
95 92
95 96
95 100
96 95
96 97
96 100
96 101
97 93
97 96
97 98
97 101
97 102
98 94
98 97
98 99
98 103
99 94
99 98
99 103
99 104
100 95
100 96
100 101
100 102
101 96
101 97
101 100
101 102
101 105
102 97
102 100
102 101
102 105
102 106
103 98
103 99
103 104
103 107
104 99
104 103
104 107
104 108
105 101
105 102
105 106
105 109
106 102
106 105
106 107
106 109
106 110
106 114
107 103
107 104
107 106
107 108
107 111
108 104
108 107
108 112
108 127
109 105
109 106
109 110
109 114
110 106
110 109
110 111
110 114
110 115
111 107
111 110
111 112
111 116
111 127
112 108
112 111
112 113
112 117
112 127
113 112
113 117
113 118
113 127
114 106
114 109
114 110
114 115
115 110
115 114
115 116
115 119
116 111
116 115
116 119
116 120
117 112
117 113
117 118
117 121
117 122
118 113
118 117
118 121
118 122
119 115
119 116
119 120
119 123
119 124
120 116
120 119
120 121
120 123
120 124
121 117
121 118
121 120
121 122
121 125
122 117
122 118
122 121
122 126
123 119
123 120
123 124
123 129
124 119
124 120
124 123
124 125
124 129
125 121
125 124
125 126
125 131
126 122
126 125
126 128
126 132
126 136
127 108
127 111
127 112
127 113
128 126
128 132
128 133
128 136
128 137
129 123
129 124
129 130
129 134
130 129
130 131
130 134
130 138
131 125
131 130
131 132
131 135
132 126
132 128
132 131
132 133
132 136
132 137
133 128
133 132
133 136
133 137
133 141
134 129
134 130
134 135
134 138
134 142
135 131
135 134
135 136
135 143
136 126
136 128
136 132
136 133
136 135
136 137
137 128
137 132
137 133
137 136
137 145
138 130
138 134
138 139
138 142
138 146
138 150
139 138
139 140
139 143
139 147
140 139
140 141
140 144
140 148
140 152
141 133
141 140
141 145
141 149
142 134
142 138
142 143
142 146
142 150
143 135
143 139
143 142
143 144
143 151
144 140
144 143
144 145
144 148
144 152
145 137
145 141
145 144
145 153
146 138
146 142
146 147
146 150
147 139
147 146
147 148
147 151
147 154
148 140
148 144
148 147
148 149
148 152
149 141
149 148
149 153
149 156
150 138
150 142
150 146
150 151
151 143
151 147
151 150
151 152
152 140
152 144
152 148
152 151
152 153
153 145
153 149
153 152
153 160
154 147
154 155
154 158
154 159
154 162
154 166
155 154
155 159
155 162
155 163
156 149
156 157
156 160
156 161
157 156
157 160
157 161
157 164
157 165
158 154
158 159
158 162
158 166
159 154
159 155
159 158
159 166
159 167
160 153
160 156
160 157
160 161
161 156
161 157
161 160
161 168
161 169
162 154
162 155
162 158
162 163
162 166
162 167
163 155
163 162
163 166
163 167
163 170
164 157
164 165
164 168
164 171
165 157
165 164
165 168
165 169
165 172
166 154
166 158
166 159
166 162
166 163
166 167
167 159
167 162
167 163
167 166
167 173
168 161
168 164
168 165
168 169
168 174
169 161
169 165
169 168
169 175
170 163
170 171
170 173
170 176
171 164
171 170
171 172
171 174
171 177
172 165
172 171
172 175
172 178
173 167
173 170
173 174
173 180
174 168
174 171
174 173
174 175
174 181
175 169
175 172
175 174
175 182
176 170
176 177
176 180
176 184
177 171
177 176
177 181
177 185
178 172
178 179
178 182
178 183
179 178
179 182
179 183
179 187
179 191
180 173
180 176
180 181
180 188
181 174
181 177
181 180
181 189
182 175
182 178
182 179
182 183
182 190
183 178
183 179
183 182
183 187
183 190
183 191
184 176
184 185
184 188
184 192
185 177
185 184
185 186
185 189
185 190
186 185
186 187
186 189
186 190
186 194
187 179
187 183
187 186
187 191
187 195
188 180
188 184
188 189
188 196
189 181
189 185
189 186
189 188
189 190
190 182
190 183
190 185
190 186
190 189
190 191
190 198
191 179
191 183
191 187
191 190
191 198
191 199
192 184
192 193
192 196
192 197
192 200
193 192
193 197
193 200
193 201
194 186
194 195
194 198
194 202
195 187
195 194
195 199
195 203
196 188
196 192
196 197
196 200
197 192
197 193
197 196
197 200
197 205
198 190
198 191
198 194
198 199
198 206
199 191
199 195
199 198
199 207
200 192
200 193
200 196
200 197
200 201
200 205
201 193
201 200
201 205
201 208
202 194
202 203
202 206
202 209
203 195
203 202
203 204
203 207
203 210
204 203
204 207
204 210
204 211
204 214
204 215
205 197
205 200
205 201
205 212
206 198
206 202
206 207
206 213
207 199
207 203
207 204
207 206
207 214
208 201
208 209
208 212
208 216
209 202
209 208
209 213
209 217
210 203
210 204
210 211
210 214
210 215
210 218
211 204
211 210
211 214
211 215
211 218
211 219
212 205
212 208
212 213
212 220
213 206
213 209
213 212
213 220
213 221
214 204
214 207
214 210
214 211
214 215
214 222
215 204
215 210
215 211
215 214
215 219
215 222
215 223
216 208
216 217
216 220
216 221
216 224
217 209
217 216
217 221
217 224
217 225
218 210
218 211
218 219
218 222
219 211
219 215
219 218
219 222
219 223
219 227
220 212
220 213
220 216
220 221
220 224
221 213
221 216
221 217
221 220
221 224
221 228
222 214
222 215
222 218
222 219
222 223
223 215
223 219
223 222
223 230
224 216
224 217
224 220
224 221
224 225
224 228
225 217
225 224
225 228
225 232
226 227
226 229
226 233
226 237
227 219
227 226
227 229
227 230
227 234
228 221
228 224
228 225
228 236
229 226
229 227
229 230
229 237
230 223
230 227
230 229
230 238
231 232
231 236
231 239
231 240
232 225
232 231
232 236
232 239
233 226
233 234
233 237
233 241
234 227
234 233
234 235
234 238
234 243
235 234
235 238
235 242
235 243
236 228
236 231
236 232
236 237
236 244
237 226
237 229
237 233
237 236
237 238
238 230
238 234
238 235
238 237
239 231
239 232
239 240
239 244
240 231
240 239
240 241
240 244
240 247
241 233
241 240
241 245
241 247
241 248
242 235
242 243
242 246
242 249
243 234
243 235
243 242
243 246
244 236
244 239
244 240
244 245
244 247
244 250
245 241
245 244
245 250
245 251
245 252
246 242
246 243
246 249
246 252
247 240
247 241
247 244
247 248
247 250
247 251
248 241
248 247
248 249
248 251
249 242
249 246
249 248
249 252
250 244
250 245
250 247
250 251
251 245
251 247
251 248
251 250
251 252
252 245
252 246
252 249
252 251
