0 1
0 2
0 30
0 31
0 32
1 0
1 3
1 30
1 31
2 0
2 5
2 30
2 32
2 35
3 1
3 4
3 33
3 34
4 3
4 6
4 7
4 33
4 34
4 37
5 2
5 8
5 32
5 35
5 38
6 4
6 7
6 9
6 36
6 37
7 4
7 6
7 34
7 36
7 37
8 5
8 9
8 10
8 38
9 6
9 8
9 11
9 39
10 8
10 11
10 12
10 40
10 42
11 9
11 10
11 13
11 41
12 10
12 13
12 40
12 42
13 11
13 12
13 15
13 41
13 43
14 15
14 16
14 44
14 45
15 13
15 14
15 17
15 44
15 45
16 14
16 17
16 18
16 46
16 48
17 15
17 16
17 19
17 47
18 16
18 19
18 48
18 49
19 17
19 18
19 48
19 49
20 21
20 22
20 50
20 51
21 20
21 23
21 50
21 51
22 20
22 23
22 24
22 52
22 53
23 21
23 22
23 25
23 52
23 53
24 22
24 25
24 54
24 55
25 23
25 24
25 54
25 55
26 28
26 56
26 60
26 97
27 29
27 57
27 59
27 61
28 26
28 58
28 60
28 62
28 97
28 99
29 27
29 59
29 61
29 63
29 98
29 100
30 0
30 1
30 2
30 31
30 32
31 0
31 1
31 30
31 33
32 0
32 2
32 5
32 30
32 35
33 3
33 4
33 31
33 34
34 3
34 4
34 7
34 33
34 36
34 37
35 2
35 5
35 32
35 38
36 6
36 7
36 34
36 37
36 39
37 4
37 6
37 7
37 34
37 36
38 5
38 8
38 35
38 39
38 40
39 9
39 36
39 38
39 41
40 10
40 12
40 38
40 42
41 11
41 13
41 39
41 43
42 10
42 12
42 40
42 43
43 13
43 41
43 42
43 45
44 14
44 15
44 45
44 46
45 14
45 15
45 43
45 44
45 47
46 16
46 44
46 47
46 48
47 17
47 45
47 46
47 49
48 16
48 18
48 19
48 46
48 49
49 18
49 19
49 47
49 48
50 20
50 21
50 51
50 52
51 20
51 21
51 50
51 53
52 22
52 23
52 50
52 53
52 54
53 22
53 23
53 51
53 52
53 55
54 24
54 25
54 52
54 55
55 24
55 25
55 53
55 54
56 26
56 58
56 60
56 97
57 27
57 59
57 61
57 98
58 28
58 56
58 60
58 62
58 97
58 99
59 27
59 29
59 57
59 61
59 63
59 98
59 100
60 26
60 28
60 56
60 58
60 62
60 97
61 27
61 29
61 57
61 59
61 98
62 28
62 58
62 60
62 99
63 29
63 59
63 66
63 98
63 100
63 103
64 65
64 67
64 101
64 102
64 104
65 64
65 101
65 102
65 105
66 63
66 69
66 100
66 103
66 106
67 64
67 68
67 70
67 104
67 105
68 67
68 101
68 104
68 105
69 66
69 72
69 106
69 109
70 67
70 71
70 107
70 108
71 70
71 74
71 107
71 108
71 111
72 69
72 75
72 106
72 109
72 112
73 74
73 107
73 110
73 111
73 113
74 71
74 73
74 110
74 111
75 72
75 78
75 109
75 112
76 77
76 79
76 113
76 114
77 76
77 78
77 80
77 113
77 114
78 75
78 77
78 81
78 112
78 115
78 118
79 76
79 80
79 82
79 116
79 117
79 119
80 77
80 79
80 114
80 116
80 117
81 78
81 84
81 115
81 118
82 79
82 83
82 119
82 120
83 82
83 84
83 117
83 119
83 120
84 81
84 83
84 87
84 121
84 124
85 86
85 88
85 122
85 123
85 125
86 85
86 88
86 89
86 122
86 123
87 84
87 90
87 121
87 124
87 127
88 85
88 86
88 89
88 122
88 123
88 125
88 126
89 86
89 88
89 91
89 125
89 126
89 128
90 87
90 92
90 127
90 129
91 89
91 93
91 128
91 130
92 90
92 94
92 127
92 129
92 131
93 91
93 95
93 128
93 130
93 131
93 132
94 92
94 96
94 129
94 130
94 131
94 133
95 93
95 96
95 130
95 132
95 133
96 94
96 95
96 131
96 132
96 133
97 26
97 28
97 56
97 58
97 60
97 99
98 29
98 57
98 59
98 61
98 63
98 100
99 28
99 58
99 62
99 97
100 29
100 59
100 63
100 66
100 98
100 103
101 64
101 65
101 68
101 102
101 104
101 105
102 64
102 65
102 101
102 105
103 63
103 66
103 100
103 106
104 64
104 67
104 68
104 101
104 105
105 65
105 67
105 68
105 101
105 102
105 104
105 106
106 66
106 69
106 72
106 103
106 105
106 109
107 70
107 71
107 73
107 108
108 70
108 71
108 107
108 111
109 69
109 72
109 75
109 106
109 112
110 73
110 74
110 111
110 113
111 71
111 73
111 74
111 108
111 110
112 72
112 75
112 78
112 109
113 73
113 76
113 77
113 110
113 114
113 116
114 76
114 77
114 80
114 113
114 115
114 117
115 78
115 81
115 114
115 118
116 79
116 80
116 113
116 117
116 119
117 79
117 80
117 83
117 114
117 116
117 118
117 120
118 78
118 81
118 115
118 117
119 79
119 82
119 83
119 116
119 120
120 82
120 83
120 117
120 119
120 121
121 84
121 87
121 120
121 124
122 85
122 86
122 88
122 123
123 85
123 86
123 88
123 122
123 126
124 84
124 87
124 121
124 127
125 85
125 88
125 89
125 126
126 88
126 89
126 123
126 125
127 87
127 90
127 92
127 124
127 129
128 89
128 91
128 93
128 130
129 90
129 92
129 94
129 127
129 131
130 91
130 93
130 94
130 95
130 128
130 131
130 132
131 92
131 93
131 94
131 96
131 129
131 130
131 133
132 93
132 95
132 96
132 130
132 133
133 94
133 95
133 96
133 131
133 132
