0 1
0 2
0 3
0 4
1 0
1 2
1 3
1 5
2 0
2 1
2 3
2 6
3 0
3 1
3 2
3 7
4 0
4 5
4 6
4 7
4 8
5 1
5 4
5 6
5 7
5 9
6 2
6 4
6 5
6 7
6 10
7 3
7 4
7 5
7 6
7 11
8 4
8 9
8 10
8 11
9 5
9 8
9 10
9 11
10 6
10 8
10 9
10 11
11 7
11 8
11 9
11 10
12 13
12 14
12 15
12 16
13 12
13 14
13 15
13 17
14 12
14 13
14 15
14 18
15 12
15 13
15 14
15 19
16 12
16 17
16 18
16 19
17 13
17 16
17 18
17 19
18 14
18 16
18 17
18 19
19 15
19 16
19 17
19 18
20 21
20 22
20 23
20 24
21 20
21 22
21 23
21 25
22 20
22 21
22 23
22 26
23 20
23 21
23 22
23 27
24 20
24 25
24 26
24 27
25 21
25 24
25 26
25 27
26 22
26 24
26 25
26 27
27 23
27 24
27 25
27 26
28 29
28 30
28 31
28 32
29 28
29 30
29 31
29 33
30 28
30 29
30 31
30 34
31 28
31 29
31 30
31 35
32 28
32 33
32 34
32 35
32 36
33 29
33 32
33 34
33 35
33 37
34 30
34 32
34 33
34 35
34 38
35 31
35 32
35 33
35 34
35 39
36 32
36 37
36 38
36 39
36 40
37 33
37 36
37 38
37 39
37 41
38 34
38 36
38 37
38 39
38 42
39 35
39 36
39 37
39 38
39 43
40 36
40 41
40 42
40 43
40 179
40 180
40 183
40 184
41 37
41 40
41 42
41 43
41 179
41 180
41 184
42 38
42 40
42 41
42 43
42 183
42 184
43 39
43 40
43 41
43 42
43 180
43 184
44 45
44 47
44 56
44 152
44 164
44 167
45 44
45 48
45 57
45 153
45 165
45 168
46 47
46 50
46 58
46 166
46 167
47 44
47 46
47 59
47 164
47 166
47 167
48 45
48 49
48 60
48 165
48 168
48 169
49 48
49 53
49 61
49 157
49 168
49 169
50 46
50 51
50 62
50 158
50 170
50 171
51 50
51 54
51 63
51 171
51 174
52 53
52 55
52 64
52 172
52 175
53 49
53 52
53 65
53 172
53 173
54 51
54 55
54 66
54 171
54 174
54 175
55 52
55 54
55 67
55 172
55 175
56 44
56 57
56 59
56 68
57 45
57 56
57 60
57 69
58 46
58 59
58 62
58 70
59 47
59 56
59 58
59 71
60 48
60 57
60 61
60 72
61 49
61 60
61 65
61 73
62 50
62 58
62 63
62 74
63 51
63 62
63 66
63 75
64 52
64 65
64 67
64 76
65 53
65 61
65 64
65 77
66 54
66 63
66 67
66 78
67 55
67 64
67 66
67 79
68 56
68 69
68 71
68 80
69 57
69 68
69 72
69 81
70 58
70 71
70 74
70 82
71 59
71 68
71 70
71 82
72 60
72 69
72 73
72 81
73 61
73 72
73 77
73 85
74 62
74 70
74 75
74 86
75 63
75 74
75 78
75 90
76 64
76 77
76 79
76 89
77 65
77 73
77 76
77 89
78 66
78 75
78 79
78 90
79 67
79 76
79 78
79 91
80 68
80 81
80 83
80 84
81 69
81 72
81 80
81 84
81 93
82 70
82 71
82 83
82 86
82 94
83 80
83 82
83 86
83 95
84 80
84 81
84 85
84 96
85 73
85 84
85 88
85 89
86 74
86 82
86 83
86 87
87 86
87 90
87 91
87 99
88 85
88 89
88 91
88 100
88 101
89 76
89 77
89 85
89 88
89 101
90 75
90 78
90 87
90 91
90 102
91 79
91 87
91 88
91 90
92 93
92 94
92 95
92 104
93 81
93 92
93 96
93 105
94 82
94 92
94 95
94 98
94 106
95 83
95 92
95 94
95 107
96 84
96 93
96 97
96 108
97 96
97 101
97 109
97 113
98 94
98 99
98 102
98 110
99 87
99 98
99 102
99 103
99 111
100 88
100 101
100 103
100 113
101 88
101 89
101 97
101 100
101 113
102 90
102 98
102 99
102 103
102 114
103 99
103 100
103 102
103 115
104 92
104 105
104 107
104 116
104 117
105 93
105 104
105 108
105 116
105 117
105 120
106 94
106 107
106 110
106 118
106 119
106 122
107 95
107 104
107 106
107 116
107 119
108 96
108 105
108 109
108 120
108 121
108 125
109 97
109 108
109 113
109 121
109 125
110 98
110 106
110 111
110 118
110 122
111 99
111 110
111 114
111 122
111 123
112 113
112 115
112 124
112 125
113 97
113 100
113 101
113 109
113 112
113 125
114 102
114 111
114 115
114 126
114 127
115 103
115 112
115 114
115 124
115 126
115 127
116 104
116 105
116 107
116 117
116 119
117 104
117 105
117 116
117 120
118 106
118 110
118 119
118 122
119 106
119 107
119 116
119 118
120 105
120 108
120 117
120 121
121 108
121 109
121 120
121 125
122 106
122 110
122 111
122 118
122 123
123 111
123 122
123 126
123 127
124 112
124 115
124 125
124 127
125 108
125 109
125 112
125 113
125 121
125 124
126 114
126 115
126 123
126 127
127 114
127 115
127 123
127 124
127 126
128 131
128 140
128 143
128 176
128 177
129 132
129 141
129 176
129 177
130 131
130 142
130 178
130 182
131 128
131 130
131 143
131 178
131 179
132 129
132 133
132 144
132 177
133 132
133 137
133 144
133 145
133 181
134 135
134 142
134 146
134 182
135 134
135 138
135 147
135 183
135 186
136 139
136 148
136 185
136 187
137 133
137 145
137 149
137 181
137 185
138 135
138 150
138 186
138 187
139 136
139 150
139 151
139 187
140 128
140 141
140 143
140 176
141 129
141 140
141 144
141 177
142 130
142 134
142 143
142 146
142 178
143 128
143 131
143 140
143 142
144 132
144 133
144 141
144 145
144 156
145 133
145 137
145 144
145 149
145 181
146 134
146 142
146 147
146 182
147 135
147 146
147 150
147 159
148 136
148 149
148 151
148 160
149 137
149 145
149 148
149 185
150 138
150 139
150 147
150 151
150 186
151 139
151 148
151 150
151 187
152 44
152 153
152 155
152 164
153 45
153 152
153 156
153 165
154 155
154 158
154 166
154 170
155 152
155 154
155 164
155 166
156 144
156 153
156 157
156 161
156 169
157 49
157 156
157 161
157 169
158 50
158 154
158 159
158 170
159 147
159 158
159 162
159 174
160 148
160 161
160 163
160 173
161 156
161 157
161 160
161 173
162 159
162 163
162 174
162 175
163 160
163 162
163 173
163 175
164 44
164 47
164 152
164 155
164 167
165 45
165 48
165 153
165 168
166 46
166 47
166 154
166 155
166 167
167 44
167 46
167 47
167 164
167 166
168 45
168 48
168 49
168 165
168 169
169 48
169 49
169 156
169 157
169 168
170 50
170 154
170 158
170 171
171 50
171 51
171 54
171 170
171 174
172 52
172 53
172 55
172 173
173 53
173 160
173 161
173 163
173 172
174 51
174 54
174 159
174 162
174 171
175 52
175 54
175 55
175 162
175 163
176 128
176 129
176 140
176 177
177 128
177 129
177 132
177 141
177 176
177 180
178 130
178 131
178 142
178 179
178 182
179 40
179 41
179 131
179 178
180 40
180 41
180 43
180 177
181 133
181 137
181 145
181 185
182 130
182 134
182 146
182 178
182 183
183 40
183 42
183 135
183 182
184 40
184 41
184 42
184 43
185 136
185 137
185 149
185 181
186 135
186 138
186 150
186 187
187 136
187 138
187 139
187 151
187 186
