0 1
0 3
0 4
0 5
1 0
1 4
1 5
1 6
2 3
2 8
2 9
2 10
3 0
3 2
3 4
3 10
4 0
4 1
4 3
4 5
4 11
5 0
5 1
5 4
5 6
5 12
6 1
6 5
6 7
6 13
7 6
7 13
7 14
7 15
8 2
8 9
8 16
8 17
9 2
9 8
9 10
9 17
10 2
10 3
10 9
10 11
10 18
11 4
11 10
11 12
11 19
12 5
12 11
12 13
12 20
13 6
13 7
13 12
13 14
13 21
14 7
14 13
14 15
14 22
15 7
15 14
15 22
15 23
16 8
16 17
16 24
16 25
17 8
17 9
17 16
17 18
17 26
18 10
18 17
18 19
18 27
18 68
19 11
19 18
19 20
19 28
20 12
20 19
20 21
20 29
20 70
21 13
21 20
21 22
21 30
21 71
22 14
22 15
22 21
22 23
22 31
23 15
23 22
23 32
23 33
24 16
24 25
24 34
24 35
25 16
25 24
25 26
25 34
25 35
26 17
26 25
26 27
26 36
27 18
27 26
27 28
27 37
28 19
28 27
28 29
28 38
29 20
29 28
29 30
29 39
30 21
30 29
30 31
30 40
31 22
31 30
31 32
31 41
32 23
32 31
32 33
32 42
32 43
33 23
33 32
33 42
33 43
34 24
34 25
34 35
34 44
35 24
35 25
35 34
35 36
35 44
36 26
36 35
36 37
36 45
37 27
37 36
37 38
37 46
38 28
38 37
38 39
38 47
39 29
39 38
39 40
39 48
40 30
40 39
40 41
40 49
41 31
41 40
41 42
41 50
42 32
42 33
42 41
42 43
42 51
43 32
43 33
43 42
43 51
44 34
44 35
44 45
44 52
45 36
45 44
45 46
45 52
45 53
46 37
46 45
46 47
46 54
46 80
47 38
47 46
47 48
47 55
47 81
48 39
48 47
48 49
48 56
49 40
49 48
49 50
49 57
49 83
50 41
50 49
50 51
50 58
50 59
51 42
51 43
51 50
51 59
52 44
52 45
52 53
52 60
53 45
53 52
53 54
53 60
54 46
54 53
54 55
54 60
54 61
55 47
55 54
55 56
55 62
56 48
56 55
56 57
56 63
57 49
57 56
57 58
57 64
57 65
58 50
58 57
58 59
58 65
59 50
59 51
59 58
59 65
60 52
60 53
60 54
60 61
61 54
61 60
61 62
61 66
62 55
62 61
62 63
62 66
62 67
63 56
63 62
63 64
63 66
63 67
64 57
64 63
64 65
64 67
65 57
65 58
65 59
65 64
66 61
66 62
66 63
66 67
67 62
67 63
67 64
67 66
68 18
68 69
68 72
68 73
69 68
69 70
69 73
69 84
70 20
70 69
70 71
70 74
71 21
71 70
71 74
71 75
72 68
72 73
72 76
72 84
73 68
73 69
73 72
73 84
74 70
74 71
74 75
74 85
75 71
75 74
75 79
75 85
76 72
76 77
76 80
76 86
77 76
77 80
77 81
77 86
78 79
78 82
78 83
78 87
79 75
79 78
79 83
79 87
80 46
80 76
80 77
80 81
81 47
81 77
81 80
81 82
82 78
82 81
82 83
82 87
83 49
83 78
83 79
83 82
84 69
84 72
84 73
84 85
84 86
84 88
85 74
85 75
85 84
85 87
85 89
86 76
86 77
86 84
86 87
86 90
87 78
87 79
87 82
87 85
87 86
87 91
88 84
88 89
88 90
88 92
89 85
89 88
89 91
89 93
90 86
90 88
90 91
90 94
91 87
91 89
91 90
91 95
92 88
92 93
92 94
92 96
93 89
93 92
93 95
93 97
94 90
94 92
94 95
94 98
95 91
95 93
95 94
95 99
96 92
96 97
96 98
96 100
97 93
97 96
97 99
97 101
98 94
98 96
98 99
98 102
99 95
99 97
99 98
99 103
100 96
100 101
100 102
100 104
101 97
101 100
101 103
101 105
102 98
102 100
102 103
102 106
103 99
103 101
103 102
103 107
104 100
104 105
104 106
104 108
105 101
105 104
105 107
105 109
106 102
106 104
106 107
106 110
107 103
107 105
107 106
107 111
108 104
108 109
108 110
108 112
109 105
109 108
109 111
109 113
110 106
110 108
110 111
110 114
111 107
111 109
111 110
111 115
112 108
112 113
112 114
112 116
113 109
113 112
113 115
113 117
114 110
114 112
114 115
114 118
115 111
115 113
115 114
115 119
116 112
116 117
116 118
116 120
116 127
117 113
117 116
117 119
117 121
117 128
118 114
118 116
118 119
118 122
118 131
119 115
119 117
119 118
119 123
119 132
120 116
120 121
120 122
120 124
120 127
121 117
121 120
121 123
121 128
121 129
122 118
122 120
122 123
122 130
122 131
123 119
123 121
123 122
123 132
123 135
124 120
124 125
124 126
124 127
124 137
125 124
125 128
125 129
125 138
126 124
126 127
126 130
126 140
127 116
127 120
127 124
127 126
128 117
128 121
128 125
128 129
129 121
129 125
129 128
129 133
129 143
130 122
130 126
130 131
130 134
130 144
131 118
131 122
131 130
131 134
132 119
132 123
132 133
132 135
133 129
133 132
133 135
133 147
134 130
134 131
134 135
134 149
135 123
135 132
135 133
135 134
135 150
136 137
136 140
136 141
136 157
136 164
137 124
137 136
137 138
137 141
138 125
138 137
138 139
138 159
139 138
139 142
139 143
139 160
139 165
140 126
140 136
140 144
140 163
141 136
141 137
141 142
141 145
141 164
142 139
142 141
142 143
142 146
142 165
143 129
143 139
143 142
143 147
144 130
144 140
144 145
144 148
145 141
145 144
145 146
145 148
145 170
146 142
146 145
146 150
146 151
146 171
147 133
147 143
147 151
147 172
148 144
148 145
148 149
148 170
148 175
149 134
149 148
149 150
149 176
150 135
150 146
150 149
150 151
151 146
151 147
151 150
151 171
151 178
152 153
152 157
152 158
152 184
152 185
152 189
152 190
153 152
153 154
153 158
153 185
154 153
154 155
154 159
154 186
155 154
155 159
155 160
155 186
155 187
155 191
155 192
156 157
156 162
156 163
156 188
156 189
156 194
156 195
157 136
157 152
157 156
157 189
158 152
158 153
158 159
158 164
158 190
159 138
159 154
159 155
159 158
159 165
160 139
160 155
160 161
160 192
161 160
161 166
161 167
161 192
161 193
161 196
161 197
162 156
162 163
162 168
162 194
163 140
163 156
163 162
163 164
163 169
164 136
164 141
164 158
164 163
165 139
165 142
165 159
165 166
166 161
166 165
166 167
166 172
167 161
167 166
167 173
167 196
167 197
168 162
168 169
168 174
168 198
169 163
169 168
169 170
169 174
169 199
170 145
170 148
170 169
170 176
171 146
171 151
171 172
171 177
172 147
172 166
172 171
172 173
172 179
173 167
173 172
173 179
173 201
174 168
174 169
174 175
174 198
174 199
174 202
174 203
175 148
175 174
175 180
175 203
176 149
176 170
176 177
176 180
176 181
177 171
177 176
177 182
177 183
178 151
178 179
178 183
178 206
179 172
179 173
179 178
179 200
179 201
179 206
179 207
180 175
180 176
180 181
180 203
180 204
180 208
180 209
181 176
181 180
181 182
181 209
182 177
182 181
182 183
182 205
182 210
183 177
183 178
183 182
183 205
183 206
183 210
183 211
184 152
184 185
184 189
184 213
184 220
185 152
185 153
185 184
185 190
185 220
186 154
186 155
186 187
186 191
186 221
187 155
187 186
187 191
187 192
187 216
187 221
188 156
188 189
188 194
188 195
188 218
188 225
189 152
189 156
189 157
189 184
189 188
190 152
190 158
190 185
190 220
191 155
191 186
191 187
191 221
192 155
192 160
192 161
192 187
192 193
193 161
193 192
193 197
193 223
193 226
194 156
194 162
194 188
194 195
194 225
195 156
195 188
195 194
195 225
196 161
196 167
196 197
196 226
197 161
197 167
197 193
197 196
197 226
198 168
198 174
198 199
198 202
198 229
199 169
199 174
199 198
199 229
200 179
200 201
200 207
200 230
201 173
201 179
201 200
201 207
201 230
202 174
202 198
202 203
202 229
202 232
203 174
203 175
203 180
203 202
203 208
204 180
204 208
204 209
204 234
205 182
205 183
205 210
205 235
206 178
206 179
206 183
206 207
206 211
207 179
207 200
207 201
207 206
207 230
207 237
208 180
208 203
208 204
208 209
208 234
208 239
209 180
209 181
209 204
209 208
209 234
210 182
210 183
210 205
210 211
210 235
211 183
211 206
211 210
211 235
211 242
212 213
212 218
212 219
212 246
212 247
212 252
212 253
213 184
213 212
213 214
213 219
213 220
214 213
214 215
214 220
214 248
215 214
215 216
215 221
215 249
216 187
216 215
216 217
216 221
216 222
217 216
217 222
217 223
217 250
217 251
217 254
217 255
218 188
218 212
218 219
218 224
218 225
219 212
219 213
219 218
219 253
220 184
220 185
220 190
220 213
220 214
221 186
221 187
221 191
221 215
221 216
222 216
222 217
222 223
222 254
223 193
223 217
223 222
223 226
223 227
224 218
224 225
224 228
224 257
225 188
225 194
225 195
225 218
225 224
226 193
226 196
226 197
226 223
226 227
227 223
227 226
227 231
227 258
228 224
228 229
228 232
228 261
229 198
229 199
229 202
229 228
229 232
230 200
230 201
230 207
230 231
230 237
231 227
231 230
231 237
231 262
232 202
232 228
232 229
232 233
232 238
233 232
233 238
233 239
233 265
234 204
234 208
234 209
234 239
234 240
235 205
235 210
235 211
235 241
235 242
236 237
236 242
236 243
236 266
237 207
237 230
237 231
237 236
237 243
238 232
238 233
238 239
238 264
238 265
238 268
238 269
239 208
239 233
239 234
239 238
239 240
240 234
240 239
240 241
240 270
241 235
241 240
241 242
241 271
242 211
242 235
242 236
242 241
242 243
243 236
243 237
243 242
243 266
243 267
243 272
243 273
244 245
244 248
244 249
244 277
244 282
245 244
245 248
245 249
245 278
245 283
246 212
246 247
246 252
246 253
246 288
247 212
247 246
247 248
247 253
248 214
248 244
248 245
248 247
249 215
249 244
249 245
249 250
250 217
250 249
250 251
250 254
251 217
251 250
251 254
251 255
251 289
252 212
252 246
252 253
252 257
253 212
253 219
253 246
253 247
253 252
254 217
254 222
254 250
254 251
254 255
255 217
255 251
255 254
255 258
256 257
256 260
256 261
256 292
256 293
256 296
257 224
257 252
257 256
257 260
258 227
258 255
258 259
258 263
259 258
259 262
259 263
259 294
259 295
260 256
260 257
260 261
260 296
260 297
261 228
261 256
261 260
261 264
262 231
262 259
262 263
262 267
263 258
263 259
263 262
263 298
263 299
264 238
264 261
264 265
264 268
265 233
265 238
265 264
265 268
265 269
266 236
266 243
266 267
266 272
266 273
267 243
267 262
267 266
267 273
268 238
268 264
268 265
268 269
268 302
269 238
269 265
269 268
269 270
270 240
270 269
270 274
270 275
271 241
271 272
271 274
271 275
272 243
272 266
272 271
272 273
273 243
273 266
273 267
273 272
273 303
274 270
274 271
274 275
274 308
274 313
274 314
275 270
275 271
275 274
275 309
275 314
276 277
276 281
276 282
276 316
276 317
276 321
276 322
277 244
277 276
277 278
277 282
277 317
278 245
278 277
278 279
278 283
278 318
279 278
279 283
279 284
279 318
279 319
279 323
279 324
280 281
280 287
280 288
280 328
281 276
281 280
281 282
281 288
282 244
282 276
282 277
282 281
283 245
283 278
283 279
283 284
284 279
284 283
284 285
284 289
285 284
285 289
285 290
285 329
286 287
286 292
286 293
286 326
286 327
286 332
286 333
287 280
287 286
287 288
287 293
288 246
288 280
288 281
288 287
289 251
289 284
289 285
289 290
290 285
290 289
290 291
290 294
291 290
291 294
291 295
291 330
291 331
291 334
291 335
292 256
292 286
292 293
292 332
293 256
293 286
293 287
293 292
294 259
294 290
294 291
294 295
295 259
295 291
295 294
295 299
295 335
296 256
296 260
296 297
296 300
296 336
297 260
297 296
297 300
297 301
298 263
298 299
298 304
298 305
299 263
299 295
299 298
299 305
299 339
300 296
300 297
300 301
300 336
300 337
300 340
300 341
301 297
301 300
301 302
301 306
302 268
302 301
302 306
302 307
303 273
303 304
303 310
303 311
304 298
304 303
304 305
304 311
305 298
305 299
305 304
305 338
305 339
305 344
305 345
306 301
306 302
306 307
306 342
307 302
307 306
307 308
307 312
308 274
308 307
308 312
308 313
309 275
309 310
309 314
309 315
310 303
310 309
310 311
310 315
311 303
311 304
311 310
311 343
312 307
312 308
312 313
312 347
312 348
312 352
312 353
313 274
313 308
313 312
313 353
314 274
314 275
314 309
314 315
314 354
315 309
315 310
315 314
315 349
315 350
315 354
315 355
316 276
316 317
316 321
316 322
316 356
317 276
317 277
317 316
317 322
318 278
318 279
318 319
318 323
319 279
319 318
319 323
319 324
319 359
320 321
320 327
320 328
320 360
321 276
321 316
321 320
321 328
321 361
322 276
322 316
322 317
322 362
323 279
323 318
323 319
323 363
324 279
324 319
324 325
324 329
324 364
325 324
325 329
325 330
325 365
326 286
326 327
326 332
326 333
326 366
327 286
327 320
327 326
327 328
327 367
328 280
328 320
328 321
328 327
329 285
329 324
329 325
329 330
330 291
330 325
330 329
330 331
330 368
331 291
331 330
331 334
331 335
331 369
332 286
332 292
332 326
332 333
333 286
333 326
333 332
333 371
334 291
334 331
334 335
334 372
335 291
335 295
335 331
335 334
336 296
336 300
336 337
336 340
337 300
337 336
337 340
337 375
338 305
338 339
338 345
338 376
339 299
339 305
339 338
339 345
340 300
340 336
340 337
340 341
340 378
341 300
341 340
341 342
341 346
341 379
342 306
342 341
342 346
342 347
343 311
343 344
343 350
343 351
344 305
344 343
344 345
344 351
344 380
345 305
345 338
345 339
345 344
345 381
346 341
346 342
346 347
346 382
347 312
347 342
347 346
347 352
347 383
348 312
348 352
348 353
348 384
349 315
349 354
349 355
349 385
350 315
350 343
350 351
350 355
350 386
351 343
351 344
351 350
351 387
352 312
352 347
352 348
352 353
352 388
353 312
353 313
353 348
353 352
354 314
354 315
354 349
354 355
355 315
355 349
355 350
355 354
355 391
356 316
356 357
356 361
356 362
357 356
357 358
357 362
357 398
358 357
358 359
358 363
358 394
358 399
359 319
359 358
359 363
359 364
360 320
360 361
360 367
360 396
361 321
361 356
361 360
361 397
362 322
362 356
362 357
362 398
363 323
363 358
363 359
363 399
364 324
364 359
364 365
364 400
365 325
365 364
365 368
365 401
366 326
366 367
366 370
366 371
367 327
367 360
367 366
367 403
368 330
368 365
368 369
368 404
369 331
369 368
369 372
369 373
370 366
370 371
370 374
370 406
370 407
371 333
371 366
371 370
371 407
372 334
372 369
372 373
372 408
373 369
373 372
373 377
373 408
374 370
374 375
374 378
374 411
375 337
375 374
375 378
375 411
376 338
376 377
376 381
376 412
377 373
377 376
377 381
377 412
377 413
378 340
378 374
378 375
378 379
379 341
379 378
379 382
379 415
380 344
380 381
380 387
380 416
381 345
381 376
381 377
381 380
382 346
382 379
382 383
382 418
383 347
383 382
383 388
383 419
384 348
384 388
384 389
384 420
385 349
385 390
385 391
385 421
386 350
386 387
386 391
386 422
387 351
387 380
387 386
387 423
388 352
388 383
388 384
388 389
389 384
389 388
389 390
389 420
389 425
390 385
390 389
390 391
390 421
391 355
391 385
391 386
391 390
392 393
392 397
392 398
392 437
393 392
393 394
393 398
393 430
393 437
394 358
394 393
394 395
394 399
394 431
395 394
395 399
395 400
395 432
396 360
396 397
396 403
396 435
397 361
397 392
397 396
397 398
397 437
398 357
398 362
398 392
398 393
398 397
398 437
399 358
399 363
399 394
399 395
399 400
400 364
400 395
400 399
400 401
400 438
401 365
401 400
401 404
401 439
402 403
402 406
402 407
402 441
403 367
403 396
403 402
403 407
403 442
404 368
404 401
404 405
404 408
404 446
405 404
405 408
405 409
405 446
406 370
406 402
406 407
406 410
406 445
407 370
407 371
407 402
407 403
407 406
408 372
408 373
408 404
408 405
408 409
408 446
409 405
409 408
409 413
409 446
409 447
410 406
410 411
410 448
410 449
411 374
411 375
411 410
411 414
411 415
411 449
412 376
412 377
412 413
412 416
412 417
413 377
413 409
413 412
413 417
413 450
414 411
414 415
414 449
414 451
415 379
415 411
415 414
415 418
415 449
416 380
416 412
416 417
416 423
416 453
417 412
417 413
417 416
417 454
418 382
418 415
418 419
418 456
419 383
419 418
419 420
419 424
419 457
420 384
420 389
420 419
420 424
420 425
421 385
421 390
421 422
421 426
421 427
421 458
422 386
422 421
422 423
422 427
422 458
423 387
423 416
423 422
423 460
424 419
424 420
424 425
424 463
425 389
425 420
425 424
425 426
425 464
426 421
426 425
426 458
426 465
427 421
427 422
427 458
427 466
428 429
428 435
428 436
428 468
428 476
429 428
429 430
429 436
429 437
429 469
430 393
430 429
430 431
430 437
430 470
431 394
431 430
431 432
431 471
432 395
432 431
432 433
432 438
432 472
433 432
433 438
433 439
433 473
433 477
434 435
434 441
434 442
434 474
434 481
435 396
435 428
435 434
435 436
435 442
436 428
436 429
436 435
436 437
437 392
437 393
437 397
437 398
437 429
437 430
437 436
438 400
438 432
438 433
438 439
439 401
439 433
439 438
439 440
439 443
440 439
440 443
440 444
440 479
440 482
441 402
441 434
441 442
441 445
441 480
442 403
442 434
442 435
442 441
443 439
443 440
443 444
443 446
444 440
444 443
444 446
444 447
444 483
445 406
445 441
445 448
445 484
446 404
446 405
446 408
446 409
446 443
446 444
446 447
447 409
447 444
447 446
447 450
447 485
448 410
448 445
448 449
448 451
448 486
449 410
449 411
449 414
449 415
449 448
449 451
449 452
450 413
450 447
450 454
450 487
451 414
451 448
451 449
451 452
451 455
451 488
452 449
452 451
452 455
452 456
453 416
453 454
453 460
453 461
454 417
454 450
454 453
454 461
454 491
455 451
455 452
455 456
455 489
455 492
456 418
456 452
456 455
456 457
456 462
457 419
457 456
457 462
457 463
458 421
458 422
458 426
458 427
458 459
458 465
458 466
459 458
459 460
459 466
459 467
460 423
460 453
460 459
460 461
460 467
461 453
461 454
461 460
461 490
461 497
462 456
462 457
462 463
462 494
462 498
463 424
463 457
463 462
463 464
463 499
464 425
464 463
464 465
464 500
465 426
465 458
465 464
465 466
465 501
466 427
466 458
466 459
466 465
466 467
466 502
467 459
467 460
467 466
467 495
467 503
468 428
468 469
468 475
468 476
468 504
469 429
469 468
469 470
469 476
469 505
470 430
470 469
470 471
470 506
471 431
471 470
471 472
471 507
472 432
472 471
472 473
472 477
472 508
473 433
473 472
473 477
473 478
474 434
474 475
474 480
474 481
475 468
475 474
475 476
475 481
476 428
476 468
476 469
476 475
477 433
477 472
477 473
477 478
477 513
478 473
478 477
478 479
478 482
479 440
479 478
479 482
479 483
480 441
480 474
480 481
480 484
480 516
481 434
481 474
481 475
481 480
481 517
482 440
482 478
482 479
482 483
483 444
483 479
483 482
483 485
483 519
484 445
484 480
484 486
484 520
485 447
485 483
485 487
485 521
486 448
486 484
486 488
486 522
487 450
487 485
487 491
487 523
488 451
488 486
488 489
488 492
488 524
489 455
489 488
489 492
489 493
490 461
490 491
490 496
490 497
490 526
491 454
491 487
491 490
491 497
491 527
492 455
492 488
492 489
492 493
493 489
493 492
493 494
493 498
494 462
494 493
494 498
494 499
494 530
495 467
495 496
495 502
495 503
496 490
496 495
496 497
496 503
497 461
497 490
497 491
497 496
498 462
498 493
498 494
498 499
499 463
499 494
499 498
499 500
499 535
500 464
500 499
500 501
500 536
501 465
501 500
501 502
501 537
502 466
502 495
502 501
502 503
502 538
503 467
503 495
503 496
503 502
503 539
504 468
504 505
504 511
504 512
505 469
505 504
505 506
505 512
505 541
506 470
506 505
506 507
506 542
507 471
507 506
507 508
507 543
508 472
508 507
508 509
508 513
508 544
509 508
509 513
509 514
509 545
510 511
510 516
510 517
510 546
511 504
511 510
511 512
511 517
512 504
512 505
512 511
512 548
513 477
513 508
513 509
513 514
514 509
514 513
514 515
514 518
515 514
515 518
515 519
515 551
515 554
516 480
516 510
516 517
516 520
516 552
517 481
517 510
517 511
517 516
518 514
518 515
518 519
518 554
519 483
519 515
519 518
519 521
519 555
520 484
520 516
520 522
520 556
521 485
521 519
521 523
521 557
522 486
522 520
522 524
522 558
523 487
523 521
523 527
523 559
524 488
524 522
524 525
524 528
524 560
525 524
525 528
525 529
525 561
526 490
526 527
526 532
526 533
527 491
527 523
527 526
527 533
527 563
528 524
528 525
528 529
528 561
528 564
529 525
529 528
529 530
529 534
530 494
530 529
530 534
530 535
531 532
531 538
531 539
531 567
532 526
532 531
532 533
532 539
533 526
533 527
533 532
533 569
534 529
534 530
534 535
534 570
535 499
535 530
535 534
535 536
535 571
536 500
536 535
536 537
536 572
537 501
537 536
537 538
537 573
538 502
538 531
538 537
538 539
538 574
539 503
539 531
539 532
539 538
540 541
540 547
540 548
540 576
541 505
541 540
541 542
541 548
542 506
542 541
542 543
542 578
543 507
543 542
543 544
543 579
544 508
544 543
544 545
544 549
545 509
545 544
545 549
545 550
546 510
546 547
546 552
546 553
547 540
547 546
547 548
547 553
548 512
548 540
548 541
548 547
549 544
549 545
549 550
549 585
550 545
550 549
550 551
550 554
551 515
551 550
551 554
551 555
552 516
552 546
552 553
552 556
553 546
553 547
553 552
553 589
554 515
554 518
554 550
554 551
554 555
555 519
555 551
555 554
555 557
556 520
556 552
556 558
556 592
557 521
557 555
557 559
557 593
558 522
558 556
558 560
558 594
559 523
559 557
559 563
559 595
560 524
560 558
560 561
560 564
561 525
561 528
561 560
561 564
561 565
562 563
562 568
562 569
562 598
563 527
563 559
563 562
563 569
564 528
564 560
564 561
564 565
565 561
565 564
565 566
565 570
566 565
566 570
566 571
566 602
567 531
567 568
567 574
567 575
568 562
568 567
568 569
568 575
569 533
569 562
569 563
569 568
570 534
570 565
570 566
570 571
571 535
571 566
571 570
571 572
572 536
572 571
572 573
572 608
573 537
573 572
573 574
573 609
574 538
574 567
574 573
574 575
575 567
575 568
575 574
575 611
576 540
576 577
576 583
576 584
576 612
577 576
577 578
577 584
577 613
578 542
578 577
578 579
578 614
579 543
579 578
579 580
579 615
580 579
580 581
580 585
580 616
581 580
581 585
581 586
581 617
582 583
582 588
582 589
582 618
583 576
583 582
583 584
583 589
584 576
584 577
584 583
584 620
585 549
585 580
585 581
585 586
585 621
586 581
586 585
586 587
586 590
587 586
587 590
587 591
587 623
588 582
588 589
588 592
588 624
589 553
589 582
589 583
589 588
589 625
590 586
590 587
590 591
590 626
591 587
591 590
591 593
591 627
592 556
592 588
592 594
592 628
593 557
593 591
593 595
593 629
594 558
594 592
594 596
594 630
595 559
595 593
595 599
595 631
596 594
596 597
596 600
596 632
597 596
597 600
597 601
597 633
598 562
598 599
598 604
598 605
598 634
599 595
599 598
599 605
599 635
600 596
600 597
600 601
600 636
601 597
601 600
601 602
601 606
602 566
602 601
602 606
602 607
602 638
603 604
603 610
603 611
603 639
604 598
604 603
604 605
604 611
605 598
605 599
605 604
605 641
606 601
606 602
606 607
606 642
607 602
607 606
607 608
607 643
608 572
608 607
608 609
608 644
609 573
609 608
609 610
609 645
610 603
610 609
610 611
610 646
611 575
611 603
611 604
611 610
611 647
612 576
612 613
612 619
612 620
612 648
613 577
613 612
613 614
613 620
613 649
613 650
614 578
614 613
614 615
614 650
615 579
615 614
615 616
615 651
616 580
616 615
616 617
616 621
616 651
616 652
617 581
617 616
617 621
617 622
617 653
618 582
618 619
618 624
618 625
618 654
619 612
619 618
619 620
619 625
620 584
620 612
620 613
620 619
620 656
621 585
621 616
621 617
621 622
621 657
622 617
622 621
622 623
622 626
623 587
623 622
623 626
623 627
623 659
624 588
624 618
624 625
624 628
624 660
624 664
625 589
625 618
625 619
625 624
625 661
626 590
626 622
626 623
626 627
626 662
627 591
627 623
627 626
627 629
627 663
627 665
628 592
628 624
628 630
628 664
629 593
629 627
629 631
629 665
630 594
630 628
630 632
630 666
631 595
631 629
631 635
631 667
632 596
632 630
632 633
632 636
632 666
632 668
633 597
633 632
633 636
633 637
633 669
634 598
634 635
634 640
634 641
634 670
635 599
635 631
635 634
635 641
635 667
635 671
636 600
636 632
636 633
636 637
636 672
637 633
637 636
637 638
637 642
638 602
638 637
638 642
638 643
638 674
639 603
639 640
639 646
639 647
639 675
640 634
640 639
640 641
640 647
641 605
641 634
641 635
641 640
641 677
642 606
642 637
642 638
642 643
642 678
643 607
643 638
643 642
643 644
643 679
643 680
644 608
644 643
644 645
644 680
645 609
645 644
645 646
645 681
646 610
646 639
646 645
646 647
646 681
646 682
647 611
647 639
647 640
647 646
647 683
648 612
648 649
648 655
648 656
649 613
649 648
649 650
649 656
650 613
650 614
650 649
650 651
651 615
651 616
651 650
651 652
652 616
652 651
652 653
652 657
653 617
653 652
653 657
653 658
654 618
654 655
654 660
654 661
655 648
655 654
655 656
655 661
656 620
656 648
656 649
656 655
657 621
657 652
657 653
657 658
658 653
658 657
658 659
658 662
659 623
659 658
659 662
659 663
660 624
660 654
660 661
660 664
661 625
661 654
661 655
661 660
662 626
662 658
662 659
662 663
663 627
663 659
663 662
663 665
664 624
664 628
664 660
664 666
665 627
665 629
665 663
665 667
666 630
666 632
666 664
666 668
667 631
667 635
667 665
667 671
668 632
668 666
668 669
668 672
669 633
669 668
669 672
669 673
670 634
670 671
670 676
670 677
671 635
671 667
671 670
671 677
672 636
672 668
672 669
672 673
673 669
673 672
673 674
673 678
674 638
674 673
674 678
674 679
675 639
675 676
675 682
675 683
676 670
676 675
676 677
676 683
677 641
677 670
677 671
677 676
678 642
678 673
678 674
678 679
679 643
679 674
679 678
679 680
680 643
680 644
680 679
680 681
681 645
681 646
681 680
681 682
682 646
682 675
682 681
682 683
683 647
683 675
683 676
683 682
