0 2
0 36
0 37
0 58
0 59
1 3
1 56
1 78
1 79
2 0
2 4
2 58
2 59
3 1
3 5
3 77
3 78
3 79
4 2
4 6
4 80
4 81
5 3
5 7
5 99
5 100
5 101
6 4
6 80
6 81
6 102
6 103
7 5
7 100
7 122
7 123
8 9
8 14
8 157
8 179
9 8
9 10
9 15
9 158
10 9
10 15
10 158
10 181
11 12
11 33
11 176
11 177
12 11
12 13
12 34
12 177
13 12
13 34
13 35
13 177
13 178
13 200
14 8
14 15
14 36
14 179
15 9
15 10
15 14
15 37
15 180
16 17
16 38
16 181
16 231
17 16
17 18
17 39
17 182
18 17
18 19
18 40
18 183
19 18
19 20
19 41
19 184
20 19
20 21
20 42
20 185
21 20
21 22
21 43
21 186
22 21
22 23
22 44
22 187
23 22
23 24
23 45
23 188
24 23
24 25
24 46
24 189
25 24
25 26
25 47
25 190
26 25
26 27
26 48
26 191
27 26
27 28
27 48
27 49
27 192
28 27
28 29
28 49
28 50
28 193
29 28
29 30
29 50
29 51
29 52
29 194
30 29
30 31
30 51
30 52
30 195
31 30
31 32
31 53
31 54
31 196
32 31
32 53
32 54
32 197
32 198
33 11
33 34
33 55
33 198
34 12
34 13
34 33
34 35
34 199
35 13
35 34
35 57
35 199
35 200
36 0
36 14
36 37
36 58
37 0
37 15
37 36
37 59
38 16
38 39
38 60
38 231
39 17
39 38
39 40
39 61
40 18
40 39
40 41
40 62
41 19
41 40
41 42
41 63
42 20
42 41
42 43
42 64
43 21
43 42
43 44
43 65
44 22
44 43
44 45
44 66
45 23
45 44
45 46
45 67
46 24
46 45
46 47
46 68
47 25
47 46
47 48
47 69
48 26
48 27
48 47
48 49
48 70
49 27
49 28
49 48
49 50
49 71
50 28
50 29
50 49
50 51
50 72
51 29
51 30
51 50
51 52
51 73
52 29
52 30
52 51
52 53
52 74
53 31
53 32
53 52
53 54
53 75
54 31
54 32
54 53
54 55
54 76
55 33
55 54
55 56
55 77
55 232
56 1
56 55
56 57
56 78
57 35
57 56
57 79
57 234
58 0
58 2
58 36
58 59
59 0
59 2
59 37
59 58
60 38
60 61
60 82
60 267
61 39
61 60
61 62
61 83
62 40
62 61
62 63
62 84
63 41
63 62
63 64
63 85
64 42
64 63
64 65
64 86
65 43
65 64
65 66
65 87
66 44
66 65
66 67
66 88
67 45
67 66
67 68
67 89
68 46
68 67
68 69
68 90
69 47
69 68
69 70
69 91
70 48
70 69
70 71
70 92
71 49
71 70
71 72
71 93
72 50
72 71
72 73
72 94
73 51
73 72
73 74
73 95
74 52
74 73
74 75
74 96
75 53
75 74
75 76
75 97
76 54
76 75
76 77
76 98
77 3
77 55
77 76
77 78
77 99
77 268
78 1
78 3
78 56
78 77
78 79
79 1
79 3
79 57
79 78
79 270
80 4
80 6
80 81
80 102
81 4
81 6
81 80
81 103
82 60
82 83
82 104
82 302
83 61
83 82
83 84
83 105
84 62
84 83
84 85
84 106
85 63
85 84
85 86
85 107
86 64
86 85
86 87
86 108
87 65
87 86
87 88
87 109
88 66
88 87
88 89
88 110
89 67
89 88
89 90
89 111
90 68
90 89
90 91
90 112
91 69
91 90
91 92
91 113
92 70
92 91
92 93
92 114
93 71
93 92
93 94
93 115
94 72
94 93
94 95
94 116
95 73
95 94
95 96
95 117
96 74
96 95
96 97
96 118
97 75
97 96
97 98
97 119
98 76
98 97
98 99
98 120
99 5
99 77
99 98
99 100
99 121
99 303
100 5
100 7
100 99
100 101
101 5
101 100
101 123
101 305
102 6
102 80
102 103
102 124
103 6
103 81
103 102
103 125
104 82
104 105
104 126
104 336
105 83
105 104
105 106
105 127
106 84
106 105
106 107
106 128
107 85
107 106
107 108
107 129
108 86
108 107
108 109
108 130
109 87
109 108
109 110
109 131
110 88
110 109
110 111
110 132
111 89
111 110
111 112
111 133
112 90
112 111
112 113
112 134
113 91
113 112
113 114
113 135
114 92
114 113
114 115
114 136
115 93
115 114
115 116
115 137
116 94
116 115
116 117
116 138
117 95
117 116
117 118
117 139
118 96
118 117
118 119
118 140
119 97
119 118
119 120
119 141
120 98
120 119
120 121
120 142
121 99
121 120
121 122
121 143
121 337
122 7
122 121
122 123
122 144
123 7
123 101
123 122
123 145
123 339
124 102
124 125
124 146
124 366
125 103
125 124
125 147
125 148
125 367
126 104
126 127
126 336
126 368
127 105
127 126
127 128
127 369
128 106
128 127
128 129
128 370
129 107
129 128
129 130
129 371
130 108
130 129
130 131
130 372
131 109
131 130
131 132
131 373
132 110
132 131
132 133
132 374
133 111
133 132
133 134
133 375
134 112
134 133
134 135
134 376
135 113
135 134
135 136
135 377
135 727
136 114
136 135
136 137
136 378
136 727
137 115
137 136
137 138
137 379
138 116
138 137
138 139
138 380
139 117
139 138
139 140
139 381
140 118
140 139
140 141
140 382
141 119
141 140
141 142
141 383
142 120
142 141
142 384
142 385
143 121
143 144
143 149
143 385
144 122
144 143
144 145
144 150
144 386
145 123
145 144
145 151
145 386
145 387
146 124
146 147
146 366
146 411
147 125
147 146
147 148
147 412
148 125
148 147
148 368
148 412
148 434
149 143
149 150
149 430
149 431
150 144
150 149
150 151
150 431
151 145
151 150
151 431
151 432
152 153
152 157
152 438
152 443
153 152
153 154
153 158
153 438
153 444
154 153
154 158
154 439
154 444
155 156
155 176
155 441
155 442
156 155
156 177
156 178
156 441
156 442
157 8
157 152
157 158
157 438
157 443
158 9
158 10
158 153
158 154
158 157
159 160
159 181
159 439
159 445
160 159
160 182
160 439
160 445
160 446
160 468
161 162
161 183
161 447
161 469
162 161
162 163
162 184
162 448
162 470
163 162
163 164
163 185
163 449
163 471
164 163
164 186
164 450
164 472
165 166
165 187
165 451
165 473
166 165
166 188
166 452
166 474
167 168
167 189
167 453
167 475
168 167
168 169
168 190
168 454
168 476
169 168
169 170
169 191
169 455
169 477
170 169
170 192
170 456
170 478
171 172
171 193
171 457
171 479
172 171
172 173
172 194
172 458
172 480
173 172
173 174
173 195
173 440
173 459
174 173
174 196
174 440
174 460
174 482
175 197
175 460
175 461
175 483
176 11
176 155
176 177
176 441
176 462
177 11
177 12
177 13
177 156
177 176
177 178
178 13
178 156
178 177
178 464
179 8
179 14
179 180
179 229
179 465
180 15
180 179
180 230
180 466
181 10
181 16
181 159
181 182
182 17
182 160
182 181
182 446
183 18
183 161
183 184
183 447
184 19
184 162
184 183
184 448
185 20
185 163
185 186
185 449
186 21
186 164
186 185
186 187
186 450
187 22
187 165
187 186
187 451
188 23
188 166
188 189
188 452
189 24
189 167
189 188
189 453
190 25
190 168
190 191
190 454
191 26
191 169
191 190
191 455
192 27
192 170
192 193
192 456
193 28
193 171
193 192
193 194
193 457
194 29
194 172
194 193
194 458
195 30
195 173
195 440
195 459
196 31
196 174
196 197
196 440
196 460
197 32
197 175
197 196
197 198
197 461
198 32
198 33
198 197
198 199
198 484
199 34
199 35
199 198
199 200
199 233
200 13
200 35
200 199
200 201
200 234
201 200
201 202
201 235
201 487
202 201
202 203
202 236
202 488
203 202
203 204
203 237
203 489
204 203
204 205
204 238
204 490
205 204
205 206
205 239
205 491
206 205
206 207
206 240
206 492
207 206
207 208
207 241
207 493
208 207
208 209
208 242
208 494
209 208
209 210
209 243
209 495
210 209
210 211
210 244
210 496
211 210
211 212
211 245
211 497
212 211
212 213
212 246
212 498
213 212
213 214
213 247
213 499
214 213
214 215
214 248
214 500
215 214
215 216
215 249
215 501
216 215
216 217
216 250
216 502
217 216
217 218
217 251
217 503
218 217
218 219
218 252
218 504
219 218
219 220
219 253
219 505
220 219
220 221
220 254
220 506
221 220
221 222
221 255
221 507
222 221
222 223
222 256
222 508
222 509
222 542
223 222
223 257
223 508
223 509
223 543
224 225
224 258
224 510
224 544
225 224
225 226
225 259
225 511
225 545
226 225
226 227
226 260
226 511
226 512
226 546
227 226
227 228
227 261
227 512
227 513
227 547
228 227
228 261
228 262
228 513
228 514
228 547
228 548
229 179
229 230
229 265
229 515
230 180
230 229
230 231
230 266
230 516
231 16
231 38
231 230
231 267
231 517
232 55
232 233
232 268
232 518
233 199
233 232
233 234
233 269
234 57
234 200
234 233
234 235
234 270
235 201
235 234
235 236
235 271
236 202
236 235
236 237
236 272
237 203
237 236
237 238
237 273
238 204
238 237
238 239
238 274
239 205
239 238
239 240
239 275
240 206
240 239
240 241
240 276
241 207
241 240
241 242
241 277
242 208
242 241
242 243
242 278
243 209
243 242
243 244
243 279
244 210
244 243
244 245
244 280
245 211
245 244
245 246
245 281
246 212
246 245
246 247
246 282
247 213
247 246
247 248
247 283
248 214
248 247
248 249
248 284
249 215
249 248
249 250
249 285
249 535
250 216
250 249
250 251
250 286
250 536
251 217
251 250
251 252
251 287
251 537
252 218
252 251
252 288
252 538
253 219
253 254
253 289
253 539
254 220
254 253
254 255
254 290
254 540
255 221
255 254
255 256
255 291
255 541
256 222
256 255
256 257
256 508
256 542
257 223
257 256
257 293
257 509
257 543
258 224
258 294
258 510
258 544
259 225
259 295
259 511
259 545
260 226
260 261
260 296
260 512
260 546
261 227
261 228
261 260
261 262
261 513
261 547
262 228
262 261
262 514
262 548
263 264
263 299
263 549
263 550
263 585
264 263
264 549
264 550
264 586
265 229
265 266
265 300
265 551
266 230
266 265
266 267
266 552
267 60
267 231
267 266
267 302
267 553
268 77
268 232
268 269
268 554
269 233
269 268
269 270
269 555
270 79
270 234
270 269
270 271
270 305
271 235
271 270
271 272
271 306
272 236
272 271
272 273
272 307
273 237
273 272
273 274
273 308
274 238
274 273
274 275
274 309
275 239
275 274
275 276
275 310
276 240
276 275
276 277
276 311
277 241
277 276
277 278
277 312
278 242
278 277
278 279
278 313
279 243
279 278
279 280
279 314
280 244
280 279
280 281
280 315
281 245
281 280
281 282
281 316
282 246
282 281
282 283
282 317
283 247
283 282
283 284
283 318
284 248
284 283
284 319
284 570
285 249
285 286
285 320
285 571
286 250
286 285
286 287
286 572
287 251
287 286
287 288
287 573
288 252
288 287
288 323
288 574
289 253
289 290
289 324
289 575
290 254
290 289
290 291
290 576
291 255
291 290
291 292
291 577
292 291
292 293
292 578
292 579
293 257
293 292
293 578
293 579
294 258
294 295
294 329
294 580
295 259
295 294
295 296
295 330
295 581
296 260
296 295
296 297
296 582
296 583
297 296
297 332
297 582
297 583
298 333
298 583
298 584
298 620
299 263
299 549
299 584
299 585
299 586
300 265
300 301
300 334
300 587
301 300
301 302
301 335
301 588
302 82
302 267
302 301
302 336
303 99
303 304
303 337
303 590
304 303
304 305
304 338
304 591
305 101
305 270
305 304
305 306
305 339
306 271
306 305
306 307
306 340
307 272
307 306
307 308
307 341
308 273
308 307
308 309
308 342
309 274
309 308
309 310
309 343
310 275
310 309
310 311
310 344
311 276
311 310
311 312
311 345
311 598
312 277
312 311
312 313
312 346
312 599
313 278
313 312
313 314
313 347
313 600
314 279
314 313
314 315
314 348
314 601
315 280
315 314
315 349
315 602
316 281
316 317
316 350
316 603
317 282
317 316
317 318
317 351
317 604
318 283
318 317
318 319
318 352
318 605
319 284
319 318
319 353
319 606
320 285
320 321
320 354
320 607
321 320
321 322
321 355
321 608
322 321
322 323
322 356
322 609
323 288
323 322
323 324
323 357
323 610
324 289
324 323
324 325
324 358
324 611
325 324
325 326
325 359
325 612
326 325
326 327
326 360
326 613
327 326
327 328
327 614
327 615
328 327
328 362
328 614
328 615
329 294
329 330
329 363
329 580
329 616
330 295
330 329
330 364
330 365
330 617
330 651
331 365
331 582
331 618
331 652
331 653
332 297
332 333
332 583
332 618
332 619
332 653
333 298
333 332
333 584
333 619
333 620
334 300
334 335
334 366
334 621
335 301
335 334
335 336
335 367
335 622
336 104
336 126
336 302
336 335
337 121
337 303
337 338
337 624
338 304
338 337
338 339
338 386
338 625
339 123
339 305
339 338
339 387
339 626
340 306
340 341
340 388
340 627
341 307
341 340
341 342
341 389
341 628
342 308
342 341
342 343
342 390
342 629
343 309
343 342
343 391
343 630
344 310
344 345
344 392
344 631
345 311
345 344
345 393
345 632
346 312
346 347
346 394
346 633
347 313
347 346
347 348
347 395
347 634
348 314
348 347
348 349
348 396
348 635
349 315
349 348
349 397
349 636
350 316
350 351
350 398
350 637
351 317
351 350
351 352
351 399
351 638
352 318
352 351
352 353
352 400
352 639
353 319
353 352
353 401
353 640
354 320
354 355
354 402
354 641
355 321
355 354
355 356
355 403
355 642
356 322
356 355
356 357
356 404
356 643
356 692
357 323
357 356
357 405
357 644
357 693
358 324
358 359
358 406
358 645
358 694
359 325
359 358
359 360
359 407
359 646
359 695
360 326
360 359
360 408
360 647
360 696
361 362
361 409
361 648
361 697
362 328
362 361
362 410
362 648
362 649
362 698
363 329
363 616
363 650
363 699
364 330
364 365
364 617
364 650
364 651
365 330
365 331
365 364
365 617
365 618
365 651
365 652
366 124
366 146
366 334
366 367
366 654
367 125
367 335
367 366
367 655
368 126
368 148
368 369
368 413
369 127
369 368
369 370
369 414
369 703
370 128
370 369
370 415
370 704
371 129
371 372
371 416
371 705
372 130
372 371
372 417
372 706
373 131
373 374
373 418
373 707
374 132
374 373
374 419
374 708
375 133
375 376
375 420
375 709
376 134
376 375
376 421
376 710
377 135
377 378
377 422
377 711
377 727
378 136
378 377
378 423
378 712
378 727
379 137
379 380
379 424
379 713
380 138
380 379
380 425
380 714
381 139
381 382
381 426
381 715
382 140
382 381
382 383
382 427
382 716
383 141
383 382
383 384
383 428
383 717
384 142
384 383
384 385
384 429
384 718
385 142
385 143
385 384
385 386
385 673
386 144
386 145
386 338
386 385
386 387
386 674
387 145
387 339
387 386
387 675
388 340
388 389
388 676
388 677
389 341
389 388
389 390
389 676
389 677
390 342
390 389
390 391
390 678
390 679
391 343
391 390
391 678
391 679
392 344
392 393
392 680
392 681
393 345
393 392
393 680
393 681
394 346
394 395
394 682
394 722
394 723
395 347
395 394
395 396
395 683
395 684
395 722
395 723
396 348
396 395
396 397
396 684
396 685
397 349
397 396
397 684
397 685
398 350
398 399
398 637
398 686
398 687
398 724
399 351
399 398
399 638
399 686
399 687
399 688
399 724
400 352
400 401
400 639
400 688
400 689
401 353
401 400
401 640
401 688
401 689
402 354
402 641
402 690
402 691
403 355
403 404
403 642
403 690
403 691
403 692
404 356
404 403
404 405
404 643
404 692
405 357
405 404
405 644
405 693
406 358
406 645
406 694
406 695
407 359
407 646
407 695
407 696
408 360
408 409
408 647
408 696
409 361
409 408
409 410
409 648
409 697
410 362
410 409
410 649
410 697
410 698
410 699
411 146
411 412
411 433
411 700
411 725
412 147
412 148
412 411
412 433
412 434
412 435
413 368
413 414
413 702
413 726
414 369
414 413
414 702
414 703
414 726
415 370
415 416
415 658
415 704
416 371
416 415
416 659
416 705
417 372
417 418
417 660
417 706
417 871
418 373
418 417
418 661
418 707
419 374
419 420
419 662
419 708
420 375
420 419
420 663
420 709
421 376
421 422
421 664
421 710
422 377
422 421
422 423
422 665
422 711
423 378
423 422
423 424
423 666
423 712
424 379
424 423
424 667
424 713
425 380
425 426
425 668
425 714
426 381
426 425
426 427
426 669
426 715
427 382
427 426
427 670
427 716
427 717
428 383
428 429
428 671
428 717
429 384
429 428
429 672
429 718
430 149
430 431
430 436
430 728
431 149
431 150
431 151
431 430
431 432
431 437
432 151
432 431
432 437
432 721
433 411
433 412
433 435
433 700
433 725
434 148
434 412
434 435
434 701
435 412
435 433
435 434
435 701
435 725
436 430
436 437
436 719
436 728
436 729
437 431
437 432
437 436
437 728
437 729
438 152
438 153
438 157
438 443
439 154
439 159
439 160
439 445
439 446
440 173
440 174
440 195
440 196
440 459
440 460
440 481
440 482
441 155
441 156
441 176
441 442
441 462
442 155
442 156
442 441
442 463
443 152
443 157
443 438
443 444
443 730
444 153
444 154
444 443
444 730
444 731
445 159
445 160
445 439
445 446
445 467
446 160
446 182
446 439
446 445
446 468
447 161
447 183
447 448
447 469
448 162
448 184
448 447
448 470
449 163
449 185
449 450
449 471
450 164
450 186
450 449
450 472
451 165
451 187
451 452
451 473
452 166
452 188
452 451
452 474
453 167
453 189
453 454
453 475
454 168
454 190
454 453
454 455
454 476
455 169
455 191
455 454
455 456
455 477
456 170
456 192
456 455
456 478
457 171
457 193
457 458
457 479
458 172
458 194
458 457
458 480
459 173
459 195
459 440
459 481
460 174
460 175
460 196
460 440
460 461
460 482
461 175
461 197
461 460
461 483
462 176
462 441
462 463
462 484
462 733
463 442
463 462
463 464
463 733
463 734
463 735
464 178
464 463
464 486
464 735
465 179
465 466
465 515
465 730
465 736
466 180
466 465
466 516
466 731
466 737
467 445
467 468
467 731
467 738
468 160
468 446
468 467
468 469
468 739
469 161
469 447
469 468
469 740
470 162
470 448
470 471
470 741
471 163
471 449
471 470
471 742
472 164
472 450
472 473
472 732
472 743
473 165
473 451
473 472
473 744
474 166
474 452
474 475
474 745
475 167
475 453
475 474
475 746
476 168
476 454
476 477
476 747
477 169
477 455
477 476
477 748
478 170
478 456
478 479
478 749
479 171
479 457
479 478
479 750
480 172
480 458
480 481
480 751
481 440
481 459
481 480
481 482
481 752
482 174
482 440
482 460
482 481
482 483
482 753
483 175
483 461
483 482
483 754
484 198
484 462
484 485
484 754
484 755
485 484
485 519
485 755
485 756
485 757
486 464
486 487
486 520
486 735
486 757
487 201
487 486
487 488
487 521
488 202
488 487
488 489
488 522
489 203
489 488
489 490
489 523
490 204
490 489
490 491
490 524
491 205
491 490
491 492
491 525
492 206
492 491
492 493
492 526
493 207
493 492
493 494
493 527
494 208
494 493
494 495
494 528
495 209
495 494
495 496
495 529
496 210
496 495
496 497
496 530
497 211
497 496
497 498
497 531
498 212
498 497
498 499
498 532
499 213
499 498
499 500
499 533
500 214
500 499
500 501
500 534
501 215
501 500
501 502
501 535
502 216
502 501
502 503
502 536
503 217
503 502
503 504
503 537
504 218
504 503
504 505
504 538
505 219
505 504
505 506
505 539
506 220
506 505
506 507
506 540
507 221
507 506
507 508
507 541
508 222
508 223
508 256
508 507
508 509
508 542
509 222
509 223
509 257
509 508
509 543
510 224
510 258
510 511
510 544
511 225
511 226
511 259
511 510
511 545
512 226
512 227
512 260
512 546
513 227
513 228
513 261
513 514
513 547
514 228
514 262
514 513
514 548
515 229
515 465
515 516
515 551
515 758
516 230
516 466
516 515
516 552
517 231
517 553
517 738
517 760
518 232
518 519
518 554
518 777
519 485
519 518
519 520
519 555
520 486
520 519
520 556
520 779
520 780
521 487
521 522
521 557
521 780
522 488
522 521
522 523
522 558
523 489
523 522
523 524
523 559
524 490
524 523
524 525
524 560
525 491
525 524
525 526
525 561
526 492
526 525
526 527
526 562
527 493
527 526
527 528
527 563
528 494
528 527
528 529
528 564
529 495
529 528
529 530
529 565
530 496
530 529
530 531
530 566
531 497
531 530
531 532
531 567
532 498
532 531
532 533
532 568
533 499
533 532
533 534
533 569
534 500
534 533
534 535
534 570
535 249
535 501
535 534
535 536
535 571
536 250
536 502
536 535
536 537
536 572
537 251
537 503
537 536
537 538
537 573
538 252
538 504
538 537
538 574
539 253
539 505
539 540
539 575
540 254
540 506
540 539
540 541
540 576
541 255
541 507
541 540
541 542
541 577
542 222
542 256
542 508
542 541
542 543
543 223
543 257
543 509
543 542
543 579
544 224
544 258
544 510
544 580
545 225
545 259
545 511
545 581
546 226
546 260
546 512
546 547
547 227
547 228
547 261
547 513
547 546
547 548
548 228
548 262
548 514
548 547
549 263
549 264
549 299
549 550
549 585
549 586
550 263
550 264
550 549
550 586
551 265
551 515
551 552
551 587
552 266
552 516
552 551
552 782
553 267
553 517
553 760
553 783
554 268
554 518
554 555
554 590
554 800
555 269
555 519
555 554
555 556
556 520
556 555
556 592
556 779
556 802
557 521
557 558
557 593
557 780
558 522
558 557
558 559
558 594
559 523
559 558
559 560
559 595
560 524
560 559
560 561
560 596
561 525
561 560
561 562
561 597
562 526
562 561
562 563
562 598
563 527
563 562
563 564
563 599
564 528
564 563
564 565
564 600
565 529
565 564
565 566
565 601
566 530
566 565
566 567
566 602
567 531
567 566
567 568
567 603
568 532
568 567
568 569
568 604
569 533
569 568
569 570
569 605
570 284
570 534
570 569
570 606
571 285
571 535
571 572
571 607
572 286
572 536
572 571
572 573
573 287
573 537
573 572
573 574
574 288
574 538
574 573
574 610
575 289
575 539
575 576
575 611
576 290
576 540
576 575
576 577
577 291
577 541
577 576
577 578
578 292
578 293
578 577
578 579
579 292
579 293
579 543
579 578
580 294
580 329
580 544
580 616
581 295
581 545
581 582
581 617
582 296
582 297
582 331
582 581
582 583
583 296
583 297
583 298
583 332
583 582
584 298
584 299
584 333
584 620
585 263
585 299
585 549
585 586
586 264
586 299
586 549
586 550
586 585
587 300
587 551
587 588
587 621
588 301
588 587
588 622
588 804
589 623
589 805
589 806
589 807
590 303
590 554
590 591
590 624
591 304
591 590
591 592
591 625
592 556
592 591
592 593
592 626
592 824
593 557
593 592
593 594
593 627
594 558
594 593
594 595
594 628
595 559
595 594
595 596
595 629
596 560
596 595
596 597
596 630
597 561
597 596
597 598
597 631
598 311
598 562
598 597
598 632
599 312
599 563
599 600
599 633
600 313
600 564
600 599
600 601
600 634
601 314
601 565
601 600
601 602
601 635
602 315
602 566
602 601
602 636
603 316
603 567
603 604
603 637
604 317
604 568
604 603
604 605
604 638
605 318
605 569
605 604
605 606
605 639
606 319
606 570
606 605
606 640
607 320
607 571
607 608
607 641
608 321
608 607
608 609
608 642
609 322
609 608
609 610
609 643
610 323
610 574
610 609
610 611
610 644
611 324
611 575
611 610
611 612
612 325
612 611
612 613
612 646
613 326
613 612
613 614
613 647
614 327
614 328
614 613
614 615
615 327
615 328
615 614
615 649
616 329
616 363
616 580
616 650
617 330
617 364
617 365
617 581
617 651
618 331
618 332
618 365
618 652
618 653
619 332
619 333
619 620
619 653
620 298
620 333
620 584
620 619
621 334
621 587
621 622
621 654
622 335
622 588
622 621
622 655
623 589
623 827
623 828
623 849
623 850
624 337
624 590
624 625
624 844
625 338
625 591
625 624
625 626
625 674
626 339
626 592
626 625
626 675
626 846
627 340
627 593
627 628
627 676
628 341
628 594
628 627
628 629
628 677
629 342
629 595
629 628
629 630
629 678
630 343
630 596
630 629
630 679
631 344
631 597
631 632
631 680
632 345
632 598
632 631
632 681
633 346
633 599
633 634
633 682
634 347
634 600
634 633
634 635
635 348
635 601
635 634
635 636
636 349
636 602
636 635
636 685
637 350
637 398
637 603
637 638
638 351
638 399
638 604
638 637
638 639
639 352
639 400
639 605
639 638
639 640
640 353
640 401
640 606
640 639
640 689
641 354
641 402
641 607
641 642
641 690
642 355
642 403
642 608
642 641
642 691
643 356
643 404
643 609
643 644
643 692
644 357
644 405
644 610
644 643
644 693
645 358
645 406
645 646
645 694
646 359
646 407
646 612
646 645
646 647
646 695
647 360
647 408
647 613
647 646
647 696
648 361
648 362
648 409
648 649
648 697
649 362
649 410
649 615
649 648
649 698
650 363
650 364
650 616
650 651
650 699
651 330
651 364
651 365
651 617
651 650
652 331
652 365
652 618
652 653
653 331
653 332
653 618
653 619
653 652
654 366
654 621
654 655
654 847
654 869
655 367
655 622
655 654
655 848
656 657
656 702
656 849
656 870
657 656
657 702
657 703
657 850
658 415
658 659
658 704
658 851
659 416
659 658
659 705
659 852
659 871
660 417
660 706
660 853
660 871
661 418
661 662
661 707
661 854
662 419
662 661
662 708
662 855
663 420
663 664
663 709
663 856
664 421
664 663
664 710
664 857
665 422
665 666
665 711
665 858
666 423
666 665
666 712
666 859
667 424
667 668
667 713
667 860
668 425
668 667
668 669
668 714
668 861
669 426
669 668
669 715
669 862
670 427
670 671
670 716
670 863
671 428
671 670
671 672
671 717
671 864
672 429
672 671
672 673
672 718
672 865
673 385
673 672
673 718
673 865
673 866
674 386
674 625
674 867
674 868
675 387
675 626
675 721
675 868
676 388
676 389
676 627
676 677
677 388
677 389
677 628
677 676
677 678
678 390
678 391
678 629
678 677
678 679
679 390
679 391
679 630
679 678
680 392
680 393
680 631
680 681
681 392
681 393
681 632
681 680
682 394
682 633
682 683
682 722
682 723
683 395
683 682
683 684
683 722
683 723
684 395
684 396
684 397
684 683
684 685
685 396
685 397
685 636
685 684
686 398
686 399
686 687
686 724
687 398
687 399
687 686
687 724
688 399
688 400
688 401
688 689
689 400
689 401
689 640
689 688
690 402
690 403
690 641
690 691
691 402
691 403
691 642
691 690
692 356
692 403
692 404
692 643
692 693
693 357
693 405
693 644
693 692
694 358
694 406
694 645
694 695
695 359
695 406
695 407
695 646
695 694
696 360
696 407
696 408
696 647
697 361
697 409
697 410
697 648
697 698
698 362
698 410
698 649
698 697
698 699
699 363
699 410
699 650
699 698
700 411
700 433
700 725
700 869
701 434
701 435
701 702
701 870
702 413
702 414
702 656
702 657
702 701
702 703
702 726
702 870
703 369
703 414
703 657
703 702
703 726
704 370
704 415
704 658
704 705
705 371
705 416
705 659
705 704
705 706
706 372
706 417
706 660
706 705
706 707
706 871
707 373
707 418
707 661
707 706
708 374
708 419
708 662
708 709
709 375
709 420
709 663
709 708
710 376
710 421
710 664
710 711
711 377
711 422
711 665
711 710
711 712
712 378
712 423
712 666
712 711
712 713
713 379
713 424
713 667
713 712
714 380
714 425
714 668
714 715
715 381
715 426
715 669
715 714
715 716
716 382
716 427
716 670
716 715
716 717
717 383
717 427
717 428
717 671
717 716
718 384
718 429
718 672
718 673
719 436
719 720
719 728
719 872
720 719
720 721
720 729
720 872
720 873
720 874
721 432
721 675
721 720
721 729
721 874
722 394
722 395
722 682
722 683
722 723
723 394
723 395
723 682
723 683
723 722
724 398
724 399
724 686
724 687
725 411
725 433
725 435
725 700
726 413
726 414
726 702
726 703
727 135
727 136
727 377
727 378
728 430
728 436
728 437
728 719
728 729
729 436
729 437
729 720
729 721
729 728
730 443
730 444
730 465
730 736
731 444
731 466
731 467
731 737
732 472
732 742
732 743
732 765
733 462
733 463
733 734
733 755
734 463
734 733
734 735
734 756
735 463
735 464
735 486
735 734
735 756
735 757
736 465
736 730
736 737
736 758
737 466
737 731
737 736
737 759
738 467
738 517
738 739
738 760
739 468
739 738
739 740
739 761
740 469
740 739
740 741
740 762
741 470
741 740
741 742
741 763
742 471
742 732
742 741
742 743
742 764
743 472
743 732
743 742
743 744
743 765
744 473
744 743
744 745
744 766
745 474
745 744
745 746
745 767
746 475
746 745
746 747
746 768
747 476
747 746
747 748
747 769
748 477
748 747
748 749
748 770
749 478
749 748
749 750
749 771
750 479
750 749
750 751
750 772
751 480
751 750
751 752
751 773
752 481
752 751
752 753
752 774
753 482
753 752
753 754
753 775
754 483
754 484
754 753
754 776
755 484
755 485
755 733
755 756
756 485
756 734
756 735
756 755
756 757
756 778
757 485
757 486
757 735
757 756
758 515
758 736
758 781
758 875
759 737
759 760
759 782
759 875
760 517
760 553
760 738
760 759
760 761
761 739
761 760
761 762
761 784
762 740
762 761
762 763
762 785
763 741
763 762
763 764
763 786
764 742
764 763
764 765
764 787
765 732
765 743
765 764
765 766
765 788
766 744
766 765
766 767
766 789
767 745
767 766
767 768
767 790
768 746
768 767
768 769
768 791
769 747
769 768
769 770
769 792
770 748
770 769
770 771
770 793
771 749
771 770
771 772
771 794
772 750
772 771
772 773
772 795
773 751
773 772
773 774
773 796
774 752
774 773
774 775
774 797
775 753
775 774
775 776
775 798
776 754
776 775
776 777
776 799
777 518
777 776
777 778
777 800
778 756
778 777
778 801
778 876
779 520
779 556
779 780
779 802
780 520
780 521
780 557
780 779
781 758
781 782
781 803
781 875
782 552
782 759
782 781
782 783
782 875
782 877
783 553
783 782
783 784
783 805
783 877
783 879
784 761
784 783
784 785
784 806
785 762
785 784
785 786
785 807
786 763
786 785
786 787
786 808
787 764
787 786
787 788
787 809
788 765
788 787
788 789
788 810
789 766
789 788
789 790
789 811
790 767
790 789
790 791
790 812
791 768
791 790
791 792
791 813
792 769
792 791
792 793
792 814
793 770
793 792
793 794
793 815
794 771
794 793
794 795
794 816
795 772
795 794
795 796
795 817
796 773
796 795
796 797
796 818
797 774
797 796
797 798
797 819
798 775
798 797
798 799
798 820
799 776
799 798
799 800
799 821
800 554
800 777
800 799
800 801
800 876
800 878
801 778
801 800
801 802
801 876
801 878
802 556
802 779
802 801
802 878
803 781
803 804
803 825
803 881
804 588
804 803
804 826
804 881
805 589
805 783
805 806
805 827
805 879
806 589
806 784
806 805
806 807
806 879
807 589
807 785
807 806
807 808
807 829
808 786
808 807
808 809
808 830
809 787
809 808
809 810
809 831
810 788
810 809
810 811
810 832
811 789
811 810
811 812
811 833
812 790
812 811
812 813
812 834
813 791
813 812
813 814
813 835
814 792
814 813
814 815
814 836
815 793
815 814
815 816
815 837
816 794
816 815
816 817
816 838
817 795
817 816
817 818
817 839
818 796
818 817
818 819
818 840
819 797
819 818
819 820
819 841
820 798
820 819
820 821
820 842
821 799
821 820
821 822
821 843
822 821
822 823
822 844
822 880
822 882
823 822
823 824
823 880
823 882
824 592
824 823
824 846
824 880
825 803
825 826
825 847
825 881
826 804
826 825
826 827
826 848
826 881
827 623
827 805
827 826
827 828
827 849
827 850
828 623
828 827
828 829
828 850
829 807
829 828
829 830
829 851
830 808
830 829
830 831
830 852
831 809
831 830
831 832
831 853
832 810
832 831
832 833
832 854
833 811
833 832
833 834
833 855
834 812
834 833
834 835
834 856
835 813
835 834
835 836
835 857
836 814
836 835
836 837
836 858
837 815
837 836
837 838
837 859
837 860
838 816
838 837
838 839
838 860
838 861
839 817
839 838
839 840
839 861
839 862
840 818
840 839
840 841
840 862
840 863
841 819
841 840
841 842
841 862
841 863
842 820
842 841
842 843
842 864
842 865
843 821
843 842
843 864
843 865
844 624
844 822
844 845
844 866
844 882
845 844
845 846
845 867
845 882
846 626
846 824
846 845
846 868
846 882
847 654
847 825
847 848
847 869
848 655
848 826
848 847
848 869
849 623
849 656
849 827
849 850
849 870
850 623
850 657
850 827
850 828
850 849
850 851
851 658
851 829
851 850
851 852
852 659
852 830
852 851
852 853
853 660
853 831
853 852
853 854
853 871
854 661
854 832
854 853
854 855
855 662
855 833
855 854
855 856
856 663
856 834
856 855
856 857
857 664
857 835
857 856
857 858
858 665
858 836
858 857
858 859
859 666
859 837
859 858
859 860
860 667
860 837
860 838
860 859
860 861
861 668
861 838
861 839
861 860
861 862
862 669
862 839
862 840
862 841
862 861
862 863
863 670
863 840
863 841
863 862
863 864
864 671
864 842
864 843
864 863
864 865
865 672
865 673
865 842
865 843
865 864
866 673
866 844
866 867
866 872
867 674
867 845
867 866
867 868
867 873
868 674
868 675
868 846
868 867
868 874
869 654
869 700
869 847
869 848
870 656
870 701
870 702
870 849
871 417
871 659
871 660
871 706
871 853
872 719
872 720
872 866
872 873
873 720
873 867
873 872
873 874
874 720
874 721
874 868
874 873
875 758
875 759
875 781
875 782
875 877
876 778
876 800
876 801
876 878
877 782
877 783
877 875
877 879
878 800
878 801
878 802
878 876
878 880
879 783
879 805
879 806
879 877
880 822
880 823
880 824
880 878
880 882
881 803
881 804
881 825
881 826
882 822
882 823
882 844
882 845
882 846
882 880
