0 2
0 5
0 9
0 165
1 3
1 6
1 10
1 166
2 0
2 9
2 25
2 165
3 1
3 10
3 26
3 166
4 5
4 8
4 12
4 199
5 0
5 4
5 165
5 199
5 200
6 1
6 166
6 201
6 202
7 11
7 15
7 202
7 238
8 4
8 9
8 16
8 24
8 36
8 199
9 0
9 2
9 8
9 24
9 25
10 1
10 3
10 11
10 26
11 7
11 10
11 27
11 39
12 4
12 13
12 16
12 199
13 12
13 20
13 22
13 236
13 239
14 15
14 21
14 237
14 238
14 240
15 7
15 14
15 19
15 202
15 238
16 8
16 12
16 17
16 24
16 36
17 16
17 20
17 22
17 36
17 37
18 19
18 21
18 23
18 38
18 39
19 15
19 18
19 27
19 39
20 13
20 17
20 22
20 239
21 14
21 18
21 23
21 240
22 13
22 17
22 20
22 37
23 18
23 21
23 38
23 240
24 8
24 9
24 16
24 25
24 36
25 2
25 9
25 24
25 29
26 3
26 10
26 27
26 30
27 11
27 19
27 26
27 31
27 39
28 29
28 32
28 40
28 44
29 25
29 28
29 33
29 84
30 26
30 31
30 34
30 85
31 27
31 30
31 35
31 43
31 47
32 28
32 33
32 40
32 44
32 83
32 84
32 107
33 29
33 32
33 48
33 49
33 83
33 84
34 30
34 35
34 50
34 51
34 85
35 31
35 34
35 43
35 47
35 85
35 86
35 110
36 8
36 16
36 17
36 24
36 37
37 17
37 22
37 36
37 41
38 18
38 23
38 39
38 42
39 11
39 18
39 19
39 27
39 38
40 28
40 32
40 41
40 44
41 37
41 40
41 45
41 108
42 38
42 43
42 46
42 109
43 31
43 35
43 42
43 47
44 28
44 32
44 40
44 45
44 107
44 108
45 41
45 44
45 108
45 131
45 132
46 42
46 47
46 109
46 133
46 134
47 31
47 35
47 43
47 46
47 86
47 109
47 110
48 33
48 49
48 52
48 83
48 84
48 87
49 33
49 48
49 50
49 53
49 84
50 34
50 49
50 51
50 54
50 85
51 34
51 50
51 55
51 85
51 86
52 48
52 53
52 56
52 87
53 49
53 52
53 54
53 57
54 50
54 53
54 55
54 58
55 51
55 54
55 59
55 88
56 52
56 57
56 60
56 89
57 53
57 56
57 58
57 61
58 54
58 57
58 59
58 62
59 55
59 58
59 63
59 90
60 56
60 61
60 64
60 65
60 91
61 57
61 60
61 62
61 65
62 58
62 61
62 63
62 66
63 59
63 62
63 66
63 67
63 92
64 60
64 65
64 68
64 93
65 60
65 61
65 64
65 69
66 62
66 63
66 67
66 70
67 63
67 66
67 71
67 94
68 64
68 69
68 72
68 95
69 65
69 68
69 70
69 73
70 66
70 69
70 71
70 74
71 67
71 70
71 75
71 96
72 68
72 73
72 76
72 97
73 69
73 72
73 74
73 76
74 70
74 73
74 75
74 79
75 71
75 74
75 79
75 98
76 72
76 73
76 77
76 80
76 99
76 100
77 76
77 80
77 81
77 100
78 79
78 82
78 101
78 105
79 74
79 75
79 78
79 101
79 102
80 76
80 77
80 81
80 99
80 100
80 103
80 104
81 77
81 80
81 82
81 100
81 104
82 78
82 81
82 101
82 105
83 32
83 33
83 48
83 84
83 87
84 29
84 32
84 33
84 48
84 49
84 83
85 30
85 34
85 35
85 50
85 51
85 86
86 35
86 47
86 51
86 85
86 88
86 110
87 48
87 52
87 83
87 89
88 55
88 86
88 90
88 112
89 56
89 87
89 91
89 113
90 59
90 88
90 92
90 114
91 60
91 89
91 93
91 115
92 63
92 90
92 94
92 116
93 64
93 91
93 95
93 117
94 67
94 92
94 96
94 118
95 68
95 93
95 97
95 119
96 71
96 94
96 98
96 120
97 72
97 95
97 99
97 121
98 75
98 96
98 102
98 122
99 76
99 80
99 97
99 100
99 103
99 123
100 76
100 77
100 80
100 81
100 99
100 103
100 104
101 78
101 79
101 82
101 102
101 105
101 106
102 79
102 98
102 101
102 106
102 126
103 80
103 99
103 100
103 104
103 127
104 80
104 81
104 100
104 103
105 78
105 82
105 101
105 106
106 101
106 102
106 105
106 130
107 32
107 44
107 108
107 111
107 131
108 41
108 44
108 45
108 107
108 131
108 132
109 42
109 46
109 47
109 110
109 133
109 134
110 35
110 47
110 86
110 109
110 112
111 107
111 113
111 131
111 135
112 88
112 110
112 114
112 138
113 89
113 111
113 115
113 139
114 90
114 112
114 116
114 142
115 91
115 113
115 117
115 143
116 92
116 114
116 118
116 146
117 93
117 115
117 119
117 147
118 94
118 116
118 120
118 150
119 95
119 117
119 121
119 151
120 96
120 118
120 122
120 154
121 97
121 119
121 123
121 155
122 98
122 120
122 126
122 158
123 99
123 121
123 124
123 127
123 159
124 123
124 127
124 128
124 159
124 160
124 163
125 126
125 129
125 130
125 161
125 162
125 164
126 102
126 122
126 125
126 130
126 162
127 103
127 123
127 124
127 128
128 124
128 127
128 160
128 163
129 125
129 130
129 161
129 164
130 106
130 125
130 126
130 129
131 45
131 107
131 108
131 111
131 132
131 135
132 45
132 108
132 131
132 133
132 136
133 46
133 109
133 132
133 134
134 46
134 109
134 133
134 137
134 138
135 111
135 131
135 136
135 139
136 132
136 135
136 137
136 140
137 134
137 136
137 138
137 141
138 112
138 134
138 137
138 142
139 113
139 135
139 140
139 143
140 136
140 139
140 141
140 144
141 137
141 140
141 142
141 145
142 114
142 138
142 141
142 146
143 115
143 139
143 144
143 147
144 140
144 143
144 145
144 148
145 141
145 144
145 146
145 149
146 116
146 142
146 145
146 150
147 117
147 143
147 148
147 151
148 144
148 147
148 149
148 152
149 145
149 148
149 150
149 153
150 118
150 146
150 149
150 154
151 119
151 147
151 152
151 155
152 148
152 151
152 153
152 156
153 149
153 152
153 154
153 157
154 120
154 150
154 153
154 158
155 121
155 151
155 156
155 159
156 152
156 155
156 159
156 160
157 153
157 158
157 161
157 162
158 122
158 154
158 157
158 162
159 123
159 124
159 155
159 156
159 160
160 124
160 128
160 156
160 159
160 163
161 125
161 129
161 157
161 162
161 164
162 125
162 126
162 157
162 158
162 161
163 124
163 128
163 160
163 164
164 125
164 129
164 161
164 163
165 0
165 2
165 5
165 200
166 1
166 3
166 6
166 201
167 168
167 169
167 170
167 203
167 247
167 248
168 167
168 169
168 170
168 204
168 247
168 248
168 256
169 167
169 168
169 170
169 171
169 205
170 167
170 168
170 169
170 206
171 169
171 172
171 207
171 208
172 171
172 174
172 207
172 208
173 174
173 175
173 209
173 210
174 172
174 173
174 176
174 209
174 210
175 173
175 176
175 211
175 212
176 174
176 175
176 211
176 212
177 178
177 179
177 213
177 214
178 177
178 180
178 213
178 214
179 177
179 180
179 215
179 216
180 178
180 179
180 215
180 216
181 182
181 183
181 217
181 218
182 181
182 184
182 217
182 218
183 181
183 184
183 219
183 220
184 182
184 183
184 219
184 220
185 186
185 187
185 221
185 222
186 185
186 188
186 221
186 222
187 185
187 188
187 189
187 223
187 224
188 186
188 187
188 190
188 223
188 224
189 187
189 190
189 225
189 226
190 188
190 189
190 192
190 225
190 226
191 192
191 193
191 227
191 228
192 190
192 191
192 194
192 227
192 228
193 191
193 194
193 195
193 229
193 230
194 192
194 193
194 229
194 230
195 193
195 196
195 197
195 231
195 232
196 195
196 198
196 231
196 232
197 195
197 198
197 200
197 233
197 234
197 235
198 196
198 197
198 201
198 233
198 234
199 4
199 5
199 8
199 12
199 235
200 5
200 165
200 197
200 201
200 236
201 6
201 166
201 198
201 200
201 237
202 6
202 7
202 15
202 238
203 167
203 204
203 205
203 206
203 255
203 256
204 168
204 203
204 205
204 206
204 255
204 256
205 169
205 203
205 204
205 206
205 207
206 170
206 203
206 204
206 205
207 171
207 172
207 205
207 208
208 171
208 172
208 207
208 210
209 173
209 174
209 210
209 211
210 173
210 174
210 208
210 209
211 175
211 176
211 209
211 212
211 213
212 175
212 176
212 211
212 214
213 177
213 178
213 211
213 214
214 177
214 178
214 212
214 213
214 216
215 179
215 180
215 216
215 217
216 179
216 180
216 214
216 215
216 218
217 181
217 182
217 215
217 218
218 181
218 182
218 216
218 217
219 183
219 184
219 220
219 221
220 183
220 184
220 219
220 222
221 185
221 186
221 219
221 222
221 223
222 185
222 186
222 220
222 221
223 187
223 188
223 221
223 224
224 187
224 188
224 223
224 226
225 189
225 190
225 226
225 227
226 189
226 190
226 224
226 225
227 191
227 192
227 225
227 228
228 191
228 192
228 227
228 230
229 193
229 194
229 230
229 231
230 193
230 194
230 228
230 229
230 232
231 195
231 196
231 229
231 232
231 233
232 195
232 196
232 230
232 231
233 197
233 198
233 231
233 234
233 235
233 236
234 197
234 198
234 233
234 237
235 197
235 199
235 233
235 236
236 13
236 200
236 233
236 235
236 237
236 239
237 14
237 201
237 234
237 236
237 240
238 7
238 14
238 15
238 202
239 13
239 20
239 236
239 240
240 14
240 21
240 23
240 237
240 239
241 242
241 243
241 249
241 250
242 241
242 244
242 249
242 250
242 252
243 241
243 244
243 245
243 251
243 253
244 242
244 243
244 246
244 250
244 252
244 254
245 243
245 247
245 251
245 253
246 244
246 248
246 252
246 254
247 167
247 168
247 245
247 248
247 255
248 167
248 168
248 246
248 247
248 256
249 241
249 242
249 250
249 251
250 241
250 242
250 244
250 249
250 252
251 243
251 245
251 249
251 252
251 253
252 242
252 244
252 246
252 250
252 251
252 254
253 243
253 245
253 251
253 255
254 244
254 246
254 252
254 256
255 203
255 204
255 247
255 253
255 256
256 168
256 203
256 204
256 248
256 254
256 255
