0 1
0 3
0 24
0 25
1 0
1 3
1 4
1 24
1 25
1 27
2 3
2 7
2 26
2 31
3 0
3 1
3 2
3 4
3 8
3 24
4 1
4 3
4 9
4 25
4 27
5 10
5 11
5 28
5 29
6 7
6 12
6 30
6 31
6 34
7 2
7 6
7 8
7 26
7 30
7 31
8 3
8 7
8 9
8 14
9 4
9 8
9 10
9 15
10 5
10 9
10 11
10 29
10 32
10 33
11 5
11 10
11 28
11 29
11 32
11 33
12 6
12 13
12 30
12 34
13 12
13 14
13 18
13 34
13 35
13 38
14 8
14 13
14 15
14 19
15 9
15 14
15 16
15 20
16 15
16 17
16 21
16 36
16 37
17 16
17 21
17 36
17 37
17 40
18 13
18 19
18 35
18 38
19 14
19 18
19 20
19 22
19 23
19 41
20 15
20 19
20 23
20 39
20 42
21 16
21 17
21 37
21 40
22 19
22 23
22 41
22 42
23 19
23 20
23 22
23 39
23 41
23 42
24 0
24 1
24 3
24 25
24 43
25 0
25 1
25 4
25 24
25 27
26 2
26 7
26 31
26 45
27 1
27 4
27 25
27 46
28 5
28 11
28 29
28 33
28 47
29 5
29 10
29 11
29 28
29 32
29 33
29 48
30 6
30 7
30 12
30 31
30 34
30 49
31 2
31 6
31 7
31 26
31 30
31 50
32 10
32 11
32 29
32 33
32 36
33 10
33 11
33 28
33 29
33 32
33 52
34 6
34 12
34 13
34 30
34 35
34 53
35 13
35 18
35 34
35 38
35 54
35 57
36 16
36 17
36 32
36 37
36 40
36 55
37 16
37 17
37 21
37 36
37 40
37 56
38 13
38 18
38 35
38 57
39 20
39 23
39 41
39 42
39 58
40 17
40 21
40 36
40 37
40 59
41 19
41 22
41 23
41 39
41 42
41 60
42 20
42 22
42 23
42 39
42 41
42 61
43 24
43 44
43 45
43 46
43 63
44 43
44 46
44 64
44 66
45 26
45 43
45 50
45 65
46 27
46 43
46 44
46 66
47 28
47 48
47 51
47 52
48 29
48 47
48 51
48 52
49 30
49 50
49 53
49 69
50 31
50 45
50 49
50 70
51 47
51 48
51 52
51 55
52 33
52 47
52 48
52 51
53 34
53 49
53 54
53 73
54 35
54 53
54 57
54 74
55 36
55 51
55 56
55 59
56 37
56 55
56 59
56 76
57 35
57 38
57 54
57 77
58 39
58 60
58 61
58 78
59 40
59 55
59 56
59 79
60 41
60 58
60 61
60 80
61 42
61 58
61 60
61 81
62 63
62 65
62 82
62 84
63 43
63 62
63 64
63 66
63 82
64 44
64 63
64 66
64 83
65 45
65 62
65 70
65 84
66 44
66 46
66 63
66 64
66 85
67 68
67 71
67 72
67 86
68 67
68 71
68 72
68 91
69 49
69 70
69 73
69 88
70 50
70 65
70 69
70 89
71 67
71 68
71 72
71 75
72 67
72 68
72 71
72 91
73 53
73 69
73 74
73 92
74 54
74 73
74 77
74 93
75 71
75 76
75 79
75 94
76 56
76 75
76 79
76 95
77 57
77 74
77 93
77 96
78 58
78 80
78 81
78 97
79 59
79 75
79 76
79 98
80 60
80 78
80 81
80 99
81 61
81 78
81 80
81 100
82 62
82 63
82 83
82 85
82 101
83 64
83 82
83 85
83 102
84 62
84 65
84 89
84 103
85 66
85 82
85 83
85 104
86 67
86 87
86 90
86 91
86 105
87 86
87 90
87 91
87 106
87 110
88 69
88 89
88 92
88 107
89 70
89 84
89 88
89 108
90 86
90 87
90 91
90 94
91 68
91 72
91 86
91 87
91 90
91 110
92 73
92 88
92 93
92 111
93 74
93 77
93 92
93 96
93 112
94 75
94 90
94 95
94 98
94 113
95 76
95 94
95 98
95 114
96 77
96 93
96 112
96 115
97 78
97 99
97 100
97 116
98 79
98 94
98 95
98 117
99 80
99 97
99 100
99 118
100 81
100 97
100 99
100 119
101 82
101 102
101 103
101 104
101 120
102 83
102 101
102 104
102 121
102 123
103 84
103 101
103 108
103 122
104 85
104 101
104 102
104 123
105 86
105 106
105 109
105 110
106 87
106 105
106 109
106 110
107 88
107 108
107 111
107 126
108 89
108 103
108 107
108 127
109 105
109 106
109 110
109 113
110 87
110 91
110 105
110 106
110 109
111 92
111 107
111 112
111 130
112 93
112 96
112 111
112 115
112 131
113 94
113 109
113 114
113 117
114 95
114 113
114 117
114 133
115 96
115 112
115 118
115 134
116 97
116 118
116 119
116 135
117 98
117 113
117 114
117 136
118 99
118 115
118 116
118 119
118 137
119 100
119 116
119 118
119 138
120 101
120 121
120 122
120 123
120 139
121 102
121 120
121 123
121 140
122 103
122 120
122 127
122 141
123 102
123 104
123 120
123 121
123 142
124 125
124 128
124 129
124 143
125 124
125 128
125 129
125 148
126 107
126 127
126 130
126 145
127 108
127 122
127 126
127 141
127 146
128 124
128 125
128 129
128 132
129 124
129 125
129 128
129 148
130 111
130 126
130 131
130 149
131 112
131 130
131 134
131 150
132 128
132 133
132 136
132 151
133 114
133 132
133 136
133 152
134 115
134 131
134 137
134 153
135 116
135 137
135 138
135 154
136 117
136 132
136 133
136 155
137 118
137 134
137 135
137 138
137 156
138 119
138 135
138 137
138 157
139 120
139 140
139 142
139 158
140 121
140 139
140 142
140 159
141 122
141 127
141 146
141 160
142 123
142 139
142 140
142 161
143 124
143 144
143 147
143 148
143 162
144 143
144 147
144 148
144 163
144 167
145 126
145 146
145 149
145 164
146 127
146 141
146 145
146 160
146 165
147 143
147 144
147 148
147 151
148 125
148 129
148 143
148 144
148 147
148 167
149 130
149 145
149 150
149 168
150 131
150 149
150 153
150 169
151 132
151 147
151 152
151 155
151 170
152 133
152 151
152 155
152 171
153 134
153 150
153 156
153 172
154 135
154 156
154 157
154 173
155 136
155 151
155 152
155 174
156 137
156 153
156 154
156 157
156 175
157 138
157 154
157 156
157 176
158 139
158 159
158 161
158 177
159 140
159 158
159 161
159 177
159 178
159 180
160 141
160 146
160 165
160 179
161 142
161 158
161 159
161 180
162 143
162 163
162 166
162 167
162 181
163 144
163 162
163 166
163 167
163 182
164 145
164 165
164 168
164 183
165 146
165 160
165 164
165 184
166 162
166 163
166 167
166 170
167 144
167 148
167 162
167 163
167 166
167 186
168 149
168 164
168 169
168 187
169 150
169 168
169 172
169 188
170 151
170 166
170 171
170 174
170 189
171 152
171 170
171 174
171 190
172 153
172 169
172 175
172 191
173 154
173 175
173 176
173 192
174 155
174 170
174 171
174 193
175 156
175 172
175 173
175 176
175 194
176 157
176 173
176 175
176 192
177 158
177 159
177 178
177 179
177 196
178 159
178 177
178 180
178 196
178 197
178 199
179 160
179 177
179 184
179 198
180 159
180 161
180 178
180 199
181 162
181 182
181 185
181 186
182 163
182 181
182 185
182 186
183 164
183 184
183 187
183 202
184 165
184 179
184 183
184 203
185 181
185 182
185 186
185 189
186 167
186 181
186 182
186 185
186 201
187 168
187 183
187 188
187 206
188 169
188 187
188 191
188 207
189 170
189 185
189 190
189 193
190 171
190 189
190 193
190 209
191 172
191 188
191 194
191 210
192 173
192 176
192 194
192 195
192 211
193 174
193 189
193 190
193 212
194 175
194 191
194 192
194 195
194 214
195 192
195 194
195 211
195 214
195 215
196 177
196 178
196 197
196 198
196 216
197 178
197 196
197 199
197 217
198 179
198 196
198 203
198 218
199 178
199 180
199 197
199 219
200 201
200 204
200 205
200 220
201 186
201 200
201 204
201 205
202 183
202 203
202 206
202 222
203 184
203 198
203 202
203 223
204 200
204 201
204 205
204 208
205 200
205 201
205 204
205 225
206 187
206 202
206 207
206 226
207 188
207 206
207 210
207 227
208 204
208 209
208 212
208 228
209 190
209 208
209 212
209 229
210 191
210 207
210 213
210 230
211 192
211 195
211 215
211 231
212 193
212 208
212 209
212 232
213 210
213 214
213 230
213 233
214 194
214 195
214 213
214 215
214 233
215 195
215 211
215 214
215 234
216 196
216 217
216 218
216 219
216 235
217 197
217 216
217 219
217 236
218 198
218 216
218 223
218 237
219 199
219 216
219 217
219 238
220 200
220 221
220 224
220 225
220 239
221 220
221 224
221 225
221 240
222 202
222 223
222 226
222 241
223 203
223 218
223 222
223 242
224 220
224 221
224 225
224 228
225 205
225 220
225 221
225 224
225 244
226 206
226 222
226 227
226 245
227 207
227 226
227 230
227 246
228 208
228 224
228 229
228 232
228 247
229 209
229 228
229 232
229 248
230 210
230 213
230 227
230 249
231 211
231 233
231 234
231 250
232 212
232 228
232 229
232 251
233 213
233 214
233 231
233 234
233 252
234 215
234 231
234 233
234 250
234 253
235 216
235 236
235 237
235 238
235 254
235 255
236 217
236 235
236 238
236 255
237 218
237 235
237 242
237 256
238 219
238 235
238 236
238 255
238 258
239 220
239 240
239 243
239 244
239 259
239 260
240 221
240 239
240 243
240 244
240 260
241 222
241 242
241 245
241 261
241 267
242 223
242 237
242 241
242 262
243 239
243 240
243 244
243 247
243 266
244 225
244 239
244 240
244 243
244 260
244 266
245 226
245 241
245 246
245 261
245 267
246 227
246 245
246 249
246 268
247 228
247 243
247 248
247 251
247 271
247 272
248 229
248 247
248 251
248 272
249 230
249 246
249 273
249 277
250 231
250 234
250 252
250 253
251 232
251 247
251 248
251 272
251 276
252 233
252 250
252 253
252 279
253 234
253 250
253 252
253 279
254 235
254 255
254 256
254 257
254 258
255 235
255 236
255 238
255 254
255 257
255 258
256 237
256 254
256 257
256 262
257 254
257 255
257 256
257 258
257 263
258 238
258 254
258 255
258 257
259 239
259 260
259 265
259 266
260 239
260 240
260 244
260 259
260 265
260 266
261 241
261 245
261 262
261 267
262 242
262 256
262 261
262 263
262 280
263 257
263 262
263 280
263 282
263 284
264 270
264 281
264 283
264 285
265 259
265 260
265 266
265 271
266 243
266 244
266 259
266 260
266 265
267 241
267 245
267 261
267 268
268 246
268 267
268 269
268 273
268 282
269 268
269 280
269 282
269 286
270 264
270 281
270 282
270 283
270 287
271 247
271 265
271 272
271 276
272 247
272 248
272 251
272 271
272 276
273 249
273 268
273 274
273 277
274 273
274 275
274 277
274 278
274 279
275 274
275 276
275 278
275 279
276 251
276 271
276 272
276 275
277 249
277 273
277 274
277 278
277 279
278 274
278 275
278 277
278 279
279 252
279 253
279 274
279 275
279 277
279 278
280 262
280 263
280 269
280 282
280 284
281 264
281 270
281 283
281 285
281 287
282 263
282 268
282 269
282 270
282 280
282 286
283 264
283 270
283 281
283 285
283 287
284 263
284 280
284 286
284 288
285 264
285 281
285 283
285 287
285 289
285 291
286 269
286 282
286 284
286 288
286 290
287 270
287 281
287 283
287 285
287 289
287 291
288 284
288 286
288 290
288 292
289 285
289 287
289 291
289 293
289 295
290 286
290 288
290 291
290 292
290 294
291 285
291 287
291 289
291 290
291 295
292 288
292 290
292 294
292 296
293 289
293 295
293 297
293 299
294 290
294 292
294 295
294 296
294 298
295 289
295 291
295 293
295 294
295 299
296 292
296 294
296 298
296 300
297 293
297 299
297 301
297 303
298 294
298 296
298 299
298 300
298 302
299 293
299 295
299 297
299 298
299 303
300 296
300 298
300 302
300 304
301 297
301 303
301 305
301 307
302 298
302 300
302 303
302 306
303 297
303 299
303 301
303 302
303 307
304 300
304 305
304 306
304 308
305 301
305 304
305 307
305 309
305 311
306 302
306 304
306 307
306 310
307 301
307 303
307 305
307 306
307 311
308 304
308 309
308 310
308 312
309 305
309 308
309 311
309 313
309 315
310 306
310 308
310 311
310 314
311 305
311 307
311 309
311 310
311 315
312 308
312 313
312 314
312 316
313 309
313 312
313 315
313 317
313 319
314 310
314 312
314 315
314 318
315 309
315 311
315 313
315 314
315 319
316 312
316 317
316 318
316 320
317 313
317 316
317 319
317 321
317 323
318 314
318 316
318 319
318 322
319 313
319 315
319 317
319 318
319 323
320 316
320 321
320 322
320 324
321 317
321 320
321 323
321 325
321 327
322 318
322 320
322 323
322 326
323 317
323 319
323 321
323 322
323 327
324 320
324 325
324 326
324 328
325 321
325 324
325 327
325 329
325 331
326 322
326 324
326 327
326 330
327 321
327 323
327 325
327 326
327 331
328 324
328 329
328 330
328 332
329 325
329 328
329 331
329 333
329 335
330 326
330 328
330 331
330 334
331 325
331 327
331 329
331 330
331 335
332 328
332 333
332 334
332 336
333 329
333 332
333 335
333 337
333 339
334 330
334 332
334 335
334 338
335 329
335 331
335 333
335 334
335 339
336 332
336 337
336 338
336 340
337 333
337 336
337 339
337 341
337 343
338 334
338 336
338 339
338 342
339 333
339 335
339 337
339 338
339 341
339 343
340 336
340 341
340 342
340 344
341 337
341 339
341 340
341 343
341 345
342 338
342 340
342 343
342 346
343 337
343 339
343 341
343 342
343 347
344 340
344 345
344 346
344 348
344 349
345 341
345 344
345 347
345 349
346 342
346 344
346 347
346 350
346 351
347 343
347 345
347 346
347 350
347 351
348 344
348 349
348 350
348 351
349 344
349 345
349 348
349 350
349 351
350 346
350 347
350 348
350 349
350 351
351 346
351 347
351 348
351 349
351 350
