0 1
0 12
0 13
0 56
1 0
1 2
1 13
1 57
2 1
2 3
2 58
2 59
3 2
3 4
3 58
3 59
4 3
4 5
4 60
4 61
5 4
5 6
5 61
5 62
6 5
6 7
6 62
6 63
7 6
7 8
7 63
7 64
8 7
8 9
8 64
8 65
9 8
9 10
9 65
9 66
10 9
10 11
10 14
10 66
11 10
11 14
11 15
11 66
11 67
12 0
12 13
12 16
12 17
12 69
13 0
13 1
13 12
13 17
14 10
14 11
14 15
14 18
15 11
15 14
15 18
15 19
15 70
16 12
16 17
16 20
16 73
17 12
17 13
17 16
17 21
18 14
18 15
18 19
18 22
19 15
19 18
19 22
19 23
19 74
20 16
20 21
20 24
20 25
20 77
21 17
21 20
21 24
21 25
22 18
22 19
22 23
22 26
23 19
23 22
23 26
23 27
23 78
24 20
24 21
24 25
24 28
24 29
24 81
25 20
25 21
25 24
25 29
26 22
26 23
26 27
26 30
27 23
27 26
27 30
27 31
27 82
28 24
28 29
28 32
28 33
28 85
29 24
29 25
29 28
29 33
30 26
30 27
30 31
30 34
30 38
31 27
31 30
31 34
31 35
31 38
31 86
32 28
32 33
32 36
32 89
33 28
33 29
33 32
33 36
33 37
34 30
34 31
34 35
34 38
34 39
35 31
35 34
35 38
35 39
35 90
36 32
36 33
36 37
36 40
36 93
37 33
37 36
37 40
37 41
38 30
38 31
38 34
38 35
39 34
39 35
39 42
39 43
39 94
40 36
40 37
40 41
40 44
40 97
41 37
41 40
41 44
41 45
42 39
42 43
42 54
42 55
43 39
43 42
43 55
43 98
44 40
44 41
44 45
44 100
44 101
45 41
45 44
45 46
45 101
46 45
46 47
46 102
46 103
47 46
47 48
47 102
47 103
48 47
48 49
48 104
48 105
49 48
49 50
49 105
49 106
50 49
50 51
50 105
50 106
51 50
51 52
51 106
51 107
52 51
52 53
52 108
52 109
53 52
53 54
53 108
53 109
54 42
54 53
54 55
54 110
55 42
55 43
55 54
55 111
56 0
56 57
56 69
56 113
56 127
57 1
57 56
57 58
57 114
58 2
58 3
58 57
58 59
58 115
59 2
59 3
59 58
59 60
59 116
60 4
60 59
60 61
60 117
61 4
61 5
61 60
61 62
61 118
62 5
62 6
62 61
62 63
62 119
63 6
63 7
63 62
63 64
63 120
64 7
64 8
64 63
64 65
64 121
65 8
65 9
65 64
65 66
65 122
66 9
66 10
66 11
66 65
66 67
66 123
67 11
67 66
67 70
67 124
67 128
68 69
68 72
68 73
68 126
68 127
68 130
69 12
69 56
69 68
69 73
69 127
70 15
70 67
70 71
70 128
71 70
71 74
71 75
71 128
71 129
72 68
72 73
72 76
72 130
73 16
73 68
73 69
73 72
74 19
74 71
74 75
74 78
75 71
75 74
75 79
75 131
76 72
76 77
76 80
76 132
77 20
77 76
77 80
77 81
78 23
78 74
78 79
78 82
79 75
79 78
79 82
79 83
79 133
80 76
80 77
80 81
80 84
80 134
81 24
81 77
81 80
81 85
82 27
82 78
82 79
82 83
83 79
83 82
83 87
83 135
84 80
84 85
84 88
84 136
85 28
85 81
85 84
85 89
86 31
86 87
86 90
86 91
87 83
87 86
87 91
87 137
88 84
88 89
88 92
88 138
89 32
89 85
89 88
89 93
90 35
90 86
90 91
90 94
91 86
91 87
91 90
91 95
91 139
92 88
92 93
92 96
92 140
93 36
93 89
93 92
93 96
94 39
94 90
94 95
94 99
95 91
95 94
95 99
95 141
96 92
96 93
96 97
96 142
96 143
97 40
97 96
97 100
97 143
98 43
98 99
98 111
98 144
99 94
99 95
99 98
99 141
99 145
100 44
100 97
100 101
100 143
100 147
101 44
101 45
101 100
101 102
101 148
102 46
102 47
102 101
102 103
102 149
103 46
103 47
103 102
103 104
103 150
104 48
104 103
104 105
104 151
105 48
105 49
105 50
105 104
105 106
105 152
106 49
106 50
106 51
106 105
106 107
106 153
107 51
107 106
107 108
107 154
108 52
108 53
108 107
108 109
108 155
109 52
109 53
109 108
109 110
109 156
110 54
110 109
110 111
110 157
111 55
111 98
111 110
111 144
111 158
112 113
112 126
112 127
112 160
113 56
113 112
113 114
113 127
113 161
114 57
114 113
114 115
114 162
115 58
115 114
115 116
115 163
116 59
116 115
116 117
116 164
117 60
117 116
117 118
117 165
118 61
118 117
118 119
118 166
119 62
119 118
119 120
119 167
120 63
120 119
120 121
120 168
121 64
121 120
121 122
121 169
122 65
122 121
122 123
122 170
123 66
123 122
123 124
123 171
124 67
124 123
124 125
124 128
124 172
125 124
125 128
125 129
125 173
126 68
126 112
126 127
126 130
126 175
127 56
127 68
127 69
127 112
127 113
127 126
128 67
128 70
128 71
128 124
128 125
128 129
129 71
129 125
129 128
129 131
129 176
130 68
130 72
130 126
130 132
130 179
131 75
131 129
131 133
131 180
132 76
132 130
132 134
132 183
133 79
133 131
133 135
133 184
134 80
134 132
134 136
134 187
135 83
135 133
135 137
135 188
136 84
136 134
136 138
136 191
137 87
137 135
137 139
137 192
138 88
138 136
138 140
138 195
139 91
139 137
139 141
139 196
140 92
140 138
140 142
140 199
141 95
141 99
141 139
141 200
142 96
142 140
142 143
142 146
142 203
143 96
143 97
143 100
143 142
143 146
143 147
144 98
144 111
144 145
144 158
144 159
145 99
145 144
145 159
145 204
146 142
146 143
146 147
146 206
147 100
147 143
147 146
147 148
147 207
148 101
148 147
148 149
148 208
149 102
149 148
149 150
149 209
150 103
150 149
150 151
150 210
151 104
151 150
151 152
151 211
152 105
152 151
152 153
152 212
153 106
153 152
153 154
153 213
154 107
154 153
154 155
154 214
155 108
155 154
155 156
155 215
156 109
156 155
156 157
156 216
157 110
157 156
157 158
157 217
158 111
158 144
158 157
158 159
158 218
159 144
159 145
159 158
159 219
160 112
160 161
160 175
160 220
161 113
161 160
161 162
161 221
162 114
162 161
162 163
162 222
163 115
163 162
163 164
163 223
164 116
164 163
164 165
164 224
165 117
165 164
165 166
165 225
166 118
166 165
166 167
166 226
167 119
167 166
167 168
167 227
168 120
168 167
168 169
168 228
169 121
169 168
169 170
169 229
170 122
170 169
170 171
170 230
171 123
171 170
171 172
171 231
172 124
172 171
172 173
172 232
173 125
173 172
173 176
173 233
174 175
174 178
174 179
174 234
174 235
174 238
175 126
175 160
175 174
175 235
176 129
176 173
176 177
176 236
177 176
177 180
177 181
177 236
177 237
178 174
178 179
178 182
178 238
179 130
179 174
179 178
179 183
180 131
180 177
180 181
180 184
181 177
181 180
181 184
181 185
181 239
182 178
182 183
182 186
182 240
183 132
183 179
183 182
183 187
184 133
184 180
184 181
184 185
184 188
185 181
185 184
185 189
185 241
186 182
186 187
186 190
186 191
186 242
187 134
187 183
187 186
187 190
187 191
188 135
188 184
188 189
188 192
189 185
189 188
189 193
189 243
190 186
190 187
190 191
190 194
190 244
191 136
191 186
191 187
191 190
191 195
192 137
192 188
192 193
192 196
193 189
193 192
193 197
193 245
194 190
194 195
194 198
194 246
195 138
195 191
195 194
195 199
196 139
196 192
196 197
196 200
197 193
197 196
197 201
197 247
198 194
198 199
198 202
198 248
199 140
199 195
199 198
199 202
199 203
200 141
200 196
200 201
200 204
200 205
201 197
201 200
201 205
201 249
202 198
202 199
202 203
202 248
202 250
202 251
203 142
203 199
203 202
203 206
203 251
204 145
204 200
204 205
204 219
204 252
205 200
205 201
205 204
205 249
205 252
205 253
206 146
206 203
206 207
206 254
207 147
207 206
207 208
207 255
208 148
208 207
208 209
208 256
209 149
209 208
209 210
209 257
210 150
210 209
210 211
210 258
211 151
211 210
211 212
211 259
212 152
212 211
212 213
212 260
213 153
213 212
213 214
213 261
214 154
214 213
214 215
214 262
215 155
215 214
215 216
215 263
216 156
216 215
216 217
216 264
217 157
217 216
217 218
217 265
218 158
218 217
218 219
218 266
219 159
219 204
219 218
219 267
220 160
220 221
220 235
220 269
221 161
221 220
221 222
221 270
222 162
222 221
222 223
222 271
223 163
223 222
223 224
223 272
224 164
224 223
224 225
224 273
225 165
225 224
225 226
225 274
226 166
226 225
226 227
226 275
227 167
227 226
227 228
227 276
228 168
228 227
228 229
228 277
229 169
229 228
229 230
229 278
230 170
230 229
230 231
230 279
231 171
231 230
231 232
231 280
232 172
232 231
232 233
232 281
233 173
233 232
233 236
233 282
234 174
234 235
234 238
234 284
235 174
235 175
235 220
235 234
236 176
236 177
236 233
236 237
237 177
237 236
237 239
237 285
238 174
238 178
238 234
238 240
238 286
239 181
239 237
239 241
239 287
240 182
240 238
240 242
240 288
241 185
241 239
241 243
241 289
242 186
242 240
242 244
242 290
243 189
243 241
243 245
243 291
244 190
244 242
244 246
244 292
245 193
245 243
245 247
245 293
246 194
246 244
246 248
246 294
247 197
247 245
247 249
247 295
248 198
248 202
248 246
248 250
248 296
249 201
249 205
249 247
249 253
249 297
250 202
250 248
250 251
250 298
251 202
251 203
251 250
251 254
252 204
252 205
252 253
252 267
253 205
253 249
253 252
253 299
254 206
254 251
254 255
254 301
255 207
255 254
255 256
255 302
256 208
256 255
256 257
256 303
257 209
257 256
257 258
257 304
258 210
258 257
258 259
258 305
259 211
259 258
259 260
259 306
260 212
260 259
260 261
260 307
261 213
261 260
261 262
261 308
262 214
262 261
262 263
262 309
263 215
263 262
263 264
263 310
264 216
264 263
264 265
264 311
265 217
265 264
265 266
265 312
266 218
266 265
266 267
266 313
267 219
267 252
267 266
267 314
268 269
268 284
268 316
268 317
268 332
269 220
269 268
269 270
269 317
270 221
270 269
270 271
270 318
271 222
271 270
271 272
271 319
272 223
272 271
272 273
272 320
273 224
273 272
273 274
273 321
274 225
274 273
274 275
274 322
275 226
275 274
275 276
275 323
276 227
276 275
276 277
276 324
277 228
277 276
277 278
277 325
278 229
278 277
278 279
278 326
279 230
279 278
279 280
279 327
280 231
280 279
280 281
280 328
281 232
281 280
281 282
281 329
282 233
282 281
282 283
282 330
283 282
283 285
283 330
283 331
283 333
284 234
284 268
284 286
284 332
285 237
285 283
285 287
285 333
286 238
286 284
286 288
286 334
287 239
287 285
287 289
287 335
288 240
288 286
288 290
288 336
289 241
289 287
289 291
289 337
290 242
290 288
290 292
290 338
291 243
291 289
291 293
291 339
292 244
292 290
292 294
292 340
293 245
293 291
293 295
293 341
294 246
294 292
294 296
294 342
295 247
295 293
295 297
295 343
296 248
296 294
296 298
296 344
297 249
297 295
297 299
297 345
298 250
298 296
298 300
298 346
299 253
299 297
299 315
299 347
300 298
300 301
300 346
300 348
300 349
301 254
301 300
301 302
301 348
301 349
302 255
302 301
302 303
302 350
303 256
303 302
303 304
303 351
304 257
304 303
304 305
304 352
305 258
305 304
305 306
305 353
306 259
306 305
306 307
306 354
307 260
307 306
307 308
307 355
308 261
308 307
308 309
308 356
309 262
309 308
309 310
309 357
310 263
310 309
310 311
310 358
311 264
311 310
311 312
311 359
312 265
312 311
312 313
312 360
313 266
313 312
313 314
313 361
314 267
314 313
314 315
314 362
315 299
315 314
315 347
315 363
316 268
316 317
316 332
316 364
317 268
317 269
317 316
317 318
317 365
318 270
318 317
318 319
318 366
319 271
319 318
319 320
319 367
320 272
320 319
320 321
320 368
321 273
321 320
321 322
321 369
322 274
322 321
322 323
322 370
323 275
323 322
323 324
323 371
324 276
324 323
324 325
324 372
325 277
325 324
325 326
325 373
326 278
326 325
326 327
326 374
327 279
327 326
327 328
327 375
328 280
328 327
328 329
328 376
329 281
329 328
329 330
329 377
330 282
330 283
330 329
330 331
330 378
331 283
331 330
331 333
331 379
332 268
332 284
332 316
332 334
332 380
333 283
333 285
333 331
333 335
333 381
334 286
334 332
334 336
334 382
335 287
335 333
335 337
335 383
336 288
336 334
336 338
336 384
337 289
337 335
337 339
337 385
338 290
338 336
338 340
338 386
339 291
339 337
339 341
339 387
340 292
340 338
340 342
340 388
341 293
341 339
341 343
341 389
342 294
342 340
342 344
342 390
343 295
343 341
343 345
343 391
344 296
344 342
344 346
344 392
345 297
345 343
345 347
345 393
346 298
346 300
346 344
346 348
346 394
347 299
347 315
347 345
347 363
347 395
348 300
348 301
348 346
348 349
348 396
349 300
349 301
349 348
349 350
349 397
350 302
350 349
350 351
350 398
351 303
351 350
351 352
351 399
352 304
352 351
352 353
352 400
353 305
353 352
353 354
353 401
354 306
354 353
354 355
354 402
355 307
355 354
355 356
355 403
356 308
356 355
356 357
356 404
357 309
357 356
357 358
357 405
358 310
358 357
358 359
358 406
359 311
359 358
359 360
359 407
360 312
360 359
360 361
360 408
361 313
361 360
361 362
361 409
362 314
362 361
362 363
362 410
363 315
363 347
363 362
363 395
363 411
364 316
364 365
364 380
364 412
365 317
365 364
365 366
365 413
366 318
366 365
366 367
366 414
367 319
367 366
367 368
367 415
368 320
368 367
368 369
368 416
369 321
369 368
369 370
369 417
370 322
370 369
370 371
370 418
371 323
371 370
371 372
371 419
372 324
372 371
372 373
372 420
373 325
373 372
373 374
373 421
374 326
374 373
374 375
374 422
375 327
375 374
375 376
375 423
376 328
376 375
376 377
376 424
377 329
377 376
377 378
377 425
378 330
378 377
378 379
378 426
379 331
379 378
379 381
379 427
380 332
380 364
380 382
380 428
381 333
381 379
381 383
381 429
382 334
382 380
382 384
382 430
383 335
383 381
383 385
383 431
384 336
384 382
384 386
384 432
385 337
385 383
385 387
385 433
386 338
386 384
386 388
386 434
387 339
387 385
387 389
387 435
388 340
388 386
388 390
388 436
389 341
389 387
389 391
389 437
390 342
390 388
390 392
390 438
391 343
391 389
391 393
391 439
392 344
392 390
392 394
392 440
393 345
393 391
393 395
393 441
394 346
394 392
394 396
394 442
395 347
395 363
395 393
395 411
395 443
396 348
396 394
396 397
396 444
397 349
397 396
397 398
397 445
398 350
398 397
398 399
398 446
399 351
399 398
399 400
399 447
400 352
400 399
400 401
400 448
401 353
401 400
401 402
401 449
402 354
402 401
402 403
402 450
403 355
403 402
403 404
403 451
404 356
404 403
404 405
404 452
405 357
405 404
405 406
405 453
406 358
406 405
406 407
406 454
407 359
407 406
407 408
407 455
408 360
408 407
408 409
408 456
409 361
409 408
409 410
409 457
410 362
410 409
410 411
410 458
411 363
411 395
411 410
411 459
412 364
412 413
412 428
412 460
413 365
413 412
413 414
413 461
414 366
414 413
414 415
414 462
415 367
415 414
415 416
415 463
416 368
416 415
416 417
416 464
417 369
417 416
417 418
417 465
418 370
418 417
418 419
418 466
419 371
419 418
419 420
419 467
420 372
420 419
420 421
420 468
421 373
421 420
421 422
421 469
421 757
422 374
422 421
422 423
422 470
423 375
423 422
423 424
423 471
424 376
424 423
424 425
424 472
425 377
425 424
425 426
425 473
426 378
426 425
426 427
426 474
426 475
427 379
427 426
427 429
427 475
428 380
428 412
428 430
428 460
428 476
429 381
429 427
429 431
429 475
429 477
430 382
430 428
430 432
430 478
431 383
431 429
431 433
431 479
432 384
432 430
432 434
432 480
433 385
433 431
433 435
433 481
434 386
434 432
434 436
434 482
435 387
435 433
435 437
435 483
436 388
436 434
436 438
436 484
437 389
437 435
437 439
437 485
438 390
438 436
438 440
438 486
439 391
439 437
439 441
439 487
440 392
440 438
440 442
440 488
441 393
441 439
441 443
441 489
442 394
442 440
442 444
442 490
442 492
443 395
443 441
443 459
443 491
444 396
444 442
444 445
444 492
445 397
445 444
445 446
445 492
445 493
446 398
446 445
446 447
446 494
447 399
447 446
447 448
447 495
448 400
448 447
448 449
448 496
449 401
449 448
449 450
449 497
450 402
450 449
450 451
450 498
451 403
451 450
451 452
451 499
452 404
452 451
452 453
452 500
453 405
453 452
453 454
453 501
454 406
454 453
454 455
454 502
455 407
455 454
455 456
455 503
456 408
456 455
456 457
456 504
457 409
457 456
457 458
457 505
458 410
458 457
458 459
458 506
458 507
459 411
459 443
459 458
459 507
460 412
460 428
460 461
460 476
461 413
461 460
461 462
461 508
462 414
462 461
462 463
462 509
463 415
463 462
463 464
463 510
464 416
464 463
464 465
464 511
465 417
465 464
465 466
465 512
466 418
466 465
466 467
466 513
467 419
467 466
467 468
467 514
468 420
468 467
468 469
468 515
468 753
469 421
469 468
469 470
469 516
469 757
470 422
470 469
470 471
470 517
471 423
471 470
471 472
471 518
472 424
472 471
472 473
472 519
473 425
473 472
473 474
473 520
474 426
474 473
474 475
474 521
475 426
475 427
475 429
475 474
475 477
476 428
476 460
476 478
476 522
477 429
477 475
477 479
477 525
478 430
478 476
478 480
478 526
479 431
479 477
479 481
479 527
480 432
480 478
480 482
480 528
481 433
481 479
481 483
481 529
482 434
482 480
482 484
482 530
483 435
483 481
483 485
483 531
484 436
484 482
484 486
484 532
485 437
485 483
485 487
485 533
486 438
486 484
486 488
486 534
487 439
487 485
487 489
487 535
488 440
488 486
488 490
488 536
489 441
489 487
489 491
489 537
490 442
490 488
490 492
490 538
491 443
491 489
491 507
491 541
492 442
492 444
492 445
492 490
492 493
493 445
493 492
493 494
493 542
494 446
494 493
494 495
494 543
495 447
495 494
495 496
495 544
496 448
496 495
496 497
496 545
497 449
497 496
497 498
497 546
498 450
498 497
498 499
498 547
499 451
499 498
499 500
499 548
500 452
500 499
500 501
500 549
501 453
501 500
501 502
501 550
502 454
502 501
502 503
502 551
503 455
503 502
503 504
503 552
504 456
504 503
504 505
504 553
505 457
505 504
505 506
505 554
506 458
506 505
506 507
506 555
507 458
507 459
507 491
507 506
508 461
508 509
508 523
508 556
509 462
509 508
509 510
509 557
510 463
510 509
510 511
510 558
511 464
511 510
511 512
511 559
512 465
512 511
512 513
512 560
513 466
513 512
513 514
513 561
514 467
514 513
514 515
514 562
515 468
515 514
515 516
515 563
516 469
516 515
516 517
516 564
517 470
517 516
517 518
517 565
518 471
518 517
518 519
518 566
519 472
519 518
519 520
519 567
520 473
520 519
520 521
520 568
521 474
521 520
521 524
521 569
522 476
522 523
522 526
522 570
523 508
523 522
523 570
523 571
524 521
524 525
524 572
524 573
525 477
525 524
525 527
525 573
526 478
526 522
526 528
526 570
526 574
527 479
527 525
527 529
527 573
527 577
528 480
528 526
528 530
528 578
529 481
529 527
529 531
529 581
530 482
530 528
530 532
530 582
531 483
531 529
531 533
531 585
532 484
532 530
532 534
532 586
533 485
533 531
533 535
533 589
534 486
534 532
534 536
534 590
535 487
535 533
535 537
535 593
536 488
536 534
536 538
536 594
536 598
537 489
537 535
537 541
537 597
537 601
538 490
538 536
538 539
538 598
539 538
539 542
539 598
539 599
540 541
540 555
540 600
540 601
541 491
541 537
541 540
541 601
542 493
542 539
542 543
542 602
543 494
543 542
543 544
543 603
544 495
544 543
544 545
544 604
545 496
545 544
545 546
545 605
546 497
546 545
546 547
546 606
547 498
547 546
547 548
547 607
548 499
548 547
548 549
548 608
549 500
549 548
549 550
549 609
550 501
550 549
550 551
550 610
551 502
551 550
551 552
551 611
552 503
552 551
552 553
552 612
553 504
553 552
553 554
553 613
554 505
554 553
554 555
554 614
555 506
555 540
555 554
555 615
556 508
556 557
556 571
556 616
557 509
557 556
557 558
557 617
558 510
558 557
558 559
558 618
559 511
559 558
559 560
559 619
560 512
560 559
560 561
560 620
561 513
561 560
561 562
561 621
562 514
562 561
562 563
562 622
563 515
563 562
563 564
563 623
564 516
564 563
564 565
564 624
565 517
565 564
565 566
565 625
566 518
566 565
566 567
566 626
567 519
567 566
567 568
567 627
568 520
568 567
568 569
568 628
569 521
569 568
569 572
569 629
570 522
570 523
570 526
570 571
570 574
570 575
571 523
571 556
571 570
571 575
571 630
572 524
572 569
572 573
572 633
573 524
573 525
573 527
573 572
573 576
573 577
574 526
574 570
574 575
574 578
575 570
575 571
575 574
575 634
576 573
576 577
576 580
576 581
576 635
577 527
577 573
577 576
577 581
578 528
578 574
578 579
578 582
579 578
579 582
579 583
579 636
580 576
580 581
580 584
580 637
581 529
581 576
581 577
581 580
581 584
581 585
582 530
582 578
582 579
582 583
582 586
582 587
583 579
583 582
583 586
583 587
583 638
584 580
584 581
584 585
584 639
585 531
585 581
585 584
585 589
586 532
586 582
586 583
586 587
586 590
587 582
587 583
587 586
587 591
587 640
588 589
588 592
588 593
588 641
589 533
589 585
589 588
589 592
589 593
590 534
590 586
590 591
590 594
591 587
591 590
591 595
591 642
592 588
592 589
592 593
592 596
592 643
593 535
593 588
593 589
593 592
593 596
593 597
594 536
594 590
594 595
594 598
595 591
595 594
595 598
595 644
596 592
596 593
596 597
596 645
597 537
597 593
597 596
597 601
598 536
598 538
598 539
598 594
598 595
598 599
599 539
599 598
599 602
599 646
600 540
600 601
600 615
600 649
601 537
601 540
601 541
601 597
601 600
602 542
602 599
602 603
602 650
603 543
603 602
603 604
603 651
604 544
604 603
604 605
604 652
605 545
605 604
605 606
605 653
606 546
606 605
606 607
606 654
607 547
607 606
607 608
607 655
608 548
608 607
608 609
608 656
609 549
609 608
609 610
609 657
610 550
610 609
610 611
610 658
611 551
611 610
611 612
611 659
612 552
612 611
612 613
612 660
613 553
613 612
613 614
613 661
614 554
614 613
614 615
614 662
614 663
615 555
615 600
615 614
615 663
616 556
616 617
616 630
616 631
617 557
617 616
617 618
617 631
617 664
618 558
618 617
618 619
618 665
619 559
619 618
619 620
619 666
620 560
620 619
620 621
620 667
621 561
621 620
621 622
621 668
622 562
622 621
622 623
622 669
623 563
623 622
623 624
623 670
624 564
624 623
624 625
624 671
625 565
625 624
625 626
625 672
626 566
626 625
626 627
626 673
627 567
627 626
627 628
627 674
628 568
628 627
628 629
628 632
628 675
629 569
629 628
629 632
629 633
630 571
630 616
630 631
630 634
630 676
631 616
631 617
631 630
631 664
631 676
631 677
632 628
632 629
632 633
632 675
632 678
632 679
633 572
633 629
633 632
633 635
633 679
634 575
634 630
634 636
634 680
635 576
635 633
635 637
635 683
636 579
636 634
636 638
636 684
637 580
637 635
637 639
637 687
638 583
638 636
638 640
638 688
639 584
639 637
639 641
639 691
640 587
640 638
640 642
640 692
641 588
641 639
641 643
641 695
642 591
642 640
642 644
642 696
643 592
643 641
643 645
643 699
644 595
644 642
644 646
644 700
645 596
645 643
645 703
645 707
646 599
646 644
646 647
646 650
646 704
647 646
647 650
647 651
647 704
647 705
647 708
648 649
648 662
648 663
648 706
648 707
648 719
649 600
649 648
649 663
649 707
650 602
650 646
650 647
650 651
651 603
651 647
651 650
651 652
651 708
652 604
652 651
652 653
652 709
653 605
653 652
653 654
653 710
654 606
654 653
654 655
654 711
655 607
655 654
655 656
655 712
656 608
656 655
656 657
656 713
657 609
657 656
657 658
657 714
658 610
658 657
658 659
658 715
659 611
659 658
659 660
659 716
660 612
660 659
660 661
660 717
661 613
661 660
661 662
661 718
662 614
662 648
662 661
662 663
662 719
663 614
663 615
663 648
663 649
663 662
664 617
664 631
664 665
664 677
664 720
665 618
665 664
665 666
665 721
666 619
666 665
666 667
666 722
667 620
667 666
667 668
667 723
668 621
668 667
668 669
668 724
669 622
669 668
669 670
669 725
669 726
670 623
670 669
670 671
670 726
671 624
671 670
671 672
671 727
672 625
672 671
672 673
672 728
673 626
673 672
673 674
673 729
674 627
674 673
674 675
674 730
675 628
675 632
675 674
675 678
675 731
676 630
676 631
676 677
676 680
677 631
677 664
677 676
677 681
677 732
678 632
678 675
678 679
678 735
679 632
679 633
679 678
679 682
679 683
680 634
680 676
680 681
680 684
681 677
681 680
681 736
681 737
682 679
682 683
682 686
682 739
683 635
683 679
683 682
683 687
684 636
684 680
684 685
684 688
685 684
685 689
685 737
685 740
686 682
686 687
686 690
686 738
686 739
686 742
687 637
687 683
687 686
687 691
687 738
688 638
688 684
688 689
688 692
689 685
689 688
689 693
689 743
690 686
690 691
690 694
690 738
690 745
690 746
691 639
691 687
691 690
691 695
692 640
692 688
692 693
692 696
693 689
693 692
693 747
693 748
694 690
694 695
694 745
694 750
694 754
695 641
695 691
695 694
695 699
696 642
696 692
696 697
696 700
697 696
697 701
697 748
697 751
698 699
698 702
698 703
698 754
699 643
699 695
699 698
699 702
699 703
700 644
700 696
700 701
700 704
701 697
701 700
701 705
701 755
701 756
702 698
702 699
702 703
702 758
703 645
703 698
703 699
703 702
703 707
704 646
704 647
704 700
704 705
705 647
705 701
705 704
705 708
705 759
706 648
706 719
706 762
706 774
707 645
707 648
707 649
707 703
708 647
708 651
708 705
708 709
708 763
709 652
709 708
709 710
709 763
709 764
710 653
710 709
710 711
710 765
711 654
711 710
711 712
711 766
712 655
712 711
712 713
712 767
713 656
713 712
713 714
713 768
714 657
714 713
714 715
714 769
715 658
715 714
715 716
715 770
716 659
716 715
716 717
716 771
717 660
717 716
717 718
717 772
718 661
718 717
718 719
718 773
719 648
719 662
719 706
719 718
719 774
720 664
720 721
720 732
720 733
721 665
721 720
721 722
721 733
722 666
722 721
722 723
722 775
723 667
723 722
723 724
723 775
723 776
724 668
724 723
724 725
724 776
725 669
725 724
725 726
725 777
725 778
726 669
726 670
726 725
726 727
726 778
726 790
727 671
727 726
727 728
727 779
728 672
728 727
728 729
728 779
728 780
729 673
729 728
729 730
729 780
730 674
730 729
730 731
730 734
731 675
731 730
731 734
731 735
732 677
732 720
732 733
732 736
733 720
733 721
733 732
733 736
733 783
734 730
734 731
734 735
734 784
735 678
735 731
735 734
735 739
736 681
736 732
736 733
736 737
736 740
737 681
737 685
737 736
737 740
738 686
738 687
738 690
738 742
739 682
739 686
739 735
739 742
739 786
740 685
740 736
740 737
740 743
740 785
741 748
741 749
741 752
741 753
742 686
742 738
742 739
742 746
742 786
743 689
743 740
743 744
743 747
743 787
744 743
744 785
744 787
744 789
744 817
745 690
745 694
745 746
745 750
746 690
746 742
746 745
746 750
746 788
746 818
747 693
747 743
747 748
747 751
747 789
748 693
748 697
748 741
748 747
748 751
748 752
749 741
749 753
749 757
749 790
750 694
750 745
750 746
750 754
750 788
751 697
751 747
751 748
751 752
751 755
751 756
751 791
752 741
752 748
752 751
752 791
752 793
753 468
753 741
753 749
753 757
754 694
754 698
754 750
754 758
754 822
755 701
755 751
755 756
755 759
756 701
756 751
756 755
756 759
756 793
757 421
757 469
757 749
757 753
758 702
758 754
758 761
758 762
759 705
759 755
759 756
759 760
759 763
760 759
760 763
760 764
760 793
761 758
761 762
761 773
761 774
761 794
762 706
762 758
762 761
762 774
763 708
763 709
763 759
763 760
763 764
764 709
764 760
764 763
764 765
765 710
765 764
765 766
765 797
766 711
766 765
766 767
766 797
766 798
767 712
767 766
767 768
767 798
768 713
768 767
768 769
768 799
768 800
769 714
769 768
769 770
769 799
769 800
770 715
770 769
770 771
770 801
771 716
771 770
771 772
771 802
772 717
772 771
772 773
772 802
773 718
773 761
773 772
773 774
774 706
774 719
774 761
774 762
774 773
775 722
775 723
775 781
775 803
776 723
776 724
776 777
776 804
777 725
777 776
777 778
777 805
778 725
778 726
778 777
778 790
778 806
779 727
779 728
779 780
779 790
779 807
780 728
780 729
780 779
780 782
780 808
780 810
781 775
781 783
781 809
781 813
782 780
782 784
782 810
782 811
783 733
783 781
783 812
783 813
784 734
784 782
784 786
784 814
785 740
785 744
785 787
785 815
786 739
786 742
786 784
786 816
787 743
787 744
787 785
787 789
787 815
787 817
788 746
788 750
788 818
788 820
789 744
789 747
789 787
789 817
789 819
790 726
790 749
790 778
790 779
790 807
791 751
791 752
791 793
791 819
791 821
792 794
792 822
792 824
792 825
793 752
793 756
793 760
793 791
793 795
793 823
794 761
794 792
794 796
794 824
794 825
795 793
795 797
795 826
795 827
796 794
796 802
796 824
796 828
797 765
797 766
797 795
797 827
797 829
798 766
798 767
798 799
798 830
799 768
799 769
799 798
799 800
799 830
799 831
800 768
800 769
800 799
800 831
800 832
801 770
801 802
801 832
801 833
802 771
802 772
802 796
802 801
802 834
803 775
803 804
803 809
803 835
804 776
804 803
804 805
804 836
805 777
805 804
805 806
805 837
806 778
806 805
806 807
806 838
807 779
807 790
807 806
807 808
807 839
808 780
808 807
808 810
808 840
808 843
809 781
809 803
809 813
809 841
810 780
810 782
810 808
810 811
810 843
811 782
811 810
811 814
811 844
812 783
812 813
812 845
812 846
813 781
813 783
813 809
813 812
813 846
814 784
814 811
814 816
814 848
815 785
815 787
815 817
815 849
816 786
816 814
816 818
816 850
817 744
817 787
817 789
817 815
817 819
817 851
818 746
818 788
818 816
818 820
818 852
819 789
819 791
819 817
819 821
819 853
820 788
820 818
820 822
820 854
821 791
821 819
821 823
821 855
822 754
822 792
822 820
822 825
822 856
823 793
823 821
823 826
823 857
824 792
824 794
824 796
824 825
824 828
824 859
825 792
825 794
825 822
825 824
825 859
825 860
826 795
826 823
826 827
826 861
827 795
827 797
827 826
827 829
827 862
828 796
828 824
828 834
828 864
829 797
829 827
829 862
829 865
830 798
830 799
830 831
830 866
831 799
831 800
831 830
831 832
831 867
832 800
832 801
832 831
832 833
832 868
833 801
833 832
833 834
833 869
834 802
834 828
834 833
834 870
835 803
835 836
835 842
835 871
835 878
836 804
836 835
836 837
836 872
837 805
837 836
837 838
837 873
838 806
838 837
838 839
838 874
839 807
839 838
839 840
839 875
840 808
840 839
840 843
840 876
840 879
841 809
841 842
841 846
841 877
842 835
842 841
842 871
842 877
842 878
843 808
843 810
843 840
843 844
843 879
844 811
844 843
844 847
844 880
845 812
845 846
845 849
845 881
845 882
846 812
846 813
846 841
846 845
846 882
847 844
847 848
847 880
847 883
847 884
848 814
848 847
848 850
848 884
849 815
849 845
849 851
849 885
850 816
850 848
850 852
850 886
851 817
851 849
851 853
851 887
852 818
852 850
852 854
852 888
853 819
853 851
853 855
853 889
854 820
854 852
854 856
854 890
855 821
855 853
855 857
855 891
856 822
856 854
856 860
856 892
857 823
857 855
857 858
857 893
857 894
858 857
858 861
858 893
858 894
858 897
859 824
859 825
859 860
859 864
859 895
860 825
860 856
860 859
860 895
860 896
861 826
861 858
861 862
861 897
862 827
862 829
862 861
862 865
862 898
863 864
863 870
863 899
863 900
863 906
864 828
864 859
864 863
864 900
865 829
865 862
865 866
865 898
865 901
866 830
866 865
866 867
866 902
867 831
867 866
867 868
867 903
868 832
868 867
868 869
868 904
869 833
869 868
869 870
869 905
870 834
870 863
870 869
870 899
870 906
871 835
871 842
871 872
871 878
871 907
872 836
872 871
872 873
872 908
873 837
873 872
873 874
873 909
874 838
874 873
874 875
874 910
875 839
875 874
875 876
875 911
876 840
876 875
876 879
876 912
877 841
877 842
877 878
877 882
877 913
878 835
878 842
878 871
878 877
879 840
879 843
879 876
879 880
879 912
880 844
880 847
880 879
880 883
880 920
881 845
881 882
881 885
881 921
882 845
882 846
882 877
882 881
883 847
883 880
883 884
883 920
883 930
884 847
884 848
884 883
884 886
884 930
885 849
885 881
885 887
885 931
886 850
886 884
886 888
886 940
887 851
887 885
887 889
887 941
888 852
888 886
888 890
888 950
889 853
889 887
889 891
889 951
890 854
890 888
890 892
890 960
891 855
891 889
891 893
891 961
892 856
892 890
892 896
892 970
893 857
893 858
893 891
893 894
893 971
894 857
894 858
894 893
894 897
895 859
895 860
895 896
895 900
896 860
896 892
896 895
896 980
897 858
897 861
897 894
897 898
897 981
898 862
898 865
898 897
898 901
899 863
899 870
899 900
899 906
900 863
900 864
900 895
900 899
900 988
901 865
901 898
901 902
901 989
902 866
902 901
902 903
902 990
903 867
903 902
903 904
903 991
904 868
904 903
904 905
904 992
905 869
905 904
905 906
905 993
906 863
906 870
906 899
906 905
906 994
907 871
907 908
907 913
907 914
907 915
908 872
908 907
908 909
908 915
909 873
909 908
909 910
909 916
910 874
910 909
910 911
910 917
911 875
911 910
911 912
911 918
912 876
912 879
912 911
912 919
913 877
913 907
913 914
913 922
914 907
914 913
914 915
914 923
915 907
915 908
915 914
915 916
916 909
916 915
916 917
916 925
917 910
917 916
917 918
917 926
918 911
918 917
918 919
918 927
919 912
919 918
919 920
919 928
920 880
920 883
920 919
920 929
921 881
921 922
921 931
921 932
922 913
922 921
922 923
922 932
923 914
923 922
923 924
923 932
923 933
924 923
924 925
924 933
924 934
925 916
925 924
925 926
925 935
926 917
926 925
926 927
926 936
927 918
927 926
927 928
927 937
928 919
928 927
928 929
928 938
929 920
929 928
929 930
929 939
930 883
930 884
930 929
930 940
931 885
931 921
931 932
931 941
932 921
932 922
932 923
932 931
932 933
932 942
933 923
933 924
933 932
933 934
933 943
934 924
934 933
934 935
934 944
935 925
935 934
935 936
935 945
936 926
936 935
936 937
936 946
937 927
937 936
937 938
937 946
937 947
938 928
938 937
938 939
938 947
938 948
939 929
939 938
939 940
939 949
940 886
940 930
940 939
940 950
941 887
941 931
941 942
941 951
942 932
942 941
942 943
942 952
943 933
943 942
943 944
943 953
944 934
944 943
944 945
944 954
945 935
945 944
945 946
945 955
946 936
946 937
946 945
946 947
946 956
947 937
947 938
947 946
947 948
947 957
948 938
948 947
948 949
948 958
949 939
949 948
949 950
949 959
950 888
950 940
950 949
950 960
951 889
951 941
951 952
951 961
952 942
952 951
952 953
952 962
953 943
953 952
953 954
953 963
954 944
954 953
954 955
954 964
955 945
955 954
955 956
955 965
956 946
956 955
956 957
956 966
957 947
957 956
957 958
957 967
958 948
958 957
958 959
958 968
959 949
959 958
959 960
959 969
960 890
960 950
960 959
960 970
961 891
961 951
961 962
961 971
962 952
962 961
962 963
962 971
962 972
963 953
963 962
963 964
963 973
964 954
964 963
964 965
964 974
965 955
965 964
965 966
965 975
966 956
966 965
966 967
966 976
967 957
967 966
967 968
967 977
968 958
968 967
968 969
968 978
969 959
969 968
969 970
969 979
969 980
970 892
970 960
970 969
970 980
971 893
971 961
971 962
971 972
971 981
972 962
972 971
972 973
972 981
973 963
973 972
973 974
973 982
974 964
974 973
974 975
974 983
975 965
975 974
975 976
975 984
976 966
976 975
976 977
976 985
977 967
977 976
977 978
977 986
978 968
978 977
978 979
978 987
979 969
979 978
979 980
979 988
980 896
980 969
980 970
980 979
981 897
981 971
981 972
981 982
982 973
982 981
982 983
982 989
983 974
983 982
983 984
983 989
983 990
984 975
984 983
984 985
984 991
985 976
985 984
985 986
985 992
986 977
986 985
986 987
986 993
986 994
987 978
987 986
987 988
987 994
988 900
988 979
988 987
988 994
989 901
989 982
989 983
989 990
990 902
990 983
990 989
990 991
991 903
991 984
991 990
991 992
992 904
992 985
992 991
992 993
993 905
993 986
993 992
993 994
994 906
994 986
994 987
994 988
994 993
