0 1
0 7
0 93
0 102
1 0
1 2
1 8
1 94
2 1
2 3
2 9
2 95
3 2
3 4
3 10
3 96
4 3
4 5
4 11
4 97
5 4
5 11
5 12
5 98
5 103
6 7
6 15
6 101
6 107
7 0
7 6
7 8
7 16
7 102
8 1
8 7
8 9
8 17
9 2
9 8
9 10
9 18
10 3
10 9
10 11
10 19
11 4
11 5
11 10
11 12
11 20
12 5
12 11
12 13
12 21
12 103
13 12
13 22
13 104
13 108
14 15
14 24
14 25
14 106
14 107
15 6
15 14
15 16
15 25
15 107
16 7
16 15
16 17
16 26
17 8
17 16
17 18
17 27
18 9
18 17
18 19
18 28
19 10
19 18
19 20
19 29
20 11
20 19
20 21
20 30
21 12
21 20
21 22
21 31
22 13
22 21
22 23
22 32
22 108
23 22
23 32
23 33
23 108
23 109
24 14
24 25
24 34
24 111
25 14
25 15
25 24
25 26
25 35
26 16
26 25
26 27
26 36
27 17
27 26
27 28
27 37
28 18
28 27
28 29
28 38
29 19
29 28
29 30
29 39
30 20
30 29
30 31
30 40
31 21
31 30
31 32
31 41
32 22
32 23
32 31
32 33
32 42
33 23
33 32
33 43
33 112
34 24
34 35
34 44
34 115
35 25
35 34
35 36
35 45
36 26
36 35
36 37
36 46
37 27
37 36
37 38
37 47
38 28
38 37
38 39
38 48
39 29
39 38
39 40
39 49
40 30
40 39
40 41
40 50
41 31
41 40
41 42
41 51
42 32
42 41
42 43
42 52
43 33
43 42
43 53
43 116
44 34
44 45
44 54
44 119
45 35
45 44
45 46
45 55
46 36
46 45
46 47
46 56
47 37
47 46
47 48
47 57
48 38
48 47
48 49
48 58
49 39
49 48
49 50
49 59
50 40
50 49
50 51
50 60
51 41
51 50
51 52
51 61
52 42
52 51
52 53
52 62
53 43
53 52
53 63
53 120
54 44
54 55
54 64
54 123
55 45
55 54
55 56
55 64
55 65
56 46
56 55
56 57
56 66
57 47
57 56
57 58
57 67
58 48
58 57
58 59
58 68
59 49
59 58
59 60
59 69
60 50
60 59
60 61
60 70
61 51
61 60
61 62
61 71
62 52
62 61
62 63
62 72
62 73
63 53
63 62
63 73
63 124
64 54
64 55
64 65
64 126
64 127
65 55
65 64
65 66
65 74
65 127
66 56
66 65
66 67
66 75
67 57
67 66
67 68
67 76
68 58
68 67
68 69
68 77
69 59
69 68
69 70
69 78
70 60
70 69
70 71
70 79
71 61
71 70
71 72
71 80
72 62
72 71
72 73
72 81
72 128
73 62
73 63
73 72
73 128
73 129
74 65
74 75
74 127
74 131
75 66
75 74
75 76
75 82
75 132
76 67
76 75
76 77
76 82
76 83
77 68
77 76
77 78
77 84
78 69
78 77
78 79
78 85
79 70
79 78
79 80
79 86
79 87
80 71
80 79
80 81
80 87
80 133
81 72
81 80
81 128
81 134
82 75
82 76
82 83
82 132
82 137
83 76
83 82
83 84
83 138
84 77
84 83
84 85
84 139
85 78
85 84
85 86
85 140
86 79
86 85
86 87
86 141
87 79
87 80
87 86
87 133
87 142
88 89
88 94
88 95
88 148
88 154
88 155
89 88
89 95
89 149
89 155
90 91
90 96
90 150
90 156
91 90
91 96
91 97
91 151
91 156
91 157
92 93
92 101
92 102
92 152
92 161
93 0
93 92
93 94
93 102
93 153
94 1
94 88
94 93
94 95
95 2
95 88
95 89
95 94
96 3
96 90
96 91
96 97
97 4
97 91
97 96
97 98
98 5
98 97
98 99
98 103
98 158
99 98
99 103
99 104
99 159
99 162
100 101
100 106
100 107
100 160
100 164
101 6
101 92
101 100
101 102
101 107
101 161
102 0
102 7
102 92
102 93
102 101
103 5
103 12
103 98
103 99
104 13
104 99
104 105
104 108
104 163
105 104
105 108
105 109
105 163
105 165
106 14
106 100
106 107
106 164
107 6
107 14
107 15
107 100
107 101
107 106
108 13
108 22
108 23
108 104
108 105
108 109
109 23
109 105
109 108
109 112
109 165
110 111
110 114
110 115
110 166
110 167
110 171
111 24
111 110
111 115
111 167
112 33
112 109
112 113
112 168
113 112
113 116
113 117
113 168
113 169
113 172
114 110
114 115
114 118
114 170
114 171
115 34
115 110
115 111
115 114
115 171
116 43
116 113
116 117
116 121
117 113
117 116
117 121
117 172
117 173
118 114
118 119
118 174
118 175
119 44
119 118
119 122
119 175
120 53
120 121
120 124
120 125
120 176
121 116
121 117
121 120
121 176
121 177
122 119
122 123
122 175
122 178
122 179
123 54
123 122
123 178
123 179
124 63
124 120
124 125
124 180
125 120
125 124
125 176
125 180
125 181
126 64
126 127
126 130
126 182
127 64
127 65
127 74
127 126
127 130
127 131
128 72
128 73
128 81
128 129
128 134
128 135
129 73
129 128
129 135
129 183
130 126
130 127
130 131
130 182
130 184
131 74
131 127
131 130
131 136
131 184
132 75
132 82
132 136
132 137
133 80
133 87
133 134
133 142
133 143
134 81
134 128
134 133
134 135
134 143
135 128
135 129
135 134
135 183
135 187
136 131
136 132
136 137
136 185
136 188
137 82
137 132
137 136
137 138
137 189
138 83
138 137
138 139
138 144
139 84
139 138
139 144
139 145
140 85
140 141
140 146
140 147
141 86
141 140
141 142
141 147
142 87
142 133
142 141
142 143
142 194
143 133
143 134
143 142
143 186
143 195
144 138
144 139
144 145
144 190
144 191
144 196
145 139
145 144
145 191
145 197
146 140
146 147
146 192
146 198
147 140
147 141
147 146
147 192
147 193
147 199
148 88
148 149
148 154
148 155
148 200
148 206
149 89
149 148
149 150
149 155
149 201
149 207
150 90
150 149
150 151
150 156
150 202
150 208
151 91
151 150
151 156
151 157
151 203
151 209
152 92
152 153
152 161
152 204
153 93
153 152
153 154
153 205
154 88
154 148
154 153
154 155
154 206
155 88
155 89
155 148
155 149
155 154
156 90
156 91
156 150
156 151
156 157
157 91
157 151
157 156
157 158
157 209
158 98
158 157
158 159
158 210
159 99
159 158
159 162
159 211
160 100
160 161
160 164
160 212
161 92
161 101
161 152
161 160
161 213
162 99
162 159
162 163
162 214
163 104
163 105
163 162
163 165
164 100
164 106
164 160
164 167
164 216
165 105
165 109
165 163
165 168
165 217
166 110
166 167
166 170
166 171
166 219
167 110
167 111
167 164
167 166
167 171
168 112
168 113
168 165
168 169
168 172
169 113
169 168
169 172
169 173
170 114
170 166
170 171
170 174
171 110
171 114
171 115
171 166
171 167
171 170
172 113
172 117
172 168
172 169
172 173
173 117
173 169
173 172
173 177
174 118
174 170
174 175
174 178
175 118
175 119
175 122
175 174
175 178
175 179
176 120
176 121
176 125
176 177
176 180
176 181
177 121
177 173
177 176
177 181
178 122
178 123
178 174
178 175
178 179
179 122
179 123
179 175
179 178
179 182
180 124
180 125
180 176
180 181
180 183
181 125
181 176
181 177
181 180
182 126
182 130
182 179
182 184
182 234
183 129
183 135
183 180
183 187
183 235
184 130
184 131
184 182
184 185
185 136
185 184
185 188
185 237
186 143
186 187
186 195
186 238
187 135
187 183
187 186
187 239
188 136
188 185
188 189
188 240
189 137
189 188
189 190
189 241
190 144
190 189
190 191
190 196
190 242
191 144
191 145
191 190
191 196
191 197
192 146
192 147
192 193
192 198
192 199
193 147
193 192
193 194
193 199
193 245
194 142
194 193
194 195
194 246
195 143
195 186
195 194
195 247
196 144
196 190
196 191
196 197
196 242
196 248
197 145
197 191
197 196
197 198
197 243
197 249
198 146
198 192
198 197
198 199
198 244
198 250
199 147
199 192
199 193
199 198
199 245
199 251
200 148
200 201
200 206
200 207
200 252
201 149
201 200
201 202
201 207
202 150
202 201
202 203
202 208
202 254
203 151
203 202
203 208
203 209
204 152
204 205
204 213
204 256
205 153
205 204
205 206
205 257
206 148
206 154
206 200
206 205
206 207
206 258
207 149
207 200
207 201
207 206
207 259
208 150
208 202
208 203
208 209
209 151
209 157
209 203
209 208
209 210
209 261
210 158
210 209
210 211
210 262
211 159
211 210
211 214
211 263
212 160
212 213
212 216
212 264
213 161
213 204
213 212
213 265
214 162
214 211
214 215
214 266
215 214
215 217
215 267
215 269
216 164
216 212
216 219
216 268
217 165
217 215
217 220
217 269
218 219
218 222
218 223
218 270
219 166
219 216
219 218
219 223
219 271
220 217
220 221
220 224
220 272
221 220
221 224
221 225
221 273
222 218
222 223
222 226
222 274
223 218
223 219
223 222
223 275
224 220
224 221
224 225
224 229
224 276
225 221
225 224
225 229
225 276
225 277
226 222
226 227
226 230
226 278
227 226
227 230
227 231
227 279
228 229
228 232
228 233
228 280
229 224
229 225
229 228
229 281
230 226
230 227
230 231
230 282
231 227
231 230
231 234
231 283
232 228
232 233
232 235
232 284
232 285
233 228
233 232
233 284
233 285
234 182
234 231
234 236
234 286
235 183
235 232
235 239
235 287
236 234
236 237
236 286
236 288
237 185
237 236
237 240
237 289
238 186
238 239
238 247
238 290
239 187
239 235
239 238
239 291
240 188
240 237
240 241
240 292
241 189
241 240
241 242
241 293
242 190
242 196
242 241
242 243
242 248
242 294
243 197
243 242
243 248
243 249
244 198
244 245
244 250
244 251
244 296
245 193
245 199
245 244
245 246
245 251
245 297
246 194
246 245
246 247
246 298
247 195
247 238
247 246
247 299
248 196
248 242
248 243
248 249
249 197
249 243
249 248
249 250
249 301
250 198
250 244
250 249
250 251
251 199
251 244
251 245
251 250
251 303
252 200
252 253
252 258
252 259
253 252
253 254
253 259
253 305
254 202
254 253
254 255
254 260
255 254
255 260
255 261
255 307
256 204
256 257
256 265
256 308
257 205
257 256
257 258
257 309
258 206
258 252
258 257
258 259
258 310
259 207
259 252
259 253
259 258
260 254
260 255
260 261
260 312
261 209
261 255
261 260
261 262
261 313
262 210
262 261
262 263
262 314
263 211
263 262
263 266
263 315
264 212
264 265
264 268
264 316
265 213
265 256
265 264
265 317
266 214
266 263
266 267
266 318
267 215
267 266
267 269
267 319
268 216
268 264
268 271
268 320
269 215
269 217
269 267
269 272
269 321
270 218
270 271
270 274
270 275
271 219
271 268
271 270
271 275
271 323
272 220
272 269
272 273
272 276
272 324
273 221
273 272
273 276
273 277
273 325
274 222
274 270
274 275
274 278
275 223
275 270
275 271
275 274
276 224
276 225
276 272
276 273
276 277
277 225
277 273
277 276
277 281
277 328
278 226
278 274
278 279
278 282
279 227
279 278
279 282
279 283
279 331
280 228
280 281
280 284
280 285
281 229
281 277
281 280
281 285
282 230
282 278
282 279
282 283
282 334
283 231
283 279
283 282
283 286
283 335
284 232
284 233
284 280
284 285
284 287
284 336
285 232
285 233
285 280
285 281
285 284
286 234
286 236
286 283
286 288
286 338
287 235
287 284
287 291
287 339
288 236
288 286
288 289
288 340
289 237
289 288
289 292
289 341
290 238
290 291
290 299
290 342
291 239
291 287
291 290
291 343
292 240
292 289
292 293
292 344
293 241
293 292
293 294
293 345
294 242
294 293
294 295
294 300
294 346
295 294
295 300
295 301
295 347
296 244
296 297
296 302
296 303
297 245
297 296
297 298
297 303
297 349
298 246
298 297
298 299
298 350
299 247
299 290
299 298
299 351
300 294
300 295
300 301
300 352
301 249
301 295
301 300
301 302
302 296
302 301
302 303
302 354
303 251
303 296
303 297
303 302
304 305
304 310
304 311
304 356
305 253
305 304
305 306
305 311
305 357
306 305
306 307
306 312
306 358
307 255
307 306
307 312
307 313
308 256
308 309
308 317
308 360
309 257
309 308
309 310
309 361
310 258
310 304
310 309
310 311
310 362
311 304
311 305
311 310
311 363
312 260
312 306
312 307
312 313
313 261
313 307
313 312
313 314
313 365
314 262
314 313
314 315
314 366
315 263
315 314
315 318
315 367
316 264
316 317
316 320
316 368
317 265
317 308
317 316
317 369
318 266
318 315
318 319
318 370
319 267
319 318
319 321
319 371
320 268
320 316
320 323
320 372
321 269
321 319
321 324
321 373
322 323
322 326
322 327
322 374
323 271
323 320
323 322
323 327
323 375
324 272
324 321
324 325
324 328
324 376
325 273
325 324
325 328
325 329
326 322
326 327
326 330
326 378
327 322
327 323
327 326
327 379
328 277
328 324
328 325
328 329
329 325
329 328
329 333
329 380
329 381
330 326
330 331
330 334
330 382
331 279
331 330
331 334
331 335
331 383
332 333
332 336
332 337
332 384
333 329
333 332
333 337
333 385
334 282
334 330
334 331
334 335
335 283
335 331
335 334
335 338
335 387
336 284
336 332
336 337
336 339
336 388
337 332
337 333
337 336
337 389
338 286
338 335
338 340
338 390
339 287
339 336
339 343
339 391
340 288
340 338
340 341
340 392
341 289
341 340
341 344
341 393
342 290
342 343
342 351
342 394
343 291
343 339
343 342
343 395
344 292
344 341
344 345
344 396
345 293
345 344
345 346
345 397
346 294
346 345
346 347
346 352
346 398
347 295
347 346
347 352
347 353
348 349
348 354
348 355
348 400
349 297
349 348
349 350
349 355
349 401
350 298
350 349
350 351
350 402
351 299
351 342
351 350
351 403
352 300
352 346
352 347
352 353
353 347
353 352
353 354
353 405
354 302
354 348
354 353
354 355
354 406
355 348
355 349
355 354
355 407
356 304
356 357
356 362
356 363
356 408
357 305
357 356
357 358
357 363
358 306
358 357
358 359
358 364
359 358
359 364
359 365
359 411
360 308
360 361
360 369
360 412
361 309
361 360
361 362
361 413
362 310
362 356
362 361
362 363
362 414
363 311
363 356
363 357
363 362
364 358
364 359
364 365
364 416
365 313
365 359
365 364
365 366
365 417
366 314
366 365
366 367
366 418
367 315
367 366
367 370
367 419
368 316
368 369
368 372
368 420
369 317
369 360
369 368
369 421
370 318
370 367
370 371
370 422
371 319
371 370
371 373
371 423
372 320
372 368
372 375
372 424
373 321
373 371
373 376
373 425
374 322
374 375
374 378
374 379
375 323
375 372
375 374
375 379
375 427
376 324
376 373
376 377
376 380
376 428
377 376
377 380
377 381
377 429
378 326
378 374
378 379
378 382
379 327
379 374
379 375
379 378
380 329
380 376
380 377
380 381
381 329
381 377
381 380
381 385
382 330
382 378
382 383
382 386
383 331
383 382
383 386
383 387
384 332
384 385
384 388
384 389
385 333
385 381
385 384
385 389
386 382
386 383
386 387
386 438
387 335
387 383
387 386
387 390
387 439
388 336
388 384
388 389
388 391
388 440
389 337
389 384
389 385
389 388
389 441
390 338
390 387
390 392
390 442
391 339
391 388
391 395
391 443
392 340
392 390
392 393
392 444
393 341
393 392
393 396
393 445
394 342
394 395
394 403
394 446
395 343
395 391
395 394
395 447
396 344
396 393
396 397
396 448
397 345
397 396
397 398
397 449
398 346
398 397
398 399
398 404
399 398
399 404
399 405
399 451
400 348
400 401
400 406
400 407
401 349
401 400
401 402
401 407
401 453
402 350
402 401
402 403
402 454
403 351
403 394
403 402
403 455
404 398
404 399
404 405
404 456
405 353
405 399
405 404
405 406
406 354
406 400
406 405
406 407
407 355
407 400
407 401
407 406
408 356
408 409
408 414
408 415
409 408
409 410
409 415
409 467
410 409
410 411
410 416
410 462
411 359
411 410
411 416
411 417
411 463
412 360
412 413
412 421
412 464
413 361
413 412
413 414
413 465
414 362
414 408
414 413
414 415
414 466
415 408
415 409
415 414
415 467
416 364
416 410
416 411
416 417
416 468
417 365
417 411
417 416
417 418
417 469
418 366
418 417
418 419
418 470
419 367
419 418
419 422
419 471
420 368
420 421
420 424
420 472
421 369
421 412
421 420
421 473
422 370
422 419
422 423
422 474
423 371
423 422
423 425
423 475
424 372
424 420
424 427
424 476
425 373
425 423
425 428
425 477
426 427
426 430
426 431
426 478
427 375
427 424
427 426
427 431
428 376
428 425
428 429
428 432
428 480
429 377
429 428
429 432
429 433
430 426
430 431
430 434
430 482
431 426
431 427
431 430
431 483
432 428
432 429
432 433
432 484
433 429
433 432
433 437
433 485
434 430
434 435
434 438
434 486
435 434
435 438
435 439
435 487
436 437
436 440
436 441
436 488
437 433
437 436
437 441
437 489
438 386
438 434
438 435
438 439
439 387
439 435
439 438
439 442
439 491
440 388
440 436
440 441
440 443
441 389
441 436
441 437
441 440
441 493
442 390
442 439
442 444
442 494
443 391
443 440
443 447
443 495
444 392
444 442
444 445
444 496
445 393
445 444
445 448
445 497
446 394
446 447
446 455
446 498
447 395
447 443
447 446
447 499
448 396
448 445
448 449
448 500
449 397
449 448
449 450
449 501
450 449
450 451
450 456
450 502
451 399
451 450
451 456
451 457
451 503
452 453
452 458
452 459
452 504
453 401
453 452
453 454
453 459
453 505
454 402
454 453
454 455
454 506
455 403
455 446
455 454
455 507
456 404
456 450
456 451
456 457
457 451
457 456
457 458
457 509
458 452
458 457
458 459
458 504
459 452
459 453
459 458
459 511
460 461
460 466
460 467
460 512
461 460
461 462
461 467
461 519
462 410
462 461
462 463
462 468
463 411
463 462
463 468
463 469
463 515
464 412
464 465
464 473
464 516
465 413
465 464
465 466
465 517
466 414
466 460
466 465
466 467
466 518
467 409
467 415
467 460
467 461
467 466
468 416
468 462
468 463
468 469
469 417
469 463
469 468
469 470
470 418
470 469
470 471
470 522
471 419
471 470
471 474
471 523
472 420
472 473
472 476
472 524
473 421
473 464
473 472
473 525
474 422
474 471
474 475
474 526
475 423
475 474
475 477
475 527
476 424
476 472
476 479
476 528
477 425
477 475
477 480
477 529
478 426
478 479
478 482
478 483
478 530
479 476
479 478
479 483
479 531
480 428
480 477
480 481
480 484
480 532
481 480
481 484
481 485
481 533
482 430
482 478
482 483
482 486
482 534
483 431
483 478
483 479
483 482
483 535
484 432
484 480
484 481
484 485
484 536
485 433
485 481
485 484
485 489
485 536
485 537
486 434
486 482
486 487
486 490
486 538
487 435
487 486
487 490
487 491
487 539
488 436
488 489
488 492
488 493
488 540
489 437
489 485
489 488
489 493
489 541
490 486
490 487
490 491
490 542
491 439
491 487
491 490
491 494
491 543
492 488
492 493
492 495
492 544
493 441
493 488
493 489
493 492
494 442
494 491
494 496
494 546
495 443
495 492
495 499
495 547
496 444
496 494
496 497
496 548
497 445
497 496
497 500
497 549
498 446
498 499
498 507
498 550
499 447
499 495
499 498
499 551
500 448
500 497
500 501
500 552
501 449
501 500
501 502
501 553
502 450
502 501
502 503
502 508
503 451
503 502
503 508
503 509
504 452
504 458
504 505
504 510
504 511
505 453
505 504
505 506
505 511
505 557
506 454
506 505
506 507
506 558
507 455
507 498
507 506
507 559
508 502
508 503
508 509
508 560
509 457
509 503
509 508
509 510
509 561
510 504
510 509
510 511
510 556
511 459
511 504
511 505
511 510
511 563
512 460
512 513
512 518
512 519
512 564
513 512
513 514
513 519
513 571
514 513
514 515
514 520
514 572
515 463
515 514
515 520
515 521
515 567
516 464
516 517
516 525
516 568
517 465
517 516
517 518
517 569
518 466
518 512
518 517
518 519
519 461
519 512
519 513
519 518
520 514
520 515
520 521
520 572
521 515
521 520
521 522
521 573
522 470
522 521
522 523
522 574
523 471
523 522
523 526
523 575
524 472
524 525
524 528
524 576
525 473
525 516
525 524
525 577
526 474
526 523
526 527
526 578
527 475
527 526
527 529
527 579
528 476
528 524
528 531
528 580
529 477
529 527
529 532
529 581
530 478
530 531
530 534
530 535
531 479
531 528
531 530
531 535
531 583
532 480
532 529
532 533
532 536
533 481
533 532
533 536
533 537
534 482
534 530
534 535
534 538
534 586
535 483
535 530
535 531
535 534
535 587
536 484
536 485
536 532
536 533
536 537
536 588
537 485
537 533
537 536
537 541
537 589
538 486
538 534
538 539
538 542
538 590
539 487
539 538
539 542
539 543
539 591
540 488
540 541
540 544
540 545
540 592
541 489
541 537
541 540
541 545
541 593
542 490
542 538
542 539
542 543
543 491
543 539
543 542
543 546
544 492
544 540
544 545
544 547
544 596
545 540
545 541
545 544
545 597
546 494
546 543
546 548
546 598
547 495
547 544
547 551
547 599
548 496
548 546
548 549
548 600
549 497
549 548
549 552
549 601
550 498
550 551
550 559
550 602
551 499
551 547
551 550
551 603
552 500
552 549
552 553
552 604
553 501
553 552
553 554
553 605
554 553
554 555
554 560
554 606
555 554
555 560
555 561
555 607
556 510
556 557
556 562
556 563
557 505
557 556
557 558
557 563
558 506
558 557
558 559
558 610
559 507
559 550
559 558
559 611
560 508
560 554
560 555
560 561
560 612
561 509
561 555
561 560
561 562
561 607
562 556
562 561
562 563
562 608
563 511
563 556
563 557
563 562
563 615
564 512
564 565
564 570
564 571
564 616
565 564
565 566
565 571
565 623
566 565
566 567
566 572
566 624
567 515
567 566
567 572
567 573
567 619
568 516
568 569
568 577
568 620
569 517
569 568
569 570
569 621
570 564
570 569
570 571
570 622
571 513
571 564
571 565
571 570
572 514
572 520
572 566
572 567
572 573
573 521
573 567
573 572
573 574
573 625
574 522
574 573
574 575
574 626
575 523
575 574
575 578
575 627
576 524
576 577
576 580
576 628
577 525
577 568
577 576
577 629
578 526
578 575
578 579
578 630
579 527
579 578
579 581
579 631
580 528
580 576
580 583
580 632
581 529
581 579
581 584
581 633
582 583
582 586
582 587
582 634
583 531
583 580
583 582
583 587
583 635
584 581
584 585
584 588
584 636
585 584
585 588
585 589
585 637
586 534
586 582
586 587
586 590
587 535
587 582
587 583
587 586
588 536
588 584
588 585
588 589
589 537
589 585
589 588
589 593
590 538
590 586
590 591
590 594
591 539
591 590
591 594
591 595
592 540
592 593
592 596
592 597
593 541
593 589
593 592
593 597
594 590
594 591
594 595
594 646
595 591
595 594
595 598
595 647
596 544
596 592
596 597
596 599
596 648
597 545
597 592
597 593
597 596
597 649
598 546
598 595
598 600
598 650
599 547
599 596
599 603
599 651
600 548
600 598
600 601
600 652
601 549
601 600
601 604
601 653
602 550
602 603
602 611
602 654
603 551
603 599
603 602
603 655
604 552
604 601
604 605
604 656
605 553
605 604
605 606
605 657
606 554
606 605
606 607
606 612
606 658
607 555
607 561
607 606
607 612
607 613
608 562
608 609
608 614
608 615
609 608
609 610
609 615
609 661
610 558
610 609
610 611
610 662
611 559
611 602
611 610
611 663
612 560
612 606
612 607
612 613
613 607
613 612
613 614
613 659
614 608
614 613
614 615
614 660
615 563
615 608
615 609
615 614
615 667
616 564
616 617
616 622
616 623
617 616
617 618
617 623
617 675
618 617
618 619
618 624
618 676
619 567
619 618
619 624
619 625
620 568
620 621
620 629
620 672
621 569
621 620
621 622
621 673
622 570
622 616
622 621
622 623
622 674
623 565
623 616
623 617
623 622
624 566
624 618
624 619
624 625
624 676
625 573
625 619
625 624
625 626
625 677
626 574
626 625
626 627
626 678
627 575
627 626
627 630
627 679
628 576
628 629
628 632
628 680
629 577
629 620
629 628
629 681
630 578
630 627
630 631
630 682
631 579
631 630
631 633
631 683
632 580
632 628
632 635
632 684
633 581
633 631
633 636
633 685
634 582
634 635
634 638
634 639
635 583
635 632
635 634
635 639
635 687
636 584
636 633
636 637
636 640
636 688
637 585
637 636
637 640
637 641
637 689
638 634
638 639
638 642
638 690
639 634
639 635
639 638
639 690
639 691
640 636
640 637
640 641
640 692
641 637
641 640
641 645
641 693
642 638
642 643
642 646
642 694
643 642
643 646
643 647
643 695
644 645
644 648
644 649
644 696
645 641
645 644
645 649
645 697
646 594
646 642
646 643
646 647
647 595
647 643
647 646
647 650
647 699
648 596
648 644
648 649
648 651
648 700
649 597
649 644
649 645
649 648
650 598
650 647
650 652
650 702
651 599
651 648
651 655
651 703
652 600
652 650
652 653
652 704
653 601
653 652
653 656
653 705
654 602
654 655
654 663
654 706
655 603
655 651
655 654
655 707
656 604
656 653
656 657
656 708
657 605
657 656
657 658
657 709
658 606
658 657
658 659
658 664
658 710
659 613
659 658
659 664
659 665
659 711
660 614
660 661
660 666
660 667
661 609
661 660
661 662
661 667
661 713
662 610
662 661
662 663
662 714
663 611
663 654
663 662
663 715
664 658
664 659
664 665
664 716
665 659
665 664
665 666
665 711
666 660
666 665
666 667
666 712
667 615
667 660
667 661
667 666
668 669
668 674
668 675
668 720
669 668
669 670
669 675
669 727
669 1107
670 669
670 671
670 676
670 728
670 1107
671 670
671 676
671 677
671 723
672 620
672 673
672 681
672 724
673 621
673 672
673 674
673 725
674 622
674 668
674 673
674 675
674 726
675 617
675 668
675 669
675 674
675 1107
676 618
676 624
676 670
676 671
676 677
676 1107
677 625
677 671
677 676
677 678
677 729
677 1145
678 626
678 677
678 679
678 730
678 1145
679 627
679 678
679 682
679 731
680 628
680 681
680 684
680 732
681 629
681 672
681 680
681 733
682 630
682 679
682 683
682 734
682 1145
683 631
683 682
683 685
683 735
684 632
684 680
684 687
684 736
685 633
685 683
685 688
685 737
686 687
686 690
686 691
686 738
687 635
687 684
687 686
687 691
687 739
688 636
688 685
688 689
688 692
688 740
689 637
689 688
689 692
689 693
689 741
690 638
690 639
690 686
690 691
690 694
690 742
691 639
691 686
691 687
691 690
692 640
692 688
692 689
692 693
693 641
693 689
693 692
693 697
694 642
694 690
694 695
694 698
695 643
695 694
695 698
695 699
696 644
696 697
696 700
696 701
697 645
697 693
697 696
697 701
698 694
698 695
698 699
698 750
699 647
699 695
699 698
699 702
699 751
700 648
700 696
700 701
700 703
700 752
701 696
701 697
701 700
701 753
702 650
702 699
702 704
702 754
703 651
703 700
703 707
703 755
704 652
704 702
704 705
704 756
705 653
705 704
705 708
705 757
706 654
706 707
706 715
706 758
707 655
707 703
707 706
707 759
708 656
708 705
708 709
708 760
709 657
709 708
709 710
709 761
710 658
710 709
710 711
710 716
710 762
711 659
711 665
711 710
711 716
711 717
712 666
712 713
712 718
712 719
713 661
713 712
713 714
713 719
713 765
714 662
714 713
714 715
714 766
715 663
715 706
715 714
715 767
716 664
716 710
716 711
716 717
716 768
717 711
717 716
717 718
717 763
718 712
718 717
718 719
718 764
719 712
719 713
719 718
719 771
720 668
720 721
720 726
720 727
721 720
721 722
721 727
721 779
722 721
722 723
722 728
722 780
723 671
723 722
723 728
723 729
724 672
724 725
724 733
724 776
725 673
725 724
725 726
725 777
726 674
726 720
726 725
726 727
726 778
727 669
727 720
727 721
727 726
728 670
728 722
728 723
728 729
729 677
729 723
729 728
729 730
729 781
730 678
730 729
730 731
730 782
731 679
731 730
731 734
731 783
732 680
732 733
732 736
732 784
733 681
733 724
733 732
733 785
734 682
734 731
734 735
734 786
735 683
735 734
735 737
735 787
736 684
736 732
736 739
736 788
737 685
737 735
737 740
737 789
738 686
738 739
738 742
738 743
738 790
739 687
739 736
739 738
739 743
739 791
740 688
740 737
740 741
740 744
740 792
741 689
741 740
741 744
741 745
742 690
742 738
742 743
742 746
742 794
743 738
743 739
743 742
743 795
744 740
744 741
744 745
744 796
745 741
745 744
745 749
745 797
746 742
746 747
746 750
746 798
747 746
747 750
747 751
747 799
748 749
748 752
748 753
748 800
749 745
749 748
749 753
749 801
750 698
750 746
750 747
750 751
750 802
751 699
751 747
751 750
751 754
751 803
752 700
752 748
752 753
752 755
752 804
753 701
753 748
753 749
753 752
753 805
754 702
754 751
754 756
754 806
755 703
755 752
755 759
755 807
756 704
756 754
756 757
756 808
757 705
757 756
757 760
757 809
758 706
758 759
758 767
758 810
759 707
759 755
759 758
759 811
760 708
760 757
760 761
760 812
761 709
761 760
761 762
761 813
762 710
762 761
762 763
762 768
762 814
763 717
763 762
763 768
763 769
764 718
764 765
764 770
764 771
765 713
765 764
765 766
765 771
765 817
766 714
766 765
766 767
766 818
767 715
767 758
767 766
767 819
768 716
768 762
768 763
768 769
769 763
769 768
769 770
769 815
770 764
770 769
770 771
770 816
771 719
771 764
771 765
771 770
772 773
772 778
772 779
772 824
773 772
773 774
773 779
773 831
774 773
774 775
774 780
774 832
775 774
775 780
775 781
775 827
776 724
776 777
776 785
776 828
777 725
777 776
777 778
777 829
778 726
778 772
778 777
778 779
778 830
779 721
779 772
779 773
779 778
780 722
780 774
780 775
780 781
781 729
781 775
781 780
781 782
781 833
782 730
782 781
782 783
782 834
783 731
783 782
783 786
783 835
784 732
784 785
784 788
784 836
785 733
785 776
785 784
785 837
786 734
786 783
786 787
786 838
787 735
787 786
787 789
787 839
788 736
788 784
788 791
788 840
789 737
789 787
789 792
789 841
790 738
790 791
790 794
790 795
791 739
791 788
791 790
791 795
791 843
792 740
792 789
792 793
792 796
792 844
793 792
793 796
793 797
793 845
794 742
794 790
794 795
794 798
795 743
795 790
795 791
795 794
796 744
796 792
796 793
796 797
796 848
797 745
797 793
797 796
797 801
797 849
798 746
798 794
798 799
798 850
799 747
799 798
799 802
799 803
800 748
800 801
800 804
800 805
800 852
801 749
801 797
801 800
801 805
802 750
802 799
802 803
802 854
803 751
803 799
803 802
803 806
803 855
804 752
804 800
804 805
804 807
804 856
805 753
805 800
805 801
805 804
805 857
806 754
806 803
806 808
806 858
807 755
807 804
807 811
807 859
808 756
808 806
808 809
808 860
809 757
809 808
809 812
809 861
810 758
810 811
810 819
810 862
811 759
811 807
811 810
811 863
812 760
812 809
812 813
812 864
813 761
813 812
813 814
813 865
814 762
814 813
814 815
814 820
814 866
815 769
815 814
815 820
815 821
816 770
816 817
816 822
816 823
817 765
817 816
817 818
817 823
817 869
818 766
818 817
818 819
818 870
819 767
819 810
819 818
819 871
820 814
820 815
820 821
820 872
821 815
821 820
821 822
821 867
822 816
822 821
822 823
822 868
823 816
823 817
823 822
823 875
824 772
824 825
824 830
824 831
824 876
824 882
825 824
825 826
825 831
825 877
825 883
826 825
826 832
826 878
826 884
827 775
827 832
827 833
827 879
827 885
828 776
828 829
828 837
828 880
829 777
829 828
829 830
829 881
830 778
830 824
830 829
830 831
830 876
830 882
831 773
831 824
831 825
831 830
831 883
832 774
832 826
832 827
832 833
832 878
832 884
833 781
833 827
833 832
833 834
833 879
833 885
834 782
834 833
834 835
834 886
835 783
835 834
835 838
835 887
836 784
836 837
836 840
836 888
837 785
837 828
837 836
837 880
837 889
838 786
838 835
838 839
838 887
838 892
839 787
839 838
839 841
839 893
840 788
840 836
840 843
840 894
841 789
841 839
841 844
841 897
842 843
842 846
842 847
842 899
843 791
843 840
843 842
843 847
843 899
844 792
844 841
844 845
844 848
844 900
845 793
845 844
845 848
845 849
845 901
846 842
846 847
846 850
846 902
847 842
847 843
847 846
847 903
848 796
848 844
848 845
848 849
849 797
849 845
849 848
849 853
850 798
850 846
850 851
850 906
851 850
851 854
851 855
851 906
852 800
852 853
852 856
852 857
852 909
853 849
853 852
853 857
853 909
854 802
854 851
854 855
854 910
854 911
855 803
855 851
855 854
855 858
855 911
856 804
856 852
856 857
856 859
856 912
857 805
857 852
857 853
857 856
857 912
858 806
858 855
858 860
858 914
859 807
859 856
859 863
859 917
860 808
860 858
860 861
860 918
861 809
861 860
861 864
861 919
861 924
862 810
862 863
862 871
862 922
862 931
863 811
863 859
863 862
863 923
864 812
864 861
864 865
864 924
864 925
865 813
865 864
865 866
865 925
866 814
866 865
866 867
866 872
866 926
866 932
867 821
867 866
867 872
867 873
867 933
868 822
868 869
868 874
868 875
868 928
868 934
869 817
869 868
869 870
869 875
869 929
869 935
870 818
870 869
870 871
870 930
871 819
871 862
871 870
871 930
871 931
872 820
872 866
872 867
872 873
872 926
872 932
873 867
873 872
873 874
873 927
873 933
874 868
874 873
874 928
874 934
875 823
875 868
875 869
875 929
875 935
876 824
876 830
876 877
876 882
876 883
877 825
877 876
877 883
877 936
878 826
878 832
878 879
878 884
878 937
879 827
879 833
879 878
879 884
879 885
880 828
880 837
880 881
880 889
880 890
881 829
881 880
881 882
881 890
882 824
882 830
882 876
882 881
882 883
883 825
883 831
883 876
883 877
883 882
883 936
884 826
884 832
884 878
884 879
884 885
884 937
885 827
885 833
885 879
885 884
885 886
885 943
886 834
886 885
886 887
886 891
887 835
887 838
887 886
887 891
887 892
888 836
888 889
888 894
888 895
888 946
889 837
889 880
889 888
889 890
889 895
889 1154
890 880
890 881
890 889
890 938
890 939
890 1154
891 886
891 887
891 892
891 944
891 945
892 838
892 887
892 891
892 893
893 839
893 892
893 896
893 897
893 1122
894 840
894 888
894 895
894 946
895 888
895 889
895 894
895 946
895 952
895 1154
896 893
896 897
896 951
896 954
896 1122
897 841
897 893
897 896
897 900
897 1122
898 899
898 902
898 903
898 956
899 842
899 843
899 898
899 903
899 956
900 844
900 897
900 901
900 904
900 958
901 845
901 900
901 904
901 905
902 846
902 898
902 903
902 906
902 956
902 959
903 847
903 898
903 899
903 902
903 956
903 959
904 900
904 901
904 905
904 909
904 961
904 962
905 901
905 904
905 909
905 962
906 850
906 851
906 902
906 907
906 910
906 963
907 906
907 910
907 911
907 963
908 909
908 912
908 913
908 966
908 969
909 852
909 853
909 904
909 905
909 908
909 913
909 966
910 854
910 906
910 907
910 911
911 854
911 855
911 907
911 910
911 967
912 856
912 857
912 908
912 913
912 969
913 908
913 909
913 912
913 969
914 858
914 915
914 918
914 974
915 914
915 918
915 919
915 970
915 971
915 974
916 917
916 922
916 923
916 973
916 979
917 859
917 916
917 923
917 979
918 860
918 914
918 915
918 919
918 974
919 861
919 915
919 918
919 920
919 924
920 919
920 924
920 925
920 980
920 981
921 922
921 930
921 931
921 987
922 862
922 916
922 921
922 923
922 931
923 863
923 916
923 917
923 922
923 979
924 861
924 864
924 919
924 920
924 925
925 864
925 865
925 920
925 924
925 926
926 866
926 872
926 925
926 932
926 982
927 873
927 932
927 933
927 988
928 868
928 874
928 929
928 934
928 935
928 989
929 869
929 875
929 928
929 930
929 935
930 870
930 871
930 921
930 929
930 931
931 862
931 871
931 921
931 922
931 930
932 866
932 872
932 926
932 927
932 933
933 867
933 873
933 927
933 932
933 988
934 868
934 874
934 928
934 935
934 989
935 869
935 875
935 928
935 929
935 934
936 877
936 883
936 937
936 940
936 941
936 942
937 878
937 884
937 936
937 941
937 942
938 890
938 939
938 947
938 948
939 890
939 938
939 940
939 948
939 990
940 936
940 939
940 941
940 991
941 936
941 937
941 940
941 992
942 936
942 937
942 943
942 993
943 885
943 942
943 944
943 994
944 891
944 943
944 945
944 949
945 891
945 944
945 949
945 950
946 888
946 894
946 895
946 947
946 952
946 953
947 938
947 946
947 948
947 953
947 996
947 1154
948 938
948 939
948 947
948 990
948 997
949 944
949 945
949 950
949 995
949 1000
950 945
950 949
950 951
950 954
951 896
951 950
951 954
951 955
951 1122
952 895
952 946
952 953
952 957
952 1002
953 946
953 947
953 952
953 1002
953 1003
954 896
954 950
954 951
954 955
955 951
955 954
955 958
955 1006
955 1122
956 898
956 899
956 902
956 903
956 957
956 959
956 960
957 952
957 956
957 960
957 1007
958 900
958 955
958 961
958 1010
959 902
959 903
959 956
959 960
959 963
959 964
960 956
960 957
960 959
960 963
960 1011
961 904
961 958
961 962
961 966
962 904
962 905
962 961
962 965
962 966
963 906
963 907
963 959
963 960
963 964
964 959
964 963
964 967
964 1013
965 962
965 966
965 968
965 969
965 1014
966 908
966 909
966 961
966 962
966 965
966 969
967 911
967 964
967 970
967 1015
968 965
968 969
968 973
968 1018
969 908
969 912
969 913
969 965
969 966
969 968
970 915
970 967
970 971
970 974
970 1019
971 915
971 970
971 974
971 975
972 973
972 978
972 979
972 1023
972 1029
973 916
973 968
973 972
973 979
973 1023
974 914
974 915
974 918
974 970
974 971
974 975
975 971
975 974
975 976
975 980
976 975
976 980
976 981
976 1025
976 1030
977 978
977 986
977 987
977 1035
978 972
978 977
978 979
978 987
979 916
979 917
979 923
979 972
979 973
979 978
980 920
980 975
980 976
980 981
981 920
981 976
981 980
981 982
982 926
982 981
982 983
982 1031
983 982
983 988
983 989
983 1032
984 985
984 988
984 989
984 1033
985 984
985 986
985 989
985 1034
986 977
986 985
986 987
986 1035
987 921
987 977
987 978
987 986
988 927
988 933
988 983
988 984
988 989
989 928
989 934
989 983
989 984
989 985
989 988
990 939
990 948
990 991
990 997
990 998
991 940
991 990
991 992
991 998
991 1036
992 941
992 991
992 993
992 1037
993 942
993 992
993 994
993 1038
994 943
994 993
994 995
994 999
994 1039
995 949
995 994
995 999
995 1000
996 947
996 997
996 1003
996 1040
997 948
997 990
997 996
997 1041
998 990
998 991
998 1036
998 1042
999 994
999 995
999 1039
999 1045
1000 949
1000 995
1000 1001
1000 1004
1000 1047
1001 1000
1001 1004
1001 1005
1001 1047
1002 952
1002 953
1002 1003
1002 1007
1002 1008
1003 953
1003 996
1003 1002
1003 1048
1004 1000
1004 1001
1004 1046
1004 1047
1004 1053
1004 1057
1005 1001
1005 1006
1005 1009
1005 1053
1006 955
1006 1005
1006 1009
1006 1010
1007 957
1007 1002
1007 1008
1007 1011
1007 1054
1008 1002
1008 1007
1008 1054
1008 1055
1009 1005
1009 1006
1009 1010
1009 1058
1009 1059
1010 958
1010 1006
1010 1009
1010 1012
1010 1059
1011 960
1011 1007
1011 1013
1011 1060
1012 1010
1012 1014
1012 1059
1012 1063
1013 964
1013 1011
1013 1015
1013 1064
1014 965
1014 1012
1014 1018
1014 1067
1015 967
1015 1013
1015 1016
1015 1019
1015 1068
1016 1015
1016 1019
1016 1068
1016 1069
1017 1018
1017 1022
1017 1023
1017 1072
1017 1073
1018 968
1018 1014
1018 1017
1018 1023
1018 1073
1019 970
1019 1015
1019 1016
1019 1020
1020 1019
1020 1021
1020 1024
1020 1074
1021 1020
1021 1024
1021 1025
1021 1074
1021 1080
1021 1081
1022 1017
1022 1023
1022 1029
1022 1079
1023 972
1023 973
1023 1017
1023 1018
1023 1022
1024 1020
1024 1021
1024 1025
1024 1080
1025 976
1025 1021
1025 1024
1025 1030
1025 1080
1026 1030
1026 1031
1026 1082
1026 1088
1027 1028
1027 1034
1027 1035
1027 1085
1027 1091
1028 1027
1028 1029
1028 1035
1028 1086
1029 972
1029 1022
1029 1028
1029 1087
1030 976
1030 1025
1030 1026
1030 1031
1031 982
1031 1026
1031 1030
1031 1032
1031 1088
1032 983
1032 1031
1032 1033
1032 1089
1033 984
1033 1032
1033 1034
1033 1090
1034 985
1034 1027
1034 1033
1034 1035
1034 1091
1035 977
1035 986
1035 1027
1035 1028
1035 1034
1036 991
1036 998
1036 1037
1036 1042
1036 1043
1037 992
1037 1036
1037 1038
1037 1043
1038 993
1038 1037
1038 1039
1038 1044
1039 994
1039 999
1039 1038
1039 1044
1039 1045
1040 996
1040 1041
1040 1048
1040 1049
1041 997
1041 1040
1041 1042
1041 1049
1041 1050
1042 998
1042 1036
1042 1041
1042 1050
1042 1092
1043 1036
1043 1037
1043 1044
1043 1093
1044 1038
1044 1039
1044 1043
1044 1094
1045 999
1045 1039
1045 1051
1045 1095
1046 1004
1046 1047
1046 1051
1046 1052
1046 1096
1047 1000
1047 1001
1047 1004
1047 1046
1048 1003
1048 1040
1048 1049
1048 1056
1048 1097
1049 1040
1049 1041
1049 1048
1049 1056
1049 1098
1050 1041
1050 1042
1050 1092
1050 1099
1051 1045
1051 1046
1051 1052
1051 1096
1052 1046
1052 1051
1052 1053
1052 1057
1052 1103
1052 1104
1053 1004
1053 1005
1053 1052
1053 1057
1053 1058
1053 1104
1054 1007
1054 1008
1054 1055
1054 1060
1054 1061
1055 1008
1055 1054
1055 1061
1055 1097
1055 1105
1056 1048
1056 1049
1056 1097
1056 1098
1057 1004
1057 1052
1057 1053
1057 1104
1058 1009
1058 1053
1058 1059
1058 1062
1058 1110
1059 1009
1059 1010
1059 1012
1059 1058
1059 1062
1059 1063
1060 1011
1060 1054
1060 1061
1060 1064
1061 1054
1061 1055
1061 1060
1061 1111
1062 1058
1062 1059
1062 1063
1062 1114
1063 1012
1063 1059
1063 1062
1063 1067
1064 1013
1064 1060
1064 1065
1064 1068
1065 1064
1065 1068
1065 1069
1065 1115
1066 1067
1066 1072
1066 1073
1066 1118
1067 1014
1067 1063
1067 1066
1067 1073
1068 1015
1068 1016
1068 1064
1068 1065
1068 1069
1069 1016
1069 1065
1069 1068
1069 1070
1069 1119
1070 1069
1070 1074
1070 1075
1070 1121
1070 1125
1070 1126
1071 1072
1071 1079
1071 1124
1071 1132
1072 1017
1072 1066
1072 1071
1072 1073
1072 1124
1073 1017
1073 1018
1073 1066
1073 1067
1073 1072
1074 1020
1074 1021
1074 1070
1074 1075
1074 1125
1075 1070
1075 1074
1075 1076
1075 1081
1075 1121
1075 1126
1075 1133
1076 1075
1076 1121
1076 1126
1076 1133
1076 1153
1077 1078
1077 1086
1077 1130
1077 1131
1078 1077
1078 1086
1078 1087
1078 1131
1078 1132
1079 1022
1079 1071
1079 1087
1079 1132
1080 1021
1080 1024
1080 1025
1080 1081
1081 1021
1081 1075
1081 1080
1081 1133
1082 1026
1082 1083
1082 1088
1082 1133
1082 1134
1083 1082
1083 1088
1083 1089
1083 1135
1084 1085
1084 1090
1084 1091
1084 1136
1085 1027
1085 1084
1085 1086
1085 1091
1085 1137
1086 1028
1086 1077
1086 1078
1086 1085
1086 1087
1087 1029
1087 1078
1087 1079
1087 1086
1088 1026
1088 1031
1088 1082
1088 1083
1088 1089
1089 1032
1089 1083
1089 1088
1089 1090
1090 1033
1090 1084
1090 1089
1090 1091
1091 1027
1091 1034
1091 1084
1091 1085
1091 1090
1092 1042
1092 1050
1092 1093
1092 1099
1092 1100
1093 1043
1093 1092
1093 1094
1093 1100
1093 1219
1094 1044
1094 1093
1094 1095
1094 1101
1095 1045
1095 1094
1095 1096
1095 1101
1095 1102
1096 1046
1096 1051
1096 1095
1096 1102
1096 1103
1097 1048
1097 1055
1097 1056
1097 1098
1097 1105
1097 1106
1098 1049
1098 1056
1098 1097
1098 1099
1098 1106
1099 1050
1099 1092
1099 1098
1099 1139
1099 1218
1099 1234
1100 1092
1100 1093
1100 1140
1100 1219
1100 1246
1101 1094
1101 1095
1101 1141
1101 1220
1102 1095
1102 1096
1102 1142
1102 1221
1103 1052
1103 1096
1103 1104
1103 1222
1104 1052
1104 1053
1104 1057
1104 1103
1104 1109
1104 1110
1105 1055
1105 1097
1105 1106
1105 1111
1106 1097
1106 1098
1106 1105
1106 1144
1106 1223
1107 669
1107 670
1107 675
1107 676
1107 1145
1108 1113
1108 1114
1108 1117
1108 1146
1109 1104
1109 1110
1109 1146
1109 1147
1109 1226
1110 1058
1110 1104
1110 1109
1110 1114
1111 1061
1111 1105
1111 1112
1111 1227
1112 1111
1112 1148
1112 1227
1112 1229
1112 1254
1113 1108
1113 1114
1113 1146
1113 1149
1113 1228
1113 1232
1113 1255
1114 1062
1114 1108
1114 1110
1114 1113
1114 1228
1115 1065
1115 1116
1115 1229
1115 1230
1116 1115
1116 1119
1116 1150
1116 1229
1116 1230
1116 1256
1117 1108
1117 1118
1117 1151
1117 1231
1117 1232
1117 1257
1118 1066
1118 1117
1118 1231
1118 1232
1119 1069
1119 1116
1119 1120
1119 1125
1120 1119
1120 1125
1120 1152
1120 1233
1121 1070
1121 1075
1121 1076
1121 1153
1122 893
1122 896
1122 897
1122 951
1122 955
1123 1124
1123 1132
1123 1155
1123 1236
1124 1071
1124 1072
1124 1123
1124 1132
1125 1070
1125 1074
1125 1119
1125 1120
1125 1126
1126 1070
1126 1075
1126 1076
1126 1125
1126 1156
1126 1237
1127 1133
1127 1134
1127 1153
1127 1156
1127 1157
1127 1238
1128 1135
1128 1158
1128 1239
1128 1243
1129 1136
1129 1137
1129 1159
1129 1240
1129 1243
1130 1077
1130 1137
1130 1160
1130 1161
1130 1241
1131 1077
1131 1078
1131 1132
1131 1161
1131 1242
1132 1071
1132 1078
1132 1079
1132 1123
1132 1124
1132 1131
1133 1075
1133 1076
1133 1081
1133 1082
1133 1127
1133 1134
1134 1082
1134 1127
1134 1133
1134 1135
1135 1083
1135 1128
1135 1134
1135 1239
1135 1243
1136 1084
1136 1129
1136 1137
1136 1159
1136 1240
1137 1085
1137 1129
1137 1130
1137 1136
1138 1139
1138 1218
1138 1224
1138 1234
1138 1244
1139 1099
1139 1138
1139 1218
1139 1224
1139 1234
1139 1245
1140 1100
1140 1141
1140 1219
1140 1220
1140 1246
1141 1101
1141 1140
1141 1220
1141 1247
1142 1102
1142 1221
1142 1222
1142 1225
1142 1248
1143 1146
1143 1147
1143 1225
1143 1226
1144 1106
1144 1223
1144 1224
1144 1250
1145 677
1145 678
1145 682
1145 1107
1146 1108
1146 1109
1146 1113
1146 1143
1147 1109
1147 1143
1147 1225
1147 1226
1147 1253
1148 1112
1148 1227
1148 1229
1148 1254
1149 1113
1149 1228
1149 1232
1149 1255
1150 1116
1150 1229
1150 1230
1150 1256
1151 1117
1151 1231
1151 1232
1151 1257
1152 1120
1152 1233
1152 1237
1152 1258
1153 1076
1153 1121
1153 1127
1153 1156
1154 889
1154 890
1154 895
1154 947
1155 1123
1155 1235
1155 1236
1155 1261
1156 1126
1156 1127
1156 1153
1156 1157
1156 1237
1156 1238
1157 1127
1157 1156
1157 1237
1157 1238
1157 1263
1158 1128
1158 1239
1158 1243
1158 1264
1159 1129
1159 1136
1159 1240
1159 1243
1159 1265
1160 1130
1160 1161
1160 1235
1160 1241
1160 1266
1161 1130
1161 1131
1161 1160
1161 1235
1161 1241
1161 1242
1161 1267
1162 1167
1162 1190
1162 1404
1162 1410
1163 1168
1163 1191
1163 1196
1163 1405
1163 1410
1164 1169
1164 1192
1164 1197
1164 1406
1164 1411
1165 1170
1165 1193
1165 1407
1165 1411
1166 1167
1166 1194
1166 1195
1166 1408
1166 1415
1167 1162
1167 1166
1167 1195
1167 1408
1167 1409
1168 1163
1168 1191
1168 1196
1168 1405
1168 1410
1169 1164
1169 1192
1169 1197
1169 1406
1169 1411
1170 1165
1170 1171
1170 1198
1170 1412
1171 1170
1171 1175
1171 1198
1171 1199
1171 1413
1172 1173
1172 1200
1172 1201
1172 1414
1172 1415
1173 1172
1173 1200
1173 1201
1173 1414
1173 1415
1174 1175
1174 1202
1174 1203
1174 1416
1174 1417
1175 1171
1175 1174
1175 1203
1175 1416
1175 1417
1176 1177
1176 1204
1176 1205
1176 1418
1176 1419
1177 1176
1177 1204
1177 1205
1177 1418
1177 1419
1178 1179
1178 1206
1178 1207
1178 1420
1178 1421
1178 1427
1179 1178
1179 1206
1179 1207
1179 1420
1179 1421
1180 1181
1180 1208
1180 1419
1180 1422
1181 1180
1181 1186
1181 1208
1181 1209
1181 1423
1181 1428
1182 1187
1182 1210
1182 1215
1182 1424
1182 1429
1183 1188
1183 1211
1183 1216
1183 1425
1183 1430
1184 1185
1184 1189
1184 1212
1184 1213
1184 1217
1184 1426
1185 1184
1185 1212
1185 1213
1185 1420
1185 1427
1186 1181
1186 1209
1186 1214
1186 1424
1186 1428
1187 1182
1187 1210
1187 1215
1187 1424
1187 1429
1188 1183
1188 1211
1188 1216
1188 1425
1188 1430
1189 1184
1189 1217
1189 1425
1189 1426
1189 1431
1190 1162
1190 1191
1190 1195
1190 1196
1191 1163
1191 1168
1191 1190
1191 1196
1192 1164
1192 1169
1192 1193
1192 1197
1193 1165
1193 1192
1193 1197
1193 1198
1194 1166
1194 1195
1194 1200
1194 1201
1195 1166
1195 1167
1195 1190
1195 1194
1196 1163
1196 1168
1196 1190
1196 1191
1197 1164
1197 1169
1197 1192
1197 1193
1198 1170
1198 1171
1198 1193
1198 1199
1199 1171
1199 1198
1199 1202
1199 1203
1200 1172
1200 1173
1200 1194
1200 1201
1201 1172
1201 1173
1201 1194
1201 1200
1202 1174
1202 1199
1202 1203
1202 1416
1203 1174
1203 1175
1203 1199
1203 1202
1204 1176
1204 1177
1204 1205
1204 1208
1205 1176
1205 1177
1205 1204
1205 1208
1206 1178
1206 1179
1206 1207
1206 1420
1207 1178
1207 1179
1207 1206
1207 1213
1208 1180
1208 1181
1208 1204
1208 1205
1208 1209
1209 1181
1209 1186
1209 1208
1209 1214
1210 1182
1210 1187
1210 1214
1210 1215
1211 1183
1211 1188
1211 1216
1211 1217
1212 1184
1212 1185
1212 1213
1212 1217
1213 1184
1213 1185
1213 1207
1213 1212
1214 1186
1214 1209
1214 1210
1214 1215
1215 1182
1215 1187
1215 1210
1215 1214
1215 1216
1216 1183
1216 1188
1216 1211
1216 1215
1217 1184
1217 1189
1217 1211
1217 1212
1218 1099
1218 1138
1218 1139
1218 1224
1218 1234
1218 1245
1219 1093
1219 1100
1219 1140
1219 1246
1220 1101
1220 1140
1220 1141
1220 1247
1221 1102
1221 1142
1221 1222
1221 1225
1221 1248
1222 1103
1222 1142
1222 1221
1222 1225
1222 1249
1223 1106
1223 1144
1223 1224
1223 1250
1224 1138
1224 1139
1224 1144
1224 1218
1224 1223
1224 1234
1224 1244
1225 1142
1225 1143
1225 1147
1225 1221
1225 1222
1225 1226
1225 1249
1225 1252
1226 1109
1226 1143
1226 1147
1226 1225
1226 1253
1227 1111
1227 1112
1227 1148
1227 1229
1227 1254
1228 1113
1228 1114
1228 1149
1228 1232
1228 1255
1229 1112
1229 1115
1229 1116
1229 1148
1229 1150
1229 1227
1229 1230
1229 1254
1229 1256
1230 1115
1230 1116
1230 1150
1230 1229
1230 1256
1231 1117
1231 1118
1231 1151
1231 1232
1231 1257
1232 1113
1232 1117
1232 1118
1232 1149
1232 1151
1232 1228
1232 1231
1232 1255
1232 1257
1233 1120
1233 1152
1233 1237
1233 1258
1234 1099
1234 1138
1234 1139
1234 1218
1234 1224
1234 1245
1235 1155
1235 1160
1235 1161
1235 1242
1235 1267
1236 1123
1236 1155
1236 1242
1236 1261
1237 1126
1237 1152
1237 1156
1237 1157
1237 1233
1237 1262
1238 1127
1238 1156
1238 1157
1238 1263
1239 1128
1239 1135
1239 1158
1239 1243
1239 1264
1240 1129
1240 1136
1240 1159
1240 1243
1240 1265
1241 1130
1241 1160
1241 1161
1241 1266
1242 1131
1242 1161
1242 1235
1242 1236
1242 1267
1243 1128
1243 1129
1243 1135
1243 1158
1243 1159
1243 1239
1243 1240
1243 1264
1243 1265
1244 1138
1244 1224
1244 1245
1244 1250
1244 1251
1245 1139
1245 1218
1245 1234
1245 1244
1245 1251
1245 1269
1246 1100
1246 1140
1246 1219
1246 1247
1246 1270
1247 1141
1247 1220
1247 1246
1247 1271
1248 1142
1248 1221
1248 1249
1248 1252
1248 1272
1249 1222
1249 1225
1249 1248
1249 1252
1249 1253
1249 1273
1250 1144
1250 1223
1250 1244
1250 1251
1251 1244
1251 1245
1251 1250
1251 1268
1251 1275
1252 1225
1252 1248
1252 1249
1252 1253
1252 1273
1253 1147
1253 1226
1253 1249
1253 1252
1253 1277
1254 1112
1254 1148
1254 1227
1254 1229
1254 1278
1255 1113
1255 1149
1255 1228
1255 1232
1255 1279
1256 1116
1256 1150
1256 1229
1256 1230
1256 1280
1257 1117
1257 1151
1257 1231
1257 1232
1257 1281
1258 1152
1258 1233
1258 1259
1258 1262
1259 1258
1259 1262
1259 1263
1259 1286
1260 1261
1260 1266
1260 1267
1260 1284
1260 1291
1261 1155
1261 1236
1261 1260
1261 1267
1262 1237
1262 1258
1262 1259
1262 1263
1262 1286
1263 1157
1263 1238
1263 1259
1263 1262
1263 1287
1264 1158
1264 1239
1264 1243
1264 1288
1265 1159
1265 1240
1265 1243
1265 1289
1266 1160
1266 1241
1266 1260
1266 1267
1266 1290
1267 1161
1267 1235
1267 1242
1267 1260
1267 1261
1267 1266
1268 1251
1268 1269
1268 1274
1268 1275
1269 1245
1269 1268
1269 1270
1269 1275
1269 1292
1270 1246
1270 1269
1270 1271
1270 1293
1271 1247
1271 1270
1271 1272
1271 1294
1272 1248
1272 1271
1272 1273
1272 1276
1272 1295
1273 1249
1273 1252
1273 1272
1273 1276
1273 1277
1274 1268
1274 1275
1274 1278
1274 1296
1275 1251
1275 1268
1275 1269
1275 1274
1275 1297
1276 1272
1276 1273
1276 1277
1276 1298
1277 1253
1277 1273
1277 1276
1277 1279
1277 1299
1278 1254
1278 1274
1278 1280
1278 1300
1279 1255
1279 1277
1279 1281
1279 1301
1280 1256
1280 1278
1280 1282
1280 1302
1281 1257
1281 1279
1281 1285
1281 1303
1282 1280
1282 1283
1282 1286
1282 1304
1283 1282
1283 1286
1283 1287
1283 1305
1284 1260
1284 1285
1284 1290
1284 1291
1284 1306
1285 1281
1285 1284
1285 1291
1285 1307
1286 1259
1286 1262
1286 1282
1286 1283
1286 1287
1287 1263
1287 1283
1287 1286
1287 1288
1287 1308
1288 1264
1288 1287
1288 1289
1288 1309
1289 1265
1289 1288
1289 1290
1289 1310
1290 1266
1290 1284
1290 1289
1290 1291
1290 1311
1291 1260
1291 1284
1291 1285
1291 1290
1292 1269
1292 1293
1292 1297
1292 1312
1293 1270
1293 1292
1293 1294
1293 1313
1294 1271
1294 1293
1294 1295
1294 1314
1295 1272
1295 1294
1295 1298
1295 1315
1296 1274
1296 1297
1296 1300
1296 1316
1297 1275
1297 1292
1297 1296
1297 1317
1298 1276
1298 1295
1298 1299
1298 1318
1299 1277
1299 1298
1299 1301
1299 1319
1300 1278
1300 1296
1300 1302
1300 1320
1301 1279
1301 1299
1301 1303
1301 1321
1302 1280
1302 1300
1302 1304
1302 1322
1303 1281
1303 1301
1303 1307
1303 1323
1304 1282
1304 1302
1304 1305
1304 1324
1305 1283
1305 1304
1305 1308
1305 1325
1306 1284
1306 1307
1306 1311
1306 1326
1307 1285
1307 1303
1307 1306
1307 1327
1308 1287
1308 1305
1308 1309
1308 1328
1309 1288
1309 1308
1309 1310
1309 1329
1310 1289
1310 1309
1310 1311
1310 1330
1311 1290
1311 1306
1311 1310
1311 1331
1312 1292
1312 1313
1312 1317
1312 1332
1313 1293
1313 1312
1313 1314
1313 1333
1314 1294
1314 1313
1314 1315
1314 1334
1315 1295
1315 1314
1315 1318
1315 1335
1316 1296
1316 1317
1316 1320
1316 1336
1317 1297
1317 1312
1317 1316
1317 1337
1318 1298
1318 1315
1318 1319
1318 1338
1319 1299
1319 1318
1319 1321
1319 1339
1320 1300
1320 1316
1320 1322
1320 1340
1321 1301
1321 1319
1321 1323
1321 1341
1322 1302
1322 1320
1322 1324
1322 1342
1323 1303
1323 1321
1323 1327
1323 1343
1323 1347
1324 1304
1324 1322
1324 1325
1324 1344
1325 1305
1325 1324
1325 1328
1325 1345
1326 1306
1326 1327
1326 1331
1326 1346
1327 1307
1327 1323
1327 1326
1327 1347
1328 1308
1328 1325
1328 1329
1328 1348
1329 1309
1329 1328
1329 1330
1329 1349
1330 1310
1330 1329
1330 1331
1330 1350
1331 1311
1331 1326
1331 1330
1331 1351
1332 1312
1332 1333
1332 1337
1332 1352
1333 1313
1333 1332
1333 1334
1333 1353
1334 1314
1334 1333
1334 1335
1334 1354
1335 1315
1335 1334
1335 1338
1335 1355
1336 1316
1336 1337
1336 1340
1336 1356
1337 1317
1337 1332
1337 1336
1337 1357
1338 1318
1338 1335
1338 1339
1338 1359
1339 1319
1339 1338
1339 1341
1339 1360
1340 1320
1340 1336
1340 1342
1340 1356
1340 1361
1341 1321
1341 1339
1341 1343
1341 1363
1342 1322
1342 1340
1342 1344
1342 1364
1343 1323
1343 1341
1343 1347
1343 1366
1343 1371
1344 1324
1344 1342
1344 1345
1344 1367
1345 1325
1345 1344
1345 1348
1345 1368
1346 1326
1346 1347
1346 1351
1346 1370
1347 1323
1347 1327
1347 1343
1347 1346
1347 1371
1348 1328
1348 1345
1348 1349
1348 1372
1349 1329
1349 1348
1349 1350
1349 1373
1350 1330
1350 1349
1350 1351
1350 1374
1351 1331
1351 1346
1351 1350
1351 1375
1352 1332
1352 1353
1352 1357
1352 1376
1353 1333
1353 1352
1353 1354
1353 1377
1354 1334
1354 1353
1354 1355
1354 1358
1354 1378
1355 1335
1355 1354
1355 1358
1355 1359
1356 1336
1356 1340
1356 1357
1356 1361
1356 1362
1357 1337
1357 1352
1357 1356
1357 1362
1358 1354
1358 1355
1358 1359
1358 1378
1358 1379
1358 1383
1359 1338
1359 1355
1359 1358
1359 1360
1360 1339
1360 1359
1360 1363
1360 1388
1361 1340
1361 1356
1361 1362
1361 1386
1361 1387
1362 1356
1362 1357
1362 1361
1362 1380
1362 1386
1362 1387
1363 1341
1363 1360
1363 1388
1363 1389
1364 1342
1364 1367
1364 1390
1364 1391
1365 1366
1365 1370
1365 1371
1365 1392
1365 1393
1365 1399
1366 1343
1366 1365
1366 1371
1366 1393
1367 1344
1367 1364
1367 1368
1367 1391
1367 1394
1368 1345
1368 1367
1368 1369
1368 1372
1369 1368
1369 1372
1369 1373
1369 1396
1369 1400
1369 1401
1370 1346
1370 1365
1370 1371
1370 1375
1370 1398
1371 1343
1371 1347
1371 1365
1371 1366
1371 1370
1372 1348
1372 1368
1372 1369
1372 1373
1373 1349
1373 1369
1373 1372
1373 1374
1373 1401
1374 1350
1374 1373
1374 1375
1374 1402
1375 1351
1375 1370
1375 1374
1375 1403
1376 1352
1376 1377
1376 1381
1376 1382
1376 1404
1377 1353
1377 1376
1377 1382
1377 1405
1377 1410
1378 1354
1378 1358
1378 1379
1378 1383
1378 1406
1379 1358
1379 1378
1379 1383
1379 1384
1380 1362
1380 1381
1380 1386
1380 1387
1381 1376
1381 1380
1381 1387
1381 1409
1382 1376
1382 1377
1382 1404
1382 1410
1383 1358
1383 1378
1383 1379
1383 1384
1383 1411
1384 1379
1384 1383
1384 1385
1384 1388
1384 1412
1385 1384
1385 1388
1385 1389
1385 1413
1386 1361
1386 1362
1386 1380
1386 1387
1386 1414
1387 1361
1387 1362
1387 1380
1387 1381
1387 1386
1388 1360
1388 1363
1388 1384
1388 1385
1388 1389
1388 1413
1389 1363
1389 1385
1389 1388
1389 1417
1390 1364
1390 1391
1390 1394
1390 1418
1390 1419
1391 1364
1391 1367
1391 1390
1391 1394
1391 1395
1391 1422
1392 1365
1392 1393
1392 1398
1392 1399
1392 1427
1393 1365
1393 1366
1393 1392
1393 1399
1393 1421
1394 1367
1394 1390
1394 1391
1394 1395
1394 1422
1395 1391
1395 1394
1395 1400
1395 1423
1396 1369
1396 1400
1396 1401
1396 1424
1397 1398
1397 1402
1397 1403
1397 1431
1398 1370
1398 1392
1398 1397
1398 1399
1398 1403
1399 1365
1399 1392
1399 1393
1399 1398
1400 1369
1400 1395
1400 1396
1400 1401
1401 1369
1401 1373
1401 1396
1401 1400
1401 1402
1401 1429
1402 1374
1402 1397
1402 1401
1402 1403
1402 1430
1403 1375
1403 1397
1403 1398
1403 1402
1403 1431
1404 1162
1404 1376
1404 1382
1404 1405
1404 1409
1404 1410
1405 1163
1405 1168
1405 1377
1405 1404
1405 1410
1406 1164
1406 1169
1406 1378
1406 1407
1406 1411
1407 1165
1407 1406
1407 1411
1407 1412
1408 1166
1408 1167
1408 1409
1408 1414
1408 1415
1409 1167
1409 1381
1409 1404
1409 1408
1409 1415
1410 1162
1410 1163
1410 1168
1410 1377
1410 1382
1410 1404
1410 1405
1411 1164
1411 1165
1411 1169
1411 1383
1411 1406
1411 1407
1412 1170
1412 1384
1412 1407
1412 1413
1413 1171
1413 1385
1413 1388
1413 1412
1413 1416
1413 1417
1414 1172
1414 1173
1414 1386
1414 1408
1414 1415
1415 1166
1415 1172
1415 1173
1415 1408
1415 1409
1415 1414
1416 1174
1416 1175
1416 1202
1416 1413
1416 1417
1417 1174
1417 1175
1417 1389
1417 1413
1417 1416
1418 1176
1418 1177
1418 1390
1418 1419
1418 1422
1419 1176
1419 1177
1419 1180
1419 1390
1419 1418
1419 1422
1419 1423
1420 1178
1420 1179
1420 1185
1420 1206
1420 1421
1420 1427
1421 1178
1421 1179
1421 1393
1421 1420
1421 1427
1422 1180
1422 1391
1422 1394
1422 1418
1422 1419
1422 1423
1423 1181
1423 1395
1423 1419
1423 1422
1423 1428
1424 1182
1424 1186
1424 1187
1424 1396
1424 1428
1424 1429
1425 1183
1425 1188
1425 1189
1425 1430
1425 1431
1426 1184
1426 1189
1426 1427
1426 1431
1427 1178
1427 1185
1427 1392
1427 1420
1427 1421
1427 1426
1428 1181
1428 1186
1428 1423
1428 1424
1428 1429
1429 1182
1429 1187
1429 1401
1429 1424
1429 1428
1430 1183
1430 1188
1430 1402
1430 1425
1430 1431
1431 1189
1431 1397
1431 1403
1431 1425
1431 1426
1431 1430
