0 1
0 10
0 84
0 94
0 95
1 0
1 2
1 10
1 11
1 12
1 94
1 95
1 96
2 1
2 12
2 95
2 96
3 4
3 13
3 14
3 97
3 98
4 3
4 13
4 14
4 97
4 98
5 6
5 15
5 16
5 99
5 100
6 5
6 15
6 16
6 99
6 100
7 8
7 17
7 91
7 101
8 7
8 9
8 18
8 19
8 102
8 103
9 8
9 19
9 102
9 103
10 0
10 1
10 11
10 20
11 1
11 10
11 12
11 20
11 21
12 1
12 2
12 11
12 22
13 3
13 4
13 14
13 23
14 3
14 4
14 13
14 24
15 5
15 6
15 16
15 25
16 5
16 6
16 15
16 17
16 26
17 7
17 16
17 18
17 27
17 101
18 8
18 17
18 19
18 28
18 29
19 8
19 9
19 18
19 28
19 29
20 10
20 11
20 21
20 22
20 30
21 11
21 20
21 22
21 30
21 31
22 12
22 20
22 21
22 30
22 31
23 13
23 24
23 32
23 33
24 14
24 23
24 25
24 33
25 15
25 24
25 26
25 34
26 16
26 25
26 27
26 35
26 36
27 17
27 26
27 35
27 36
27 37
28 18
28 19
28 29
28 37
29 18
29 19
29 28
29 37
30 20
30 21
30 22
30 31
31 21
31 22
31 30
31 32
32 23
32 31
32 33
32 392
33 23
33 24
33 32
33 326
33 392
33 393
34 25
34 35
34 327
34 392
34 393
35 26
35 27
35 34
35 36
36 26
36 27
36 35
36 37
37 27
37 28
37 29
37 36
38 39
38 50
38 160
38 172
38 173
39 38
39 40
39 50
39 51
39 172
39 173
40 39
40 41
40 52
40 53
40 174
40 175
41 40
41 53
41 174
41 175
42 43
42 54
42 55
42 176
42 177
43 42
43 54
43 55
43 176
43 177
44 45
44 56
44 57
44 178
44 179
45 44
45 46
45 56
45 57
45 178
45 179
46 45
46 47
46 58
46 180
47 46
47 48
47 59
47 169
47 181
47 182
48 47
48 49
48 60
48 61
48 181
48 182
48 183
49 48
49 61
49 182
49 183
50 38
50 39
50 51
50 62
50 63
51 39
51 50
51 52
51 62
51 63
52 40
52 51
52 53
52 64
52 65
53 40
53 41
53 52
53 65
54 42
54 43
54 55
54 66
55 42
55 43
55 54
55 67
56 44
56 45
56 57
56 68
56 69
57 44
57 45
57 56
57 58
57 69
58 46
58 57
58 59
58 70
59 47
59 58
59 60
59 71
59 181
60 48
60 59
60 61
60 72
60 73
61 48
61 49
61 60
61 73
62 50
62 51
62 63
62 74
63 50
63 51
63 62
63 74
64 52
64 65
64 75
64 76
65 52
65 53
65 64
65 76
66 54
66 67
66 77
66 78
67 55
67 66
67 68
67 78
68 56
68 67
68 69
68 79
68 80
69 56
69 57
69 68
69 70
69 79
69 80
70 58
70 69
70 71
70 81
71 59
71 70
71 72
71 82
72 60
72 71
72 73
72 83
73 60
73 61
73 72
73 83
74 62
74 63
74 75
74 84
75 64
75 74
75 76
75 85
75 86
76 64
76 65
76 75
76 86
77 66
77 78
77 87
77 88
78 66
78 67
78 77
78 88
79 68
79 69
79 80
79 89
80 68
80 69
80 79
80 81
80 89
80 90
81 70
81 80
81 82
81 91
82 71
82 81
82 83
82 92
83 72
83 73
83 82
83 93
84 0
84 74
84 85
84 94
85 75
85 84
85 86
85 95
85 96
86 75
86 76
86 85
86 95
86 96
87 77
87 88
87 97
87 98
88 77
88 78
88 87
88 97
88 98
89 79
89 80
89 90
89 99
89 100
90 80
90 89
90 99
90 100
91 7
91 81
91 92
91 101
92 82
92 91
92 93
92 102
92 103
93 83
93 92
93 102
93 103
94 0
94 1
94 84
94 95
95 0
95 1
95 2
95 85
95 86
95 94
95 96
96 1
96 2
96 85
96 86
96 95
97 3
97 4
97 87
97 88
97 98
98 3
98 4
98 87
98 88
98 97
99 5
99 6
99 89
99 90
99 100
100 5
100 6
100 89
100 90
100 99
101 7
101 17
101 91
101 102
102 8
102 9
102 92
102 93
102 101
102 103
103 8
103 9
103 92
103 93
103 102
104 105
104 118
104 184
104 185
105 104
105 106
105 119
105 184
105 185
105 186
106 105
106 107
106 120
106 186
106 187
107 106
107 108
107 121
107 187
107 188
108 107
108 109
108 122
108 188
108 189
109 108
109 110
109 122
109 123
109 189
109 190
110 109
110 111
110 123
110 124
110 190
110 191
111 110
111 112
111 124
111 125
111 126
111 191
112 111
112 113
112 125
112 126
112 127
112 192
113 112
113 114
113 127
113 128
113 193
113 194
114 113
114 115
114 128
114 193
114 194
114 195
115 114
115 116
115 129
115 195
115 196
116 115
116 117
116 130
116 196
116 197
117 116
117 131
117 196
117 197
118 104
118 119
118 132
118 184
119 105
119 118
119 120
119 133
119 184
120 106
120 119
120 121
120 134
121 107
121 120
121 122
121 135
122 108
122 109
122 121
122 123
122 136
123 109
123 110
123 122
123 124
123 137
124 110
124 111
124 123
124 138
125 111
125 112
125 126
125 139
125 140
126 111
126 112
126 125
126 127
126 192
127 112
127 113
127 126
127 141
128 113
128 114
128 129
128 142
129 115
129 128
129 130
129 143
130 116
130 129
130 131
130 144
130 197
131 117
131 130
131 145
131 197
132 118
132 133
132 146
132 147
133 119
133 132
133 134
133 146
133 147
134 120
134 133
134 135
134 148
135 121
135 134
135 136
135 149
136 122
136 135
136 137
136 150
137 123
137 136
137 138
137 151
137 152
138 124
138 137
138 139
138 151
138 152
139 125
139 138
139 140
139 153
139 154
140 125
140 139
140 141
140 153
140 154
141 127
141 140
141 142
141 155
142 128
142 141
142 143
142 156
143 129
143 142
143 144
143 157
144 130
144 143
144 145
144 158
144 159
145 131
145 144
145 158
145 159
146 132
146 133
146 147
146 160
147 132
147 133
147 146
147 148
147 160
148 134
148 147
148 149
148 161
149 135
149 148
149 150
149 162
150 136
150 149
150 151
150 163
151 137
151 138
151 150
151 152
151 164
152 137
152 138
152 151
152 153
152 165
153 139
153 140
153 152
153 154
153 166
154 139
154 140
154 153
154 155
154 166
154 167
155 141
155 154
155 156
155 168
156 142
156 155
156 157
156 169
157 143
157 156
157 158
157 170
158 144
158 145
158 157
158 159
158 171
159 144
159 145
159 158
159 171
160 38
160 146
160 147
160 161
160 172
161 148
161 160
161 162
161 173
162 149
162 161
162 163
162 174
163 150
163 162
163 174
163 175
164 151
164 165
164 176
164 177
165 152
165 164
165 176
165 177
166 153
166 154
166 167
166 178
166 179
167 154
167 166
167 168
167 178
167 179
168 155
168 167
168 169
168 180
169 47
169 156
169 168
169 170
169 181
170 157
170 169
170 171
170 182
171 158
171 159
171 170
171 182
171 183
172 38
172 39
172 160
172 173
173 38
173 39
173 161
173 172
174 40
174 41
174 162
174 163
174 175
175 40
175 41
175 163
175 174
176 42
176 43
176 164
176 165
176 177
177 42
177 43
177 164
177 165
177 176
178 44
178 45
178 166
178 167
178 179
179 44
179 45
179 166
179 167
179 178
179 180
180 46
180 168
180 179
180 181
181 47
181 48
181 59
181 169
181 180
181 182
182 47
182 48
182 49
182 170
182 171
182 181
182 183
183 48
183 49
183 171
183 182
184 104
184 105
184 118
184 119
184 185
185 104
185 105
185 184
185 186
186 105
186 106
186 185
186 187
187 106
187 107
187 186
187 188
188 107
188 108
188 187
188 189
189 108
189 109
189 188
189 190
190 109
190 110
190 189
190 191
191 110
191 111
191 190
191 192
192 112
192 126
192 191
192 193
193 113
193 114
193 192
193 194
194 113
194 114
194 193
194 195
195 114
195 115
195 194
195 196
196 115
196 116
196 117
196 195
196 197
197 116
197 117
197 130
197 131
197 196
198 199
198 200
198 201
198 219
198 220
198 223
199 198
199 200
199 201
199 220
199 224
200 198
200 199
200 201
200 223
201 198
201 199
201 200
201 202
201 224
202 201
202 203
202 227
202 228
203 202
203 204
203 205
203 227
203 228
204 203
204 205
204 231
204 232
205 203
205 204
205 207
205 231
205 232
206 207
206 208
206 235
206 239
207 205
207 206
207 235
207 236
208 206
208 209
208 210
208 239
209 208
209 239
209 240
209 382
210 208
210 211
210 212
210 243
211 210
211 243
211 244
211 382
212 210
212 213
212 214
212 247
213 212
213 215
213 247
213 248
214 212
214 215
214 216
214 251
214 324
214 325
214 377
215 213
215 214
215 217
215 252
215 324
215 378
216 214
216 217
216 255
216 324
216 325
216 377
217 215
217 216
217 256
217 324
217 325
217 378
218 219
218 222
218 258
218 262
219 198
219 218
219 222
219 223
219 374
220 198
220 199
220 221
220 224
220 225
221 220
221 224
221 225
221 261
222 218
222 219
222 223
222 262
223 198
223 200
223 219
223 222
224 199
224 201
224 220
224 221
224 225
225 220
225 221
225 224
225 229
225 265
226 227
226 230
226 266
226 383
227 202
227 203
227 226
227 383
228 202
228 203
228 229
228 232
229 225
229 228
229 233
229 267
230 226
230 231
230 234
230 268
230 381
230 383
231 204
231 205
231 230
231 381
231 383
232 204
232 205
232 228
232 233
232 236
233 229
233 232
233 237
233 269
233 447
234 230
234 235
234 238
234 270
235 206
235 207
235 234
235 381
236 207
236 232
236 237
236 240
237 233
237 236
237 241
237 271
238 234
238 239
238 242
238 272
239 206
239 208
239 209
239 238
239 243
240 209
240 236
240 241
240 382
241 237
241 240
241 245
241 273
242 238
242 243
242 246
242 274
243 210
243 211
243 239
243 242
244 211
244 245
244 248
244 382
245 241
245 244
245 249
245 275
246 242
246 247
246 250
246 276
246 380
247 212
247 213
247 246
247 251
247 380
248 213
248 244
248 249
248 252
249 245
249 248
249 253
249 277
250 246
250 251
250 254
250 278
250 376
250 380
251 214
251 247
251 250
251 376
251 377
252 215
252 248
252 253
252 378
252 379
253 249
253 252
253 257
253 378
253 379
254 250
254 255
254 280
254 376
255 216
255 254
255 325
255 377
256 217
256 257
256 325
256 378
257 253
257 256
257 378
257 379
258 218
258 259
258 262
258 284
259 258
259 284
259 285
259 438
260 261
260 286
260 287
260 439
261 221
261 260
261 265
261 287
262 218
262 222
262 258
262 266
262 284
262 288
263 264
263 374
263 440
263 441
263 445
263 460
264 263
264 375
264 440
264 441
264 445
265 225
265 261
265 267
265 287
265 291
266 226
266 262
266 268
266 292
267 229
267 265
267 269
267 295
268 230
268 266
268 270
268 296
269 233
269 267
269 271
269 299
269 447
270 234
270 268
270 272
270 300
271 237
271 269
271 273
271 303
272 238
272 270
272 274
272 304
273 241
273 271
273 275
273 307
274 242
274 272
274 276
274 308
275 245
275 273
275 277
275 311
276 246
276 274
276 278
276 312
276 380
277 249
277 275
277 279
277 315
278 250
278 276
278 280
278 316
278 320
279 277
279 283
279 319
279 323
279 463
280 254
280 278
280 281
280 320
280 376
281 280
281 282
281 449
281 457
282 281
282 283
282 459
282 463
283 279
283 282
283 323
283 459
283 463
284 258
284 259
284 262
284 285
284 288
285 259
285 284
285 286
285 289
286 260
286 285
286 287
286 290
287 260
287 261
287 265
287 286
287 290
287 291
288 262
288 284
288 289
288 292
289 285
289 288
289 290
289 293
290 286
290 287
290 289
290 291
290 294
291 265
291 287
291 290
291 295
292 266
292 288
292 293
292 296
293 289
293 292
293 294
293 297
294 290
294 293
294 295
294 298
295 267
295 291
295 294
295 299
296 268
296 292
296 297
296 300
296 461
297 293
297 296
297 298
297 301
297 461
298 294
298 297
298 299
298 302
299 269
299 295
299 298
299 303
299 447
300 270
300 296
300 301
300 304
301 297
301 300
301 302
301 305
302 298
302 301
302 303
302 306
303 271
303 299
303 302
303 307
304 272
304 300
304 305
304 308
305 301
305 304
305 306
305 309
306 302
306 305
306 307
306 310
307 273
307 303
307 306
307 311
308 274
308 304
308 309
308 312
309 305
309 308
309 310
309 313
310 306
310 309
310 311
310 314
311 275
311 307
311 310
311 315
312 276
312 308
312 313
312 316
313 309
313 312
313 314
313 317
314 310
314 313
314 315
314 318
315 277
315 311
315 314
315 319
316 278
316 312
316 317
316 320
317 313
317 316
317 318
317 320
317 321
318 314
318 317
318 319
318 322
319 279
319 315
319 318
319 323
319 463
320 278
320 280
320 316
320 317
320 321
320 457
321 317
321 320
321 322
321 457
322 318
322 321
322 323
322 459
323 279
323 283
323 319
323 322
323 459
323 463
324 214
324 215
324 216
324 217
324 325
325 214
325 216
325 217
325 255
325 256
325 324
326 33
326 327
326 328
326 392
326 393
327 34
327 326
327 329
327 392
327 393
328 326
328 329
328 394
328 395
329 327
329 328
329 394
329 395
330 331
330 332
330 396
330 397
331 330
331 333
331 396
331 397
332 330
332 333
332 398
332 399
333 331
333 332
333 398
333 399
334 335
334 336
334 400
334 401
335 334
335 337
335 400
335 401
336 334
336 337
336 402
336 403
337 335
337 336
337 339
337 402
337 403
338 339
338 340
338 404
338 405
339 337
339 338
339 404
339 405
340 338
340 341
340 342
340 406
340 407
341 340
341 343
341 406
341 407
342 340
342 343
342 408
342 409
343 341
343 342
343 408
343 409
344 345
344 346
344 410
344 411
345 344
345 347
345 410
345 411
346 344
346 347
346 412
346 413
347 345
347 346
347 349
347 412
347 413
348 349
348 350
348 414
348 415
349 347
349 348
349 414
349 415
350 348
350 351
350 352
350 416
350 417
351 350
351 353
351 416
351 417
352 350
352 353
352 418
352 419
353 351
353 352
353 418
353 419
354 355
354 356
354 420
354 421
355 354
355 357
355 420
355 421
356 354
356 357
356 422
356 423
357 355
357 356
357 422
357 423
358 359
358 360
358 424
358 425
359 358
359 361
359 424
359 425
360 358
360 361
360 426
360 427
360 444
361 359
361 360
361 426
361 427
361 444
362 363
362 428
362 429
362 444
363 362
363 428
363 429
363 444
364 365
364 366
364 430
364 431
365 364
365 367
365 430
365 431
366 364
366 367
366 432
366 433
367 365
367 366
367 432
367 433
368 369
368 434
368 435
368 462
369 368
369 434
369 435
369 462
370 371
370 436
370 437
370 462
371 370
371 436
371 437
371 462
372 373
372 374
372 438
372 439
372 460
373 372
373 375
373 438
373 439
374 219
374 263
374 372
374 375
374 440
374 460
375 264
375 373
375 374
375 441
375 460
376 250
376 251
376 254
376 280
376 377
377 214
377 216
377 251
377 255
377 376
378 215
378 217
378 252
378 253
378 256
378 257
378 379
379 252
379 253
379 257
379 378
380 246
380 247
380 250
380 276
381 230
381 231
381 235
381 383
382 209
382 211
382 240
382 244
383 226
383 227
383 230
383 231
383 381
383 446
383 461
384 385
384 388
384 442
384 448
384 452
385 384
385 386
385 442
385 449
385 456
386 385
386 387
386 442
386 450
386 456
387 386
387 391
387 443
387 451
387 456
388 384
388 389
388 448
388 452
388 453
388 458
389 388
389 452
389 453
389 458
390 391
390 443
390 454
390 455
391 387
391 390
391 443
391 451
391 454
391 455
392 32
392 33
392 34
392 326
392 327
392 393
392 394
393 33
393 34
393 326
393 327
393 392
393 395
394 328
394 329
394 392
394 395
395 328
395 329
395 393
395 394
396 330
396 331
396 397
396 398
397 330
397 331
397 396
397 399
398 332
398 333
398 396
398 399
399 332
399 333
399 397
399 398
400 334
400 335
400 401
400 402
401 334
401 335
401 400
401 403
402 336
402 337
402 400
402 403
403 336
403 337
403 401
403 402
404 338
404 339
404 405
404 406
405 338
405 339
405 404
405 407
406 340
406 341
406 404
406 407
406 408
407 340
407 341
407 405
407 406
407 409
408 342
408 343
408 406
408 409
409 342
409 343
409 407
409 408
410 344
410 345
410 411
410 412
411 344
411 345
411 410
411 413
412 346
412 347
412 410
412 413
413 346
413 347
413 411
413 412
414 348
414 349
414 415
414 416
415 348
415 349
415 414
415 417
416 350
416 351
416 414
416 417
416 418
417 350
417 351
417 415
417 416
417 419
418 352
418 353
418 416
418 419
419 352
419 353
419 417
419 418
420 354
420 355
420 421
420 422
421 354
421 355
421 420
421 423
422 356
422 357
422 420
422 423
423 356
423 357
423 421
423 422
424 358
424 359
424 425
424 426
425 358
425 359
425 424
425 427
426 360
426 361
426 424
426 427
426 428
426 444
427 360
427 361
427 425
427 426
427 444
428 362
428 363
428 426
428 429
429 362
429 363
429 428
429 444
430 364
430 365
430 431
430 432
431 364
431 365
431 430
431 433
432 366
432 367
432 430
432 433
433 366
433 367
433 431
433 432
434 368
434 369
434 435
434 462
435 368
435 369
435 434
435 462
436 370
436 371
436 437
436 438
437 370
437 371
437 436
437 439
438 259
438 372
438 373
438 436
438 439
439 260
439 372
439 373
439 437
439 438
440 263
440 264
440 374
440 441
440 445
440 460
441 263
441 264
441 375
441 440
441 445
442 384
442 385
442 386
442 449
442 456
443 387
443 390
443 391
443 454
443 455
444 360
444 361
444 362
444 363
444 426
444 427
444 429
445 263
445 264
445 440
445 441
445 446
446 383
446 445
446 447
446 461
447 233
447 269
447 299
447 446
448 384
448 388
448 449
448 452
449 281
449 385
449 442
449 448
449 450
449 457
450 386
450 449
450 451
450 456
451 387
451 391
451 450
451 455
452 384
452 388
452 389
452 448
452 453
452 458
453 388
453 389
453 452
453 458
454 390
454 391
454 443
454 455
455 390
455 391
455 443
455 451
455 454
456 385
456 386
456 387
456 442
456 450
457 281
457 320
457 321
457 449
458 388
458 389
458 452
458 453
459 282
459 283
459 322
459 323
459 463
460 263
460 372
460 374
460 375
460 440
461 296
461 297
461 383
461 446
462 368
462 369
462 370
462 371
462 434
462 435
463 279
463 282
463 283
463 319
463 323
463 459
