0 7
0 9
0 10
0 12
1 2
1 4
1 13
1 14
1 16
2 1
2 4
2 5
2 14
2 17
3 4
3 6
3 7
3 15
3 19
4 1
4 2
4 3
4 5
5 2
5 4
5 8
5 17
5 21
6 3
6 7
6 9
6 19
7 0
7 3
7 6
7 8
8 5
8 7
8 20
8 21
9 0
9 6
9 10
9 11
9 12
10 0
10 9
10 11
10 12
10 24
11 9
11 10
11 12
11 23
11 24
12 0
12 9
12 10
12 11
13 1
13 14
13 16
13 17
14 1
14 2
14 13
14 16
14 17
15 3
15 16
15 28
15 30
16 1
16 13
16 14
16 15
16 17
16 28
16 31
17 2
17 5
17 13
17 14
17 16
17 21
18 19
18 22
18 32
18 33
19 3
19 6
19 18
19 33
20 8
20 21
20 34
20 37
21 5
21 8
21 17
21 20
22 18
22 23
22 25
22 26
22 32
22 35
22 39
23 11
23 22
23 24
23 25
23 26
24 10
24 11
24 23
24 37
25 22
25 23
25 26
25 36
25 38
25 39
26 22
26 23
26 25
26 39
27 28
27 30
27 31
27 40
27 42
27 43
28 15
28 16
28 27
28 31
28 43
29 30
29 41
29 42
29 46
30 15
30 27
30 29
30 40
31 16
31 27
31 28
31 43
32 18
32 22
32 35
32 45
33 18
33 19
33 34
33 37
33 47
34 20
34 33
34 37
34 47
35 22
35 32
35 38
35 39
35 50
36 25
36 37
36 38
36 39
36 50
37 20
37 24
37 33
37 34
37 36
38 25
38 35
38 36
38 39
39 22
39 25
39 26
39 35
39 36
39 38
40 27
40 30
40 42
40 43
41 29
41 42
41 54
41 55
42 27
42 29
42 40
42 41
42 43
42 46
42 55
43 27
43 28
43 31
43 40
43 42
43 46
43 47
44 45
44 48
44 49
44 59
45 32
45 44
45 48
45 49
46 29
46 42
46 43
46 47
47 33
47 34
47 43
47 46
48 44
48 45
48 49
48 51
48 52
48 59
48 60
49 44
49 45
49 48
49 50
49 52
49 60
50 35
50 36
50 49
50 52
51 48
51 52
51 61
51 62
52 48
52 49
52 50
52 51
52 62
53 54
53 56
53 57
53 63
53 67
54 41
54 53
54 55
54 58
54 64
54 65
55 41
55 42
55 54
55 58
55 65
56 53
56 57
56 63
56 67
57 53
57 56
57 58
57 65
57 68
58 54
58 55
58 57
58 65
59 44
59 48
59 61
59 62
60 48
60 49
60 62
60 71
61 51
61 59
61 62
61 73
62 51
62 52
62 59
62 60
62 61
63 53
63 56
63 64
63 67
63 76
64 54
64 63
64 65
64 76
65 54
65 55
65 57
65 58
65 64
65 68
66 67
66 69
66 77
66 78
67 53
67 56
67 63
67 66
68 57
68 65
68 71
68 79
68 83
69 66
69 70
69 72
69 73
69 81
70 69
70 71
70 73
70 82
70 83
71 60
71 68
71 70
71 83
72 69
72 73
72 85
72 86
73 61
73 69
73 70
73 72
73 86
74 75
74 77
74 78
74 87
74 88
74 90
75 74
75 76
75 78
75 88
76 63
76 64
76 75
76 79
77 66
77 74
77 78
77 90
78 66
78 74
78 75
78 77
78 79
79 68
79 76
79 78
79 83
80 81
80 84
80 85
80 92
80 95
80 96
81 69
81 80
81 84
81 85
82 70
82 83
82 86
82 94
83 68
83 70
83 71
83 79
83 82
84 80
84 81
84 85
84 92
84 95
84 96
85 72
85 80
85 81
85 84
85 86
86 72
86 73
86 82
86 85
87 74
87 88
87 90
87 99
88 74
88 75
88 87
88 91
88 99
89 90
89 92
89 100
89 104
90 74
90 77
90 87
90 89
91 88
91 94
91 102
91 106
92 80
92 84
92 89
92 95
92 104
93 94
93 96
93 105
93 106
94 82
94 91
94 93
94 106
95 80
95 84
95 92
95 96
95 109
96 80
96 84
96 93
96 95
97 98
97 100
97 110
97 111
97 113
98 97
98 99
98 101
98 111
99 87
99 88
99 98
99 101
99 102
100 89
100 97
100 104
100 113
101 98
101 99
101 102
101 106
102 91
102 99
102 101
102 106
103 104
103 107
103 108
103 115
104 89
104 92
104 100
104 103
104 107
104 108
105 93
105 106
105 109
105 117
105 120
106 91
106 93
106 94
106 101
106 102
106 105
107 103
107 104
107 108
107 118
107 119
108 103
108 104
108 107
108 109
108 119
108 120
109 95
109 105
109 108
109 120
110 97
110 111
110 113
110 123
111 97
111 98
111 110
111 114
111 123
112 113
112 115
112 124
112 128
113 97
113 100
113 110
113 112
114 111
114 123
114 126
114 130
115 103
115 112
115 118
115 128
116 117
116 119
116 120
116 129
116 130
117 105
117 116
117 120
117 130
118 107
118 115
118 119
118 132
119 107
119 108
119 116
119 118
119 120
119 133
120 105
120 108
120 109
120 116
120 117
120 119
121 122
121 124
121 125
121 134
121 135
121 138
122 121
122 123
122 124
122 125
122 135
123 110
123 111
123 114
123 122
123 125
123 126
124 112
124 121
124 122
124 125
124 128
124 135
125 121
125 122
125 123
125 124
125 126
126 114
126 123
126 125
126 130
127 128
127 131
127 139
127 144
128 112
128 115
128 124
128 127
129 116
129 130
129 133
129 141
129 144
130 114
130 116
130 117
130 126
130 129
131 127
131 132
131 142
131 143
132 118
132 131
132 133
132 144
133 119
133 129
133 132
133 144
134 121
134 135
134 137
134 138
134 146
135 121
135 122
135 124
135 134
135 138
136 137
136 139
136 145
136 146
137 134
137 136
137 138
137 146
138 121
138 134
138 135
138 137
138 141
139 127
139 136
139 142
139 148
140 141
140 143
140 144
140 149
140 152
141 129
141 138
141 140
141 144
142 131
142 139
142 143
142 151
142 152
143 131
143 140
143 142
143 144
143 152
144 127
144 129
144 132
144 133
144 140
144 141
144 143
145 136
145 146
145 148
145 154
145 155
146 134
146 136
146 137
146 145
146 149
146 155
147 148
147 150
147 151
147 156
148 139
148 145
148 147
148 150
149 140
149 146
149 152
149 158
150 147
150 148
150 151
150 159
150 160
151 142
151 147
151 150
151 152
151 160
152 140
152 142
152 143
152 149
152 151
153 154
153 156
153 161
153 162
154 145
154 153
154 155
154 157
154 158
154 162
155 145
155 146
155 154
155 158
156 147
156 153
156 159
156 164
157 154
157 158
157 160
157 165
158 149
158 154
158 155
158 157
159 150
159 156
159 160
159 167
159 168
160 150
160 151
160 157
160 159
160 168
161 153
161 162
161 164
161 169
161 172
162 153
162 154
162 161
162 165
163 164
163 166
163 167
163 170
164 156
164 161
164 163
164 166
164 169
165 157
165 162
165 168
165 172
166 163
166 164
166 167
166 173
166 174
167 159
167 163
167 166
167 168
167 174
168 159
168 160
168 165
168 167
169 161
169 164
169 171
169 172
170 163
170 173
170 176
170 177
171 169
171 172
171 174
171 177
172 161
172 165
172 169
172 171
173 166
173 170
173 174
173 180
174 166
174 167
174 171
174 173
174 180
175 176
175 178
175 179
175 181
175 182
176 170
176 175
176 177
176 179
176 182
177 170
177 171
177 176
177 180
178 175
178 179
178 183
178 184
179 175
179 176
179 178
179 180
179 184
180 173
180 174
180 177
180 179
181 175
181 182
181 183
181 187
182 175
182 176
182 181
182 184
182 187
183 178
183 181
183 184
183 189
183 190
184 178
184 179
184 182
184 183
184 190
185 186
185 188
185 192
185 193
186 185
186 187
186 189
186 190
187 181
187 182
187 186
187 189
187 190
188 185
188 189
188 195
188 196
189 183
189 186
189 187
189 188
189 190
190 183
190 184
190 186
190 187
190 189
191 192
191 194
191 195
191 197
191 198
191 200
192 185
192 191
192 193
192 195
192 199
193 185
193 192
193 196
193 199
193 202
194 191
194 195
194 197
194 200
195 188
195 191
195 192
195 194
195 196
196 188
196 193
196 195
196 199
196 202
197 191
197 194
197 198
197 200
197 205
198 191
198 197
198 199
198 201
198 202
198 205
199 192
199 193
199 196
199 198
199 201
199 202
200 191
200 194
200 197
200 201
201 198
201 199
201 200
201 202
201 208
202 193
202 196
202 198
202 199
202 201
203 204
203 206
203 209
203 210
203 212
204 203
204 205
204 206
204 207
204 208
204 210
205 197
205 198
205 204
205 208
206 203
206 204
206 207
206 210
206 211
206 212
207 204
207 206
207 208
207 212
208 201
208 204
208 205
208 207
209 203
209 210
209 211
209 214
209 215
210 203
210 204
210 206
210 209
210 212
210 215
211 206
211 209
211 213
211 215
212 203
212 206
212 207
212 210
213 211
213 217
213 218
213 220
214 209
214 215
214 217
214 218
215 209
215 210
215 211
215 214
215 218
216 217
216 219
216 220
216 221
217 213
217 214
217 216
217 218
217 220
218 213
218 214
218 215
218 217
219 216
219 220
219 222
219 223
219 224
220 213
220 216
220 217
220 219
221 216
221 222
221 223
221 227
222 219
222 221
222 224
222 227
223 219
223 221
223 224
223 227
223 229
223 230
224 219
224 222
224 223
224 230
225 226
225 228
225 229
225 232
226 225
226 227
226 229
226 230
227 221
227 222
227 223
227 226
227 230
228 225
228 229
228 235
228 236
229 223
229 225
229 226
229 228
229 230
230 223
230 224
230 226
230 227
230 229
231 232
231 234
231 235
231 237
231 238
232 225
232 231
232 233
232 234
232 235
232 239
233 232
233 236
233 239
233 242
234 231
234 232
234 235
234 237
234 240
234 241
235 228
235 231
235 232
235 234
235 236
235 241
235 242
236 228
236 233
236 235
236 239
236 242
237 231
237 234
237 238
237 240
237 245
238 231
238 237
238 239
238 241
238 245
239 232
239 233
239 236
239 238
239 242
240 234
240 237
240 241
240 248
241 234
241 235
241 238
241 240
242 233
242 235
242 236
242 239
243 244
243 246
243 247
243 249
243 250
243 252
244 243
244 245
244 246
244 247
244 248
245 237
245 238
245 244
245 248
246 243
246 244
246 247
246 251
246 252
247 243
247 244
247 246
247 248
248 240
248 244
248 245
248 247
249 243
249 250
249 251
249 253
249 254
249 257
250 243
250 249
250 252
250 254
251 246
251 249
251 252
251 257
252 243
252 246
252 250
252 251
253 249
253 254
253 256
253 257
254 249
254 250
254 253
254 257
255 256
255 259
255 260
255 261
256 253
256 255
256 257
256 261
257 249
257 251
257 253
257 254
257 256
258 259
258 260
258 261
258 262
258 263
258 266
259 255
259 258
259 261
259 263
259 266
260 255
260 258
260 261
260 266
261 255
261 256
261 258
261 259
261 260
261 263
262 258
262 263
262 265
262 266
263 258
263 259
263 261
263 262
263 266
264 265
264 268
264 269
264 270
265 262
265 264
265 266
265 270
266 258
266 259
266 260
266 262
266 263
266 265
267 268
267 269
267 270
267 272
268 264
268 267
268 269
268 270
268 272
269 264
269 267
269 268
269 270
269 271
269 272
270 264
270 265
270 267
270 268
270 269
271 269
271 274
271 275
271 276
272 267
272 268
272 269
272 274
273 274
273 275
273 276
273 277
273 278
274 271
274 272
274 273
274 275
274 276
274 278
275 271
275 273
275 274
275 276
275 278
275 279
276 271
276 273
276 274
276 275
277 273
277 278
277 279
277 280
278 273
278 274
278 275
278 277
279 275
279 277
279 280
279 282
279 283
280 277
280 279
280 281
280 282
280 283
281 280
281 282
281 283
281 286
281 287
282 279
282 280
282 281
282 283
282 288
283 279
283 280
283 281
283 282
283 288
284 285
284 286
284 287
284 308
284 310
285 284
285 287
285 308
285 309
286 281
286 284
286 287
286 310
287 281
287 284
287 285
287 286
287 310
288 282
288 283
288 290
288 312
288 314
289 290
289 291
289 292
289 313
289 314
289 315
290 288
290 289
290 313
290 314
291 289
291 292
291 293
291 315
292 289
292 291
292 293
292 294
293 291
293 292
293 294
293 315
293 316
293 317
294 292
294 293
294 295
294 317
295 294
295 296
295 316
295 317
295 318
295 319
296 295
296 297
296 317
296 319
297 296
297 298
297 299
297 321
298 297
298 299
298 300
298 323
299 297
299 298
299 300
299 322
299 323
300 298
300 299
300 301
300 323
301 300
301 302
301 303
301 323
301 325
302 301
302 303
302 304
302 326
303 301
303 302
303 304
303 326
303 327
304 302
304 303
304 326
304 327
305 307
305 336
305 337
305 341
306 307
306 309
306 340
306 341
307 305
307 306
307 340
307 341
308 284
308 285
308 309
308 310
308 342
308 343
309 285
309 306
309 308
309 343
310 284
310 286
310 287
310 308
310 345
311 312
311 313
311 314
311 346
311 347
312 288
312 311
312 314
312 347
313 289
313 290
313 311
313 314
313 348
314 288
314 289
314 290
314 311
314 312
314 313
315 289
315 291
315 293
315 316
315 349
316 293
316 295
316 315
316 317
316 350
317 293
317 294
317 295
317 296
317 316
317 318
318 295
318 317
318 319
318 320
318 351
319 295
319 296
319 318
319 320
319 321
320 318
320 319
320 321
320 351
320 352
320 353
321 297
321 319
321 320
321 322
321 353
322 299
322 321
322 323
322 324
322 354
323 298
323 299
323 300
323 301
323 322
323 324
323 325
324 322
324 323
324 325
324 355
324 356
325 301
325 323
325 324
325 326
325 356
326 302
326 303
326 304
326 325
326 327
326 357
327 303
327 304
327 326
327 328
327 358
328 327
328 329
328 358
328 359
329 328
329 330
329 331
329 360
330 329
330 331
330 332
330 360
330 361
330 362
331 329
331 330
331 332
331 360
331 361
331 362
332 330
332 331
332 361
332 362
333 334
333 338
333 366
333 370
333 371
334 333
334 335
334 338
334 367
334 371
335 334
335 367
335 368
335 371
336 305
336 337
336 340
336 341
336 369
337 305
337 336
337 338
337 341
338 333
338 334
338 337
338 371
339 340
339 342
339 343
339 372
339 373
339 374
340 306
340 307
340 336
340 339
340 341
340 343
341 305
341 306
341 307
341 336
341 337
341 340
342 308
342 339
342 343
342 374
343 308
343 309
343 339
343 340
343 342
344 345
344 346
344 347
344 375
344 376
345 310
345 344
345 347
345 375
346 311
346 344
346 347
346 348
346 377
347 311
347 312
347 344
347 345
347 346
348 313
348 346
348 349
348 378
349 315
349 348
349 350
349 379
350 316
350 349
350 351
350 380
351 318
351 320
351 350
351 352
351 381
352 320
352 351
352 353
352 382
353 320
353 321
353 352
353 354
354 322
354 353
354 355
354 384
355 324
355 354
355 356
355 385
356 324
356 325
356 355
356 357
357 326
357 356
357 358
357 387
358 327
358 328
358 357
358 359
358 388
359 328
359 358
359 360
359 389
360 329
360 330
360 331
360 359
360 361
360 390
361 330
361 331
361 332
361 360
361 362
361 391
362 330
362 331
362 332
362 361
362 363
362 392
363 362
363 393
363 394
363 395
364 365
364 368
364 398
364 404
365 364
365 368
365 398
365 399
366 333
366 367
366 370
366 371
366 402
367 334
367 335
367 366
367 371
368 335
368 364
368 365
368 404
369 336
369 370
369 373
369 405
370 333
370 366
370 369
370 371
371 333
371 334
371 335
371 338
371 366
371 367
371 370
372 339
372 373
372 374
372 408
373 339
373 369
373 372
373 408
373 409
374 339
374 342
374 372
374 376
374 408
375 344
375 345
375 376
375 377
375 412
376 344
376 374
376 375
376 412
377 346
377 375
377 378
377 412
377 414
378 348
378 377
378 379
378 416
379 349
379 378
379 380
379 417
380 350
380 379
380 381
380 418
381 351
381 380
381 382
381 419
381 421
382 352
382 381
382 383
382 421
383 382
383 384
383 421
383 422
384 354
384 383
384 385
384 423
385 355
385 384
385 386
385 424
386 385
386 387
386 424
386 425
387 357
387 386
387 388
387 426
388 358
388 387
388 389
388 427
389 359
389 388
389 390
389 428
390 360
390 389
390 391
390 429
391 361
391 390
391 392
391 430
392 362
392 391
392 393
392 431
393 363
393 392
393 394
393 395
394 363
394 393
394 395
394 396
394 397
395 363
395 393
395 394
395 396
395 432
395 436
396 394
396 395
396 397
396 437
397 394
397 396
397 437
397 438
398 364
398 365
398 399
398 404
398 441
399 365
399 398
399 400
399 441
400 399
400 401
400 442
400 443
401 400
401 443
401 444
401 445
402 366
402 403
402 406
402 407
402 446
403 402
403 404
403 407
403 446
404 364
404 368
404 398
404 403
404 441
404 448
405 369
405 406
405 409
405 450
406 402
406 405
406 407
406 446
407 402
407 403
407 406
407 446
407 447
407 452
408 372
408 373
408 374
408 409
408 410
408 411
409 373
409 405
409 408
409 411
410 408
410 411
410 413
410 455
411 408
411 409
411 410
411 455
411 456
412 375
412 376
412 377
412 413
412 414
412 415
413 410
413 412
413 415
413 457
414 377
414 412
414 415
414 458
415 412
415 413
415 414
415 458
415 459
416 378
416 417
416 458
416 460
417 379
417 416
417 418
417 462
418 380
418 417
418 419
418 464
419 381
419 418
419 420
419 421
419 466
420 419
420 421
420 422
420 466
420 467
420 468
421 381
421 382
421 383
421 419
421 420
421 422
422 383
422 420
422 421
422 423
422 468
423 384
423 422
423 424
423 469
423 471
424 385
424 386
424 423
424 425
424 471
425 386
425 424
425 426
425 471
426 387
426 425
426 427
426 473
427 388
427 426
427 428
427 473
427 474
428 389
428 427
428 429
428 475
429 390
429 428
429 430
429 478
430 391
430 429
430 431
430 478
431 392
431 430
431 432
431 479
432 395
432 431
432 433
432 436
432 480
432 486
433 432
433 436
433 437
433 480
433 486
433 487
434 435
434 439
434 440
434 490
435 434
435 439
435 440
435 483
435 484
435 490
436 395
436 432
436 433
436 437
436 486
437 396
437 397
437 433
437 436
437 438
437 487
438 397
438 437
438 439
438 488
439 434
439 435
439 438
439 440
439 489
440 434
440 435
440 439
440 490
441 398
441 399
441 404
441 442
441 448
441 449
442 400
442 441
442 443
442 449
442 491
443 400
443 401
443 442
443 444
444 401
444 443
444 445
444 493
445 401
445 444
445 493
445 494
445 495
446 402
446 403
446 406
446 407
446 447
446 451
446 452
447 407
447 446
447 448
447 452
447 496
448 404
448 441
448 447
448 449
449 441
449 442
449 448
449 491
449 498
450 405
450 451
450 453
450 454
451 446
451 450
451 452
451 454
451 504
452 407
452 446
452 447
452 451
453 450
453 454
453 456
453 507
454 450
454 451
454 453
454 507
454 508
455 410
455 411
455 456
455 457
455 509
456 411
456 453
456 455
456 509
457 413
457 455
457 459
457 509
457 512
458 414
458 415
458 416
458 459
458 460
458 461
459 415
459 457
459 458
459 461
460 416
460 458
460 461
460 462
460 463
461 458
461 459
461 460
461 463
461 516
462 417
462 460
462 463
462 464
463 460
463 461
463 462
463 517
464 418
464 462
464 465
464 466
465 464
465 466
465 467
465 518
466 419
466 420
466 464
466 465
466 467
467 420
467 465
467 466
467 519
468 420
468 422
468 469
468 520
469 423
469 468
469 470
469 471
469 522
470 469
470 471
470 472
470 522
470 523
471 423
471 424
471 425
471 469
471 470
471 472
472 470
472 471
472 473
472 524
472 526
473 426
473 427
473 472
473 474
473 526
474 427
474 473
474 475
474 526
474 529
475 428
475 474
475 476
475 529
476 475
476 477
476 478
476 529
477 476
477 478
477 479
477 531
477 535
478 429
478 430
478 476
478 477
478 479
479 431
479 477
479 478
479 535
480 432
480 433
480 481
480 486
480 536
481 480
481 486
481 487
481 537
482 488
482 537
482 538
482 543
482 544
483 435
483 484
483 489
483 490
483 539
483 544
484 435
484 483
484 485
484 490
484 540
485 484
485 540
485 541
485 542
486 432
486 433
486 436
486 480
486 481
486 487
487 433
487 437
487 481
487 486
488 438
488 482
488 489
488 543
488 544
489 439
489 483
489 488
489 490
489 544
490 434
490 435
490 440
490 483
490 484
490 489
491 442
491 449
491 492
491 498
491 499
492 491
492 493
492 499
492 545
493 444
493 445
493 492
493 500
493 545
493 546
494 445
494 495
494 501
494 547
495 445
495 494
495 501
495 502
495 547
496 447
496 497
496 505
496 506
497 496
497 498
497 506
497 548
498 449
498 491
498 497
498 499
498 549
499 491
499 492
499 498
499 545
499 550
500 493
500 545
500 546
500 551
501 494
501 495
501 502
501 547
501 552
502 495
502 501
502 503
502 553
503 502
503 553
503 554
503 555
504 451
504 505
504 508
504 556
505 496
505 504
505 506
505 556
505 557
506 496
506 497
506 505
506 548
506 558
507 453
507 454
507 508
507 510
507 511
508 454
508 504
508 507
508 511
509 455
509 456
509 457
509 510
509 512
509 513
510 507
510 509
510 511
510 566
511 507
511 508
511 510
511 563
511 566
512 457
512 509
512 513
512 514
512 515
513 509
513 512
513 515
513 568
514 512
514 515
514 516
514 570
515 512
515 513
515 514
515 570
515 571
516 461
516 514
516 517
516 572
517 463
517 516
517 518
517 574
518 465
518 517
518 519
518 576
519 467
519 518
519 520
519 578
519 580
520 468
520 519
520 521
520 522
520 580
521 520
521 522
521 523
521 580
521 581
522 469
522 470
522 520
522 521
522 523
523 470
523 521
523 522
523 583
524 472
524 525
524 526
524 585
525 524
525 526
525 585
525 586
526 472
526 473
526 474
526 524
526 525
526 527
527 526
527 528
527 529
527 590
528 527
528 529
528 530
528 596
529 474
529 475
529 476
529 527
529 528
529 530
530 528
530 529
530 531
530 596
531 477
531 530
531 532
531 535
531 597
532 531
532 535
532 536
532 598
532 605
533 534
533 542
533 603
533 604
534 533
534 593
534 603
534 604
535 477
535 479
535 531
535 532
535 536
536 480
536 532
536 535
536 605
537 481
537 482
537 538
537 606
538 482
538 537
538 543
538 544
538 607
539 483
539 540
539 543
539 544
539 608
540 484
540 485
540 539
540 541
540 609
541 485
541 540
541 542
541 610
542 485
542 533
542 541
542 603
542 610
543 482
543 488
543 538
543 539
543 544
544 482
544 483
544 488
544 489
544 538
544 539
544 543
545 492
545 493
545 499
545 500
545 546
545 550
545 551
546 493
546 500
546 545
546 551
547 494
547 495
547 501
547 552
548 497
548 506
548 549
548 558
548 559
549 498
549 548
549 550
549 559
549 611
550 499
550 545
550 549
550 612
551 500
551 545
551 546
551 552
551 613
552 501
552 547
552 551
552 614
553 502
553 503
553 554
553 615
554 503
554 553
554 555
554 560
554 616
555 503
555 554
555 560
555 561
555 616
556 504
556 505
556 557
556 563
556 564
557 505
557 556
557 564
557 617
558 506
558 548
558 559
558 618
559 548
559 549
559 558
559 611
559 619
560 554
560 555
560 561
560 616
560 624
561 555
561 560
561 562
561 625
562 561
562 565
562 625
562 626
563 511
563 556
563 564
563 627
564 556
564 557
564 563
564 617
564 627
564 628
565 562
565 626
565 631
565 632
566 510
566 511
566 567
566 568
566 569
567 566
567 569
567 627
567 634
568 513
568 566
568 569
568 639
569 566
569 567
569 568
569 634
569 639
569 640
570 514
570 515
570 571
570 572
571 515
571 570
571 573
571 639
571 643
572 516
572 570
572 573
572 574
573 571
573 572
573 575
573 647
574 517
574 572
574 575
574 576
575 573
575 574
575 577
575 650
576 518
576 574
576 577
576 578
577 575
577 576
577 579
577 653
578 519
578 576
578 579
578 580
579 577
579 578
579 580
579 581
579 656
580 519
580 520
580 521
580 578
580 579
580 581
581 521
581 579
581 580
581 582
581 659
582 581
582 583
582 584
582 659
582 660
582 664
583 523
583 582
583 584
583 585
584 582
584 583
584 585
584 664
585 524
585 525
585 583
585 584
585 586
586 525
586 585
586 587
586 590
586 668
587 586
587 590
587 668
587 669
587 673
588 589
588 595
588 671
588 672
588 679
588 680
589 588
589 595
589 672
589 680
590 527
590 586
590 587
590 591
591 590
591 592
591 596
591 673
592 591
592 597
592 673
592 674
592 681
593 534
593 594
593 603
593 604
593 678
593 688
594 593
594 595
594 604
594 679
595 588
595 589
595 594
595 680
596 528
596 530
596 591
596 597
597 531
597 592
597 596
597 598
597 681
598 532
598 597
598 605
598 682
599 600
599 605
599 606
599 683
600 599
600 606
600 607
600 684
600 689
601 602
601 609
601 610
601 686
601 691
602 601
602 603
602 610
602 687
603 533
603 534
603 542
603 593
603 602
603 604
604 533
604 534
604 593
604 594
604 603
605 532
605 536
605 598
605 599
605 606
606 537
606 599
606 600
606 605
606 607
607 538
607 600
607 606
607 689
608 539
608 609
608 690
608 691
609 540
609 601
609 608
609 610
609 691
610 541
610 542
610 601
610 602
610 609
611 549
611 559
611 612
611 619
611 620
612 550
612 611
612 613
612 620
613 551
613 612
613 614
613 621
614 552
614 613
614 615
614 622
615 553
615 614
615 616
615 622
615 623
616 554
616 555
616 560
616 615
616 623
616 624
617 557
617 564
617 618
617 628
618 558
618 617
618 619
618 629
619 559
619 611
619 618
619 630
619 692
620 611
620 612
620 621
620 693
621 613
621 620
621 693
621 694
622 614
622 615
622 623
622 695
623 615
623 616
623 622
623 696
624 560
624 616
624 697
624 698
625 561
625 562
625 626
625 631
625 698
626 562
626 565
626 625
626 631
627 563
627 564
627 567
627 628
627 634
628 564
628 617
628 627
628 629
628 635
628 636
629 618
629 628
629 630
629 636
629 699
630 619
630 629
630 692
630 699
630 700
631 565
631 625
631 626
631 632
631 698
631 706
632 565
632 631
632 633
632 637
632 707
633 632
633 637
633 638
633 714
634 567
634 569
634 627
634 635
635 628
635 634
635 636
635 708
636 628
636 629
636 635
636 699
636 708
637 632
637 633
637 638
637 713
637 714
638 633
638 637
638 642
638 714
639 568
639 569
639 571
639 640
639 643
639 644
640 569
640 639
640 641
640 715
641 640
641 708
641 715
641 716
642 638
642 645
642 714
642 719
643 571
643 639
643 644
643 647
644 639
644 643
644 648
644 715
644 720
645 642
645 646
645 724
645 725
646 645
646 649
646 724
646 725
646 729
647 573
647 643
647 648
647 650
648 644
648 647
648 651
648 726
649 646
649 652
649 725
649 728
649 729
650 575
650 647
650 651
650 653
651 648
651 650
651 654
651 730
652 649
652 729
652 732
652 733
653 577
653 650
653 654
653 656
654 651
654 653
654 657
654 734
655 658
655 733
655 736
655 737
655 742
656 579
656 653
656 657
656 659
657 654
657 656
657 738
657 743
658 655
658 663
658 741
658 742
658 748
659 581
659 582
659 656
659 660
660 582
660 659
660 661
660 743
661 660
661 664
661 665
661 743
661 744
661 749
662 663
662 666
662 667
662 747
662 748
663 658
663 662
663 667
663 748
664 582
664 584
664 661
664 665
664 668
665 661
665 664
665 749
665 755
666 662
666 667
666 754
666 764
667 662
667 663
667 666
667 754
668 586
668 587
668 664
668 669
669 587
669 668
669 670
669 755
670 669
670 674
670 755
670 756
670 765
671 588
671 672
671 679
671 680
671 763
671 764
671 773
672 588
672 589
672 671
672 680
672 764
673 587
673 591
673 592
673 674
674 592
674 670
674 673
674 681
674 765
675 676
675 682
675 765
675 766
676 675
676 683
676 766
676 767
676 774
677 678
677 687
677 688
677 771
677 772
677 778
678 593
678 677
678 688
678 772
679 588
679 594
679 671
679 680
679 773
680 588
680 589
680 595
680 671
680 672
680 679
681 592
681 597
681 674
681 682
682 598
682 675
682 681
682 683
683 599
683 676
683 682
683 774
684 600
684 685
684 689
684 774
684 775
685 684
685 690
685 691
685 776
686 601
686 687
686 691
686 777
687 602
687 677
687 686
687 688
687 778
688 593
688 677
688 678
688 687
689 600
689 607
689 684
689 690
690 608
690 685
690 689
690 691
691 601
691 608
691 609
691 685
691 686
691 690
692 619
692 630
692 693
692 700
693 620
693 621
693 692
693 694
693 701
694 621
694 693
694 695
694 702
695 622
695 694
695 696
695 703
696 623
696 695
696 697
696 704
697 624
697 696
697 698
697 705
698 624
698 625
698 631
698 697
698 705
698 706
699 629
699 630
699 636
699 709
700 630
700 692
700 710
700 779
701 693
701 702
701 711
701 779
701 780
702 694
702 701
702 703
702 780
702 781
703 695
703 702
703 704
703 782
704 696
704 703
704 705
704 783
705 697
705 698
705 704
705 784
705 785
706 631
706 698
706 707
706 712
707 632
707 706
707 712
707 713
708 635
708 636
708 641
708 709
708 716
709 699
709 708
709 717
709 786
710 700
710 711
710 779
710 786
710 787
711 701
711 710
711 779
711 780
711 787
711 788
712 706
712 707
712 785
712 793
712 794
713 637
713 707
713 714
713 794
714 633
714 637
714 638
714 642
714 713
714 719
715 640
715 641
715 644
715 716
715 720
716 641
716 708
716 715
716 721
717 709
717 722
717 786
717 795
718 719
718 723
718 794
718 803
719 642
719 714
719 718
719 723
720 644
720 715
720 721
720 726
721 716
721 720
721 722
721 727
721 804
722 717
722 721
722 795
722 804
722 805
723 718
723 719
723 803
723 809
723 810
724 645
724 646
724 725
724 810
725 645
725 646
725 649
725 724
725 728
725 729
726 648
726 720
726 727
726 730
727 721
727 726
727 731
727 804
727 811
728 649
728 725
728 729
728 816
729 646
729 649
729 652
729 725
729 728
730 651
730 726
730 731
730 734
731 727
731 730
731 811
731 817
732 652
732 733
732 736
732 821
733 652
733 655
733 732
733 737
734 654
734 730
734 735
734 738
735 734
735 739
735 822
735 827
736 655
736 732
736 737
736 741
736 826
737 655
737 733
737 736
737 742
738 657
738 734
738 739
738 743
739 735
739 738
739 740
739 827
740 739
740 744
740 745
740 827
740 828
740 834
741 658
741 736
741 742
741 747
741 748
741 833
742 655
742 658
742 737
742 741
742 748
743 657
743 660
743 661
743 738
743 744
744 661
744 740
744 743
744 745
745 740
745 744
745 834
745 842
746 747
746 753
746 754
746 840
746 841
746 850
747 662
747 741
747 746
747 748
747 841
748 658
748 662
748 663
748 741
748 742
748 747
749 661
749 665
749 750
749 755
750 749
750 751
750 755
750 842
751 750
751 757
751 842
751 843
751 851
752 753
752 762
752 849
752 850
752 857
753 746
753 752
753 754
753 850
754 666
754 667
754 746
754 753
754 764
755 665
755 669
755 670
755 749
755 750
755 756
756 670
756 755
756 757
756 765
757 751
757 756
757 766
757 851
758 759
758 767
758 851
758 852
759 758
759 768
759 852
759 853
759 858
760 761
760 770
760 855
760 856
760 860
760 861
761 760
761 771
761 856
761 861
762 752
762 763
762 772
762 773
762 857
763 671
763 762
763 764
763 773
764 666
764 671
764 672
764 754
764 763
765 670
765 674
765 675
765 756
765 766
766 675
766 676
766 757
766 765
766 767
767 676
767 758
767 766
767 768
768 759
768 767
768 769
768 775
768 858
769 768
769 776
769 858
769 859
770 760
770 777
770 860
770 861
771 677
771 761
771 778
771 861
772 677
772 678
772 762
772 773
773 671
773 679
773 762
773 763
773 772
774 676
774 683
774 684
774 775
775 684
775 768
775 774
775 776
776 685
776 769
776 775
776 777
777 686
777 770
777 776
777 778
778 677
778 687
778 771
778 777
779 700
779 701
779 710
779 711
779 780
779 787
779 788
780 701
780 702
780 711
780 779
780 781
780 788
781 702
781 780
781 782
781 789
782 703
782 781
782 783
782 790
783 704
783 782
783 784
783 791
784 705
784 783
784 785
784 792
785 705
785 712
785 784
785 792
785 793
786 709
786 710
786 717
786 787
786 795
786 796
787 710
787 711
787 779
787 786
787 788
788 711
788 779
788 780
788 787
788 789
789 781
789 788
789 790
789 798
790 782
790 789
790 799
790 862
790 863
791 783
791 800
791 862
791 863
792 784
792 785
792 793
792 801
793 712
793 785
793 792
793 794
794 712
794 713
794 718
794 793
794 803
795 717
795 722
795 786
795 796
795 805
796 786
796 795
796 797
796 806
797 796
797 798
797 807
797 864
798 789
798 797
798 864
798 865
799 790
799 862
799 863
799 866
800 791
800 862
800 863
800 867
801 792
801 802
801 868
801 869
802 801
802 803
802 808
802 869
803 718
803 723
803 794
803 802
803 809
804 721
804 722
804 727
804 805
805 722
805 795
805 804
805 812
806 796
806 807
806 813
806 870
807 797
807 806
807 864
807 870
807 871
808 802
808 809
808 814
808 869
808 876
809 723
809 803
809 808
809 810
809 815
810 723
810 724
810 809
810 816
811 727
811 731
811 812
811 817
812 805
812 811
812 813
812 818
813 806
813 812
813 819
813 877
814 808
814 815
814 876
814 883
814 884
815 809
815 814
815 816
815 884
816 728
816 810
816 815
816 821
817 731
817 811
817 818
817 822
818 812
818 817
818 819
818 823
819 813
819 818
819 824
819 877
819 885
820 821
820 825
820 892
820 900
821 732
821 816
821 820
821 826
822 735
822 817
822 823
822 827
823 818
823 822
823 824
823 828
824 819
824 823
824 829
824 893
824 901
825 820
825 826
825 900
825 908
826 736
826 821
826 825
826 833
827 735
827 739
827 740
827 822
827 828
828 740
828 823
828 827
828 829
828 834
829 824
829 828
829 830
829 835
829 901
830 829
830 835
830 836
830 901
830 902
830 909
831 832
831 839
831 907
831 908
831 914
832 831
832 833
832 840
832 908
833 741
833 826
833 832
833 841
834 740
834 745
834 828
834 842
835 829
835 830
835 836
835 843
836 830
836 835
836 837
836 844
836 909
837 836
837 845
837 909
837 910
837 915
838 839
838 848
838 913
838 914
838 918
839 831
839 838
839 849
839 914
840 746
840 832
840 841
840 850
841 746
841 747
841 833
841 840
842 745
842 750
842 751
842 834
842 843
843 751
843 835
843 842
843 844
843 851
844 836
844 843
844 851
844 852
845 837
845 846
845 853
845 915
846 845
846 847
846 854
846 915
846 916
847 846
847 855
847 917
847 918
848 838
848 849
848 856
848 918
849 752
849 839
849 848
849 850
849 857
850 746
850 752
850 753
850 840
850 849
851 751
851 757
851 758
851 843
851 844
851 852
852 758
852 759
852 844
852 851
852 853
853 759
853 845
853 852
853 854
853 858
854 846
854 853
854 858
854 859
855 760
855 847
855 860
855 861
856 760
856 761
856 848
856 857
856 861
857 752
857 762
857 849
857 856
858 759
858 768
858 769
858 853
858 854
858 859
859 769
859 854
859 858
859 860
860 760
860 770
860 855
860 859
860 861
861 760
861 761
861 770
861 771
861 855
861 856
861 860
862 790
862 791
862 799
862 800
862 863
862 866
862 867
863 790
863 791
863 799
863 800
863 862
863 866
863 867
864 797
864 798
864 807
864 865
864 870
865 798
865 864
865 866
865 872
866 799
866 862
866 863
866 865
866 867
866 873
867 800
867 862
867 863
867 866
867 868
867 874
868 801
868 867
868 869
868 875
869 801
869 802
869 808
869 868
869 875
869 876
870 806
870 807
870 864
870 871
871 807
871 870
871 872
871 878
872 865
872 871
872 873
872 879
873 866
873 872
873 874
873 880
874 867
874 873
874 875
874 881
875 868
875 869
875 874
875 876
875 882
876 808
876 814
876 869
876 875
876 883
877 813
877 819
877 878
877 885
878 871
878 877
878 879
878 886
879 872
879 878
879 880
879 887
880 873
880 879
880 881
880 888
881 874
881 880
881 882
881 889
882 875
882 881
882 883
882 890
883 814
883 876
883 882
883 884
883 891
884 814
884 815
884 883
884 892
885 819
885 877
885 886
885 893
886 878
886 885
886 887
886 894
887 879
887 886
887 888
887 895
888 880
888 887
888 889
888 896
889 881
889 888
889 890
889 897
890 882
890 889
890 891
890 898
891 883
891 890
891 892
891 899
892 820
892 884
892 891
892 900
893 824
893 885
893 894
893 901
894 886
894 893
894 895
894 902
895 887
895 894
895 896
895 903
896 888
896 895
896 897
896 904
897 889
897 896
897 898
897 905
898 890
898 897
898 899
898 906
899 891
899 898
899 900
899 907
899 908
900 820
900 825
900 892
900 899
900 908
901 824
901 829
901 830
901 893
901 902
902 830
902 894
902 901
902 903
902 909
903 895
903 902
903 904
903 910
904 896
904 903
904 905
904 911
905 897
905 904
905 906
905 912
906 898
906 905
906 907
906 913
907 831
907 899
907 906
907 908
907 914
908 825
908 831
908 832
908 899
908 900
908 907
909 830
909 836
909 837
909 902
909 910
910 837
910 903
910 909
910 911
910 915
911 904
911 910
911 912
911 915
911 916
912 905
912 911
912 913
912 917
912 918
913 838
913 906
913 912
913 914
913 918
914 831
914 838
914 839
914 907
914 913
915 837
915 845
915 846
915 910
915 911
915 916
916 846
916 911
916 915
916 917
917 847
917 912
917 916
917 918
918 838
918 847
918 848
918 912
918 913
918 917
