0 1
0 7
0 8
0 60
0 61
1 0
1 8
1 60
1 61
2 3
2 9
2 62
2 63
3 2
3 4
3 62
3 63
4 3
4 5
4 11
4 64
4 65
5 4
5 11
5 12
5 64
5 65
6 7
6 14
6 15
6 66
6 67
6 74
7 0
7 6
7 60
7 67
8 0
8 1
8 9
8 16
8 60
8 68
9 2
9 8
9 10
9 17
9 69
10 9
10 11
10 18
10 70
11 4
11 5
11 10
11 19
11 71
12 5
12 13
12 72
12 73
13 12
13 20
13 21
13 72
13 73
13 81
14 6
14 15
14 22
14 66
14 74
15 6
15 14
15 16
15 23
15 66
15 75
16 8
16 15
16 24
16 76
17 9
17 18
17 77
17 85
18 10
18 17
18 19
18 78
19 11
19 18
19 20
19 27
19 79
20 13
20 19
20 21
20 28
20 73
20 80
21 13
21 20
21 73
21 81
22 14
22 30
22 82
22 90
23 15
23 24
23 31
23 83
24 16
24 23
24 32
24 84
25 26
25 33
25 85
25 120
26 25
26 34
26 86
26 121
27 19
27 28
27 35
27 87
28 20
28 27
28 29
28 36
28 88
29 28
29 37
29 89
29 97
30 22
30 31
30 82
30 90
31 23
31 30
31 32
31 39
31 91
32 24
32 31
32 40
32 92
33 25
33 34
33 93
33 122
34 26
34 33
34 94
34 123
35 27
35 36
35 43
35 95
36 28
36 35
36 44
36 96
37 29
37 45
37 89
37 97
38 39
38 46
38 98
38 106
39 31
39 38
39 40
39 46
39 99
39 106
40 32
40 39
40 41
40 48
40 100
41 40
41 42
41 49
41 101
42 41
42 43
42 50
42 102
43 35
43 42
43 44
43 51
43 103
44 36
44 43
44 45
44 53
44 104
44 113
45 37
45 44
45 53
45 105
45 113
46 38
46 39
46 47
46 98
46 106
46 107
47 46
47 54
47 106
47 107
48 40
48 49
48 54
48 55
48 108
49 41
49 48
49 50
49 109
50 42
50 49
50 51
50 57
50 110
51 43
51 50
51 58
51 59
51 111
51 119
52 53
52 59
52 112
52 119
53 44
53 45
53 52
53 105
53 112
53 113
54 47
54 48
54 55
54 114
54 115
55 48
55 54
55 56
55 114
55 115
56 55
56 57
56 116
56 117
57 50
57 56
57 116
57 117
58 51
58 59
58 118
58 119
59 51
59 52
59 58
59 118
59 119
60 0
60 1
60 7
60 8
60 61
60 67
60 68
61 0
61 1
61 60
61 62
61 68
62 2
62 3
62 61
62 63
63 2
63 3
63 62
63 64
64 4
64 5
64 63
64 65
64 71
65 4
65 5
65 64
65 71
65 72
66 6
66 14
66 15
66 67
66 74
66 75
67 6
67 7
67 60
67 66
68 8
68 60
68 61
68 69
68 76
69 9
69 68
69 70
69 77
70 10
70 69
70 71
70 78
71 11
71 64
71 65
71 70
71 79
72 12
72 13
72 65
72 73
73 12
73 13
73 20
73 21
73 72
73 80
73 81
74 6
74 14
74 66
74 75
74 82
75 15
75 66
75 74
75 76
75 83
76 16
76 68
76 75
76 84
77 17
77 69
77 78
77 85
78 18
78 70
78 77
78 79
78 86
79 19
79 71
79 78
79 80
80 20
80 73
80 79
80 81
80 88
81 13
81 21
81 73
81 80
81 89
82 22
82 30
82 74
82 90
83 23
83 75
83 84
83 91
84 24
84 76
84 83
84 92
85 17
85 25
85 77
85 120
85 121
86 26
86 78
86 87
86 121
86 125
87 27
87 86
87 88
87 95
87 121
88 28
88 80
88 87
88 96
89 29
89 37
89 81
89 97
90 22
90 30
90 82
90 98
91 31
91 83
91 92
91 99
92 32
92 84
92 91
92 93
92 122
93 33
93 92
93 101
93 122
93 126
94 34
94 95
94 102
94 123
94 127
95 35
95 87
95 94
95 96
95 103
96 36
96 88
96 95
96 104
97 29
97 37
97 89
97 105
98 38
98 46
98 90
98 99
98 106
99 39
99 91
99 98
99 100
99 106
100 40
100 99
100 101
100 108
101 41
101 93
101 100
101 102
101 109
102 42
102 94
102 101
102 110
102 123
103 43
103 95
103 104
103 111
104 44
104 96
104 103
104 105
104 113
105 45
105 53
105 97
105 104
105 113
106 38
106 39
106 46
106 47
106 98
106 99
106 107
107 46
107 47
107 106
107 114
108 48
108 100
108 109
108 114
108 115
109 49
109 101
109 108
109 110
110 50
110 102
110 109
110 111
111 51
111 103
111 110
111 118
111 119
112 52
112 53
112 113
112 119
113 44
113 45
113 53
113 104
113 105
113 112
114 54
114 55
114 107
114 108
114 115
115 54
115 55
115 108
115 114
115 116
116 56
116 57
116 115
116 117
117 56
117 57
117 116
117 118
118 58
118 59
118 111
118 117
118 119
119 51
119 52
119 58
119 59
119 111
119 112
119 118
120 25
120 85
120 121
120 124
121 26
121 85
121 86
121 87
121 120
121 125
122 33
122 92
122 93
122 123
122 126
123 34
123 94
123 102
123 122
123 127
124 120
124 125
124 126
124 127
125 86
125 121
125 124
125 127
126 93
126 122
126 124
126 127
127 94
127 123
127 124
127 125
127 126
128 129
128 130
128 132
128 134
129 128
129 131
129 132
129 133
130 128
130 131
130 134
130 135
131 129
131 130
131 133
131 135
132 128
132 129
132 133
132 134
132 136
133 129
133 131
133 132
133 135
133 137
134 128
134 130
134 132
134 135
134 138
135 130
135 131
135 133
135 134
135 139
136 132
136 137
136 138
136 139
136 140
137 133
137 136
137 138
137 139
137 141
138 134
138 136
138 137
138 139
138 142
139 135
139 136
139 137
139 138
139 143
140 136
140 141
140 142
140 143
141 137
141 140
141 142
141 143
142 138
142 140
142 141
142 143
143 139
143 140
143 141
143 142
144 145
144 146
144 147
144 148
145 144
145 146
145 147
145 149
146 144
146 145
146 147
146 150
147 144
147 145
147 146
147 151
148 144
148 149
148 150
148 151
148 152
149 145
149 148
149 150
149 151
149 153
150 146
150 148
150 149
150 151
150 154
151 147
151 148
151 149
151 150
151 155
152 148
152 153
152 154
152 155
153 149
153 152
153 154
153 155
154 150
154 152
154 153
154 155
155 151
155 152
155 153
155 154
156 157
156 158
156 159
156 160
157 156
157 158
157 159
157 161
158 156
158 157
158 159
158 162
159 156
159 157
159 158
159 163
160 156
160 161
160 162
160 163
161 157
161 160
161 162
161 163
162 158
162 160
162 161
162 163
163 159
163 160
163 161
163 162
164 165
164 166
164 167
164 168
165 164
165 166
165 167
165 169
166 164
166 165
166 167
166 170
167 164
167 165
167 166
167 171
168 164
168 169
168 170
168 171
168 172
169 165
169 168
169 170
169 171
169 173
170 166
170 168
170 169
170 171
170 174
171 167
171 168
171 169
171 170
171 175
172 168
172 173
172 174
172 176
173 169
173 172
173 175
173 177
174 170
174 172
174 175
174 178
175 171
175 173
175 174
175 179
176 172
176 177
176 178
176 180
177 173
177 176
177 179
177 181
178 174
178 176
178 179
178 182
179 175
179 177
179 178
179 183
180 176
180 181
180 182
180 187
181 177
181 180
181 183
181 188
182 178
182 180
182 183
182 191
183 179
183 181
183 182
183 192
184 185
184 187
184 188
184 196
184 197
185 184
185 187
185 188
185 196
185 197
185 200
186 187
186 190
186 191
186 198
186 199
186 202
187 180
187 184
187 185
187 186
187 190
188 181
188 184
188 185
188 189
188 193
189 188
189 192
189 193
189 201
189 205
190 186
190 187
190 191
190 198
190 202
191 182
191 186
191 190
191 194
191 195
192 183
192 189
192 193
192 194
192 195
193 188
193 189
193 192
193 201
193 204
193 205
194 191
194 192
194 195
194 203
194 206
194 207
195 191
195 192
195 194
195 206
195 207
196 184
196 185
196 197
196 199
196 208
196 209
196 211
197 184
197 185
197 196
197 200
197 208
197 209
198 186
198 190
198 199
198 202
198 210
198 214
199 186
199 196
199 198
199 211
200 185
200 197
200 201
200 209
201 189
201 193
201 200
201 205
201 213
201 217
202 186
202 190
202 198
202 203
202 210
202 214
203 194
203 202
203 206
203 218
204 193
204 205
204 207
204 217
205 189
205 193
205 201
205 204
205 217
206 194
206 195
206 203
206 207
206 218
206 219
207 194
207 195
207 204
207 206
207 218
207 219
208 196
208 197
208 209
208 211
209 196
209 197
209 200
209 208
209 212
210 198
210 202
210 211
210 214
211 196
211 199
211 208
211 210
212 209
212 213
212 613
212 617
213 201
213 212
213 217
213 613
214 198
214 202
214 210
214 215
215 214
215 218
215 614
215 618
216 217
216 219
216 615
216 619
217 201
217 204
217 205
217 213
217 216
218 203
218 206
218 207
218 215
218 219
219 206
219 207
219 216
219 218
220 221
220 223
220 233
220 237
220 616
221 220
221 224
221 234
221 238
222 223
222 226
222 236
222 237
223 220
223 222
223 237
223 612
223 616
224 221
224 225
224 238
224 613
224 617
225 224
225 229
225 238
225 239
226 222
226 227
226 240
226 241
227 226
227 230
227 241
227 614
227 618
228 229
228 231
228 242
228 615
228 619
229 225
229 228
229 242
229 243
230 227
230 231
230 241
230 245
231 228
231 230
231 242
231 246
232 233
232 236
232 237
232 253
233 220
233 232
233 237
233 254
234 221
234 235
234 238
234 255
235 234
235 238
235 239
235 256
236 222
236 232
236 237
236 240
237 220
237 222
237 223
237 232
237 233
237 236
238 221
238 224
238 225
238 234
238 235
238 239
239 225
239 235
239 238
239 243
239 260
240 226
240 236
240 241
240 244
240 263
241 226
241 227
241 230
241 240
241 244
241 245
242 228
242 229
242 231
242 243
242 246
242 247
243 229
243 239
243 242
243 247
244 240
244 241
244 245
244 267
245 230
245 241
245 244
245 268
246 231
246 242
246 247
246 269
247 242
247 243
247 246
247 270
248 249
248 253
248 254
248 277
248 278
248 282
248 283
249 248
249 250
249 254
249 278
249 283
250 249
250 251
250 255
250 279
251 250
251 255
251 256
251 279
251 280
251 284
252 253
252 258
252 259
252 282
252 287
253 232
253 248
253 252
253 259
253 283
254 233
254 248
254 249
254 283
255 234
255 250
255 251
255 256
256 235
256 251
256 255
256 257
256 288
257 256
257 260
257 261
257 284
257 285
257 288
257 289
258 252
258 259
258 262
258 286
258 287
259 252
259 253
259 258
259 287
260 239
260 257
260 261
260 288
261 257
261 260
261 265
261 288
261 289
262 258
262 263
262 266
262 290
262 291
263 240
263 262
263 266
263 291
264 265
264 270
264 271
264 292
265 261
265 264
265 271
265 292
265 293
266 262
266 263
266 267
266 290
266 291
266 294
266 295
267 244
267 266
267 268
267 272
267 291
268 245
268 267
268 272
268 273
269 246
269 274
269 275
269 296
270 247
270 264
270 271
270 275
270 296
271 264
271 265
271 270
271 292
271 297
272 267
272 268
272 273
272 295
272 299
272 300
273 268
273 272
273 274
273 300
274 269
274 273
274 275
274 296
274 301
275 269
275 270
275 274
275 296
275 297
275 301
275 302
276 277
276 281
276 308
276 316
277 248
277 276
277 282
277 283
277 316
278 248
278 249
278 283
278 310
279 250
279 251
279 280
279 311
280 251
280 279
280 284
280 317
281 276
281 282
281 286
281 287
281 316
282 248
282 252
282 277
282 281
283 248
283 249
283 253
283 254
283 277
283 278
284 251
284 257
284 280
284 285
284 288
284 317
285 257
285 284
285 288
285 317
286 258
286 281
286 287
286 321
287 252
287 258
287 259
287 281
287 286
288 256
288 257
288 260
288 261
288 284
288 285
288 289
289 257
289 261
289 288
289 322
290 262
290 266
290 291
290 325
291 262
291 263
291 266
291 267
291 290
291 294
291 295
292 264
292 265
292 271
292 293
292 298
293 265
293 292
293 298
293 326
294 266
294 291
294 295
294 330
295 266
295 272
295 291
295 294
295 299
295 330
296 269
296 270
296 274
296 275
296 301
296 302
297 271
297 275
297 298
297 302
298 292
298 293
298 297
298 303
298 331
299 272
299 295
299 300
299 330
300 272
300 273
300 299
300 336
301 274
301 275
301 296
301 337
302 275
302 296
302 297
302 303
302 331
303 298
303 302
303 331
303 339
304 305
304 309
304 310
304 345
304 352
305 304
305 306
305 310
305 346
306 305
306 307
306 311
306 347
307 306
307 311
307 312
307 348
307 353
308 276
308 309
308 315
308 316
308 351
309 304
309 308
309 310
309 316
309 352
310 278
310 304
310 305
310 309
311 279
311 306
311 307
311 312
312 307
312 311
312 313
312 317
312 353
313 312
313 317
313 318
313 354
314 315
314 320
314 321
314 356
314 357
315 308
315 314
315 316
315 321
315 357
316 276
316 277
316 281
316 308
316 309
316 315
317 280
317 284
317 285
317 312
317 313
317 318
318 313
318 317
318 319
318 322
318 358
319 318
319 322
319 323
319 358
319 359
320 314
320 321
320 324
320 360
321 286
321 314
321 315
321 320
322 289
322 318
322 319
322 323
323 319
323 322
323 327
323 361
324 320
324 325
324 328
324 362
325 290
325 324
325 328
325 329
326 293
326 327
326 332
326 333
327 323
327 326
327 333
327 363
328 324
328 325
328 329
328 364
328 365
329 325
329 328
329 330
329 334
329 365
330 294
330 295
330 299
330 329
330 334
330 335
331 298
331 302
331 303
331 332
331 338
331 339
332 326
332 331
332 333
332 339
332 366
333 326
333 327
333 332
333 366
333 367
334 329
334 330
334 335
334 369
335 330
335 334
335 336
335 340
335 370
336 300
336 335
336 340
336 341
337 301
337 338
337 342
337 343
338 331
338 337
338 339
338 343
338 371
339 303
339 331
339 332
339 338
339 372
340 335
340 336
340 341
340 370
340 375
341 336
341 340
341 342
341 376
342 337
342 341
342 343
342 377
343 337
343 338
343 342
343 371
343 378
344 345
344 351
344 352
344 387
344 396
345 304
345 344
345 346
345 352
345 388
346 305
346 345
346 347
346 389
347 306
347 346
347 348
347 390
348 307
348 347
348 349
348 353
348 391
349 348
349 353
349 354
349 392
349 397
350 351
350 356
350 357
350 395
350 396
351 308
351 344
351 350
351 396
352 304
352 309
352 344
352 345
353 307
353 312
353 348
353 349
353 354
354 313
354 349
354 353
354 355
355 354
355 358
355 359
355 397
355 398
356 314
356 350
356 357
356 360
356 401
357 314
357 315
357 350
357 356
358 318
358 319
358 355
358 359
359 319
359 355
359 358
359 361
359 402
360 320
360 356
360 362
360 405
361 323
361 359
361 363
361 406
362 324
362 360
362 364
362 409
363 327
363 361
363 367
363 410
364 328
364 362
364 365
364 368
364 413
365 328
365 329
365 364
365 368
366 332
366 333
366 367
366 373
367 333
367 363
367 366
367 373
367 414
368 364
368 365
368 369
368 417
368 418
369 334
369 368
369 370
369 374
370 335
370 340
370 369
370 374
370 375
371 338
371 343
371 378
371 379
372 339
372 373
372 379
372 419
373 366
373 367
373 372
373 419
373 420
374 369
374 370
374 375
374 418
374 423
375 340
375 370
375 374
375 376
375 424
376 341
376 375
376 377
376 425
377 342
377 376
377 378
377 426
378 343
378 371
378 377
378 379
378 427
379 371
379 372
379 378
379 419
379 428
380 381
380 387
380 388
380 441
380 450
381 380
381 382
381 388
381 389
381 442
382 381
382 383
382 389
382 443
383 382
383 384
383 390
383 444
384 383
384 385
384 390
384 391
384 445
384 451
385 384
385 391
385 392
385 446
385 451
385 452
386 387
386 395
386 396
386 456
387 344
387 380
387 386
387 388
387 396
387 450
388 345
388 380
388 381
388 387
388 389
389 346
389 381
389 382
389 388
390 347
390 383
390 384
390 391
391 348
391 384
391 385
391 390
391 451
392 349
392 385
392 393
392 397
393 392
393 397
393 398
393 452
394 395
394 400
394 401
394 455
394 456
394 459
395 350
395 386
395 394
395 396
395 401
395 456
396 344
396 350
396 351
396 386
396 387
396 395
397 349
397 355
397 392
397 393
397 398
398 355
398 393
398 397
398 399
398 402
398 457
399 398
399 402
399 403
399 457
399 458
400 394
400 401
400 404
400 405
400 459
401 356
401 394
401 395
401 400
401 405
402 359
402 398
402 399
402 403
402 406
403 399
403 402
403 406
403 407
403 460
404 400
404 405
404 408
404 463
405 360
405 400
405 401
405 404
406 361
406 402
406 403
406 407
407 403
407 406
407 411
407 464
408 404
408 409
408 412
408 467
409 362
409 408
409 412
409 413
410 363
410 411
410 414
410 415
411 407
411 410
411 415
411 468
412 408
412 409
412 413
412 416
412 471
413 364
413 409
413 412
413 416
413 417
414 367
414 410
414 415
414 420
414 421
415 410
415 411
415 414
415 421
415 472
416 412
416 413
416 417
416 473
416 474
417 368
417 413
417 416
417 418
417 422
417 474
418 368
418 374
418 417
418 422
418 423
419 372
419 373
419 379
419 420
419 428
419 429
420 373
420 414
420 419
420 421
420 429
420 475
421 414
421 415
421 420
421 472
421 475
421 476
422 417
422 418
422 423
422 479
423 374
423 418
423 422
423 430
424 375
424 425
424 430
424 431
424 480
425 376
425 424
425 431
425 432
426 377
426 427
426 433
426 434
427 378
427 426
427 428
427 434
427 435
428 379
428 419
428 427
428 429
428 435
428 481
429 419
429 420
429 428
429 475
430 423
430 424
430 431
430 479
430 480
430 485
431 424
431 425
431 430
431 432
431 480
431 486
432 425
432 431
432 433
432 487
433 426
433 432
433 434
433 488
434 426
434 427
434 433
434 435
434 489
435 427
435 428
435 434
435 481
435 490
436 437
436 442
436 443
436 497
436 498
436 504
436 505
437 436
437 443
437 498
437 505
438 439
438 444
438 499
438 506
439 438
439 444
439 445
439 499
439 500
439 506
439 507
440 441
440 449
440 450
440 502
440 503
440 511
441 380
441 440
441 442
441 450
441 503
442 381
442 436
442 441
442 504
443 382
443 436
443 437
443 505
444 383
444 438
444 439
444 445
444 506
445 384
445 439
445 444
445 451
445 507
446 385
446 447
446 451
446 452
447 446
447 452
447 453
447 508
447 509
447 512
448 449
448 455
448 456
448 510
448 515
449 440
449 448
449 456
449 511
450 380
450 387
450 440
450 441
451 384
451 385
451 391
451 445
451 446
451 452
452 385
452 393
452 446
452 447
452 451
453 447
453 454
453 457
453 512
454 453
454 457
454 458
454 513
454 516
455 394
455 448
455 456
455 459
456 386
456 394
456 395
456 448
456 449
456 455
457 398
457 399
457 453
457 454
457 458
458 399
458 454
458 457
458 460
459 394
459 400
459 455
459 463
459 519
460 403
460 458
460 461
460 520
461 460
461 464
461 465
461 520
461 521
461 524
461 525
462 463
462 466
462 522
462 523
463 404
463 459
463 462
463 523
464 407
464 461
464 465
464 524
465 461
465 464
465 469
465 524
465 525
466 462
466 467
466 470
466 526
466 527
467 408
467 466
467 470
467 527
468 411
468 469
468 472
468 528
469 465
469 468
469 528
469 529
470 466
470 467
470 471
470 526
470 527
470 530
470 531
471 412
471 470
471 473
471 531
472 415
472 421
472 468
472 476
472 532
473 416
473 471
473 474
473 477
474 416
474 417
474 473
474 477
474 478
475 420
475 421
475 429
475 476
475 482
475 483
476 421
476 472
476 475
476 483
477 473
477 474
477 478
477 535
477 538
478 474
478 477
478 484
478 539
479 422
479 430
479 480
479 484
479 485
480 424
480 430
480 431
480 479
480 485
480 486
481 428
481 435
481 490
481 491
482 475
482 483
482 491
482 540
483 475
483 476
483 482
483 536
483 541
484 478
484 479
484 485
484 539
484 542
484 543
485 430
485 479
485 480
485 484
486 431
486 480
486 487
486 492
486 544
487 432
487 486
487 492
487 493
487 545
488 433
488 494
488 495
488 546
489 434
489 490
489 495
489 547
490 435
490 481
490 489
490 491
490 548
491 481
491 482
491 490
491 540
491 548
491 549
492 486
492 487
492 493
492 544
492 545
492 551
492 552
493 487
493 492
493 545
493 552
494 488
494 495
494 546
494 553
495 488
495 489
495 494
495 546
495 547
495 553
495 554
496 497
496 503
496 504
496 556
496 557
496 558
496 566
497 436
497 496
497 504
497 558
498 436
498 437
498 505
498 559
499 438
499 439
499 500
499 506
499 559
499 560
500 439
500 499
500 501
500 507
500 560
500 561
501 500
501 507
501 508
501 561
501 562
501 563
501 567
502 440
502 503
502 511
502 564
502 565
502 572
503 440
503 441
503 496
503 502
503 557
504 436
504 442
504 496
504 497
505 436
505 437
505 443
505 498
506 438
506 439
506 444
506 499
507 439
507 445
507 500
507 501
508 447
508 501
508 509
508 567
509 447
509 508
509 512
509 568
509 569
509 573
510 448
510 511
510 515
510 571
510 572
511 440
511 449
511 502
511 510
511 572
512 447
512 453
512 509
512 513
512 573
513 454
513 512
513 516
513 573
513 574
514 515
514 518
514 519
514 570
514 576
514 577
514 580
515 448
515 510
515 514
515 519
515 576
516 454
516 513
516 517
516 520
516 579
517 516
517 520
517 521
517 575
517 578
517 579
517 581
518 514
518 519
518 522
518 580
518 582
519 459
519 514
519 515
519 518
519 523
520 460
520 461
520 516
520 517
520 521
521 461
521 517
521 520
521 581
522 462
522 518
522 523
522 582
522 584
523 462
523 463
523 519
523 522
524 461
524 464
524 465
524 525
525 461
525 465
525 524
525 583
526 466
526 470
526 527
526 584
527 466
527 467
527 470
527 526
528 468
528 469
528 529
528 532
529 469
529 528
529 533
529 583
529 585
530 470
530 531
530 534
530 586
531 470
531 471
531 530
531 534
531 535
532 472
532 528
532 533
532 536
532 537
533 529
533 532
533 537
533 585
533 587
534 530
534 531
534 535
534 586
534 588
534 589
534 592
535 477
535 531
535 534
535 538
535 588
536 483
536 532
536 537
536 541
536 591
537 532
537 533
537 536
537 587
537 590
537 591
537 597
538 477
538 535
538 539
538 593
538 594
539 478
539 484
539 538
539 542
539 594
540 482
540 491
540 541
540 549
540 595
541 483
541 536
541 540
541 595
541 596
542 484
542 539
542 543
542 594
542 598
542 599
543 484
543 542
543 550
543 600
544 486
544 492
544 550
544 551
545 487
545 492
545 493
545 552
546 488
546 494
546 495
546 553
547 489
547 495
547 554
547 555
548 490
548 491
548 549
548 555
548 610
549 491
549 540
549 548
549 595
549 602
549 603
550 543
550 544
550 551
550 600
550 604
550 605
550 606
551 492
551 544
551 550
551 552
551 606
551 607
552 492
552 493
552 545
552 551
552 607
552 608
553 494
553 495
553 546
553 608
554 495
554 547
554 555
554 609
555 547
555 548
555 554
555 601
555 609
555 610
555 611
556 496
556 557
556 565
556 566
557 496
557 503
557 556
557 558
557 566
558 496
558 497
558 557
558 559
559 498
559 499
559 558
559 560
560 499
560 500
560 559
560 561
561 500
561 501
561 560
561 562
562 501
562 561
562 563
562 567
563 501
563 562
563 567
563 568
564 502
564 565
564 571
564 572
565 502
565 556
565 564
565 566
565 572
566 496
566 556
566 557
566 565
567 501
567 508
567 562
567 563
567 568
568 509
568 563
568 567
568 569
568 573
569 509
569 568
569 573
569 574
570 514
570 571
570 576
570 577
571 510
571 564
571 570
571 572
571 577
572 502
572 510
572 511
572 564
572 565
572 571
573 509
573 512
573 513
573 568
573 569
573 574
574 513
574 569
574 573
574 575
574 578
575 517
575 574
575 578
575 579
576 514
576 515
576 570
576 577
576 580
577 514
577 570
577 571
577 576
578 517
578 574
578 575
578 579
579 516
579 517
579 575
579 578
579 581
580 514
580 518
580 576
580 582
581 517
581 521
581 579
581 583
582 518
582 522
582 580
582 584
583 525
583 529
583 581
583 585
584 522
584 526
584 582
584 586
585 529
585 533
585 583
585 587
586 530
586 534
586 584
586 588
587 533
587 537
587 585
587 591
588 534
588 535
588 586
588 589
588 592
589 534
589 588
589 592
589 593
590 537
590 591
590 596
590 597
591 536
591 537
591 587
591 590
591 597
592 534
592 588
592 589
592 593
593 538
593 589
593 592
593 594
593 598
594 538
594 539
594 542
594 593
594 598
594 599
595 540
595 541
595 549
595 596
595 602
595 603
596 541
596 590
596 595
596 597
596 603
597 537
597 590
597 591
597 596
598 542
598 593
598 594
598 599
599 542
599 594
599 598
599 600
599 604
600 543
600 550
600 599
600 604
600 605
601 555
601 602
601 610
601 611
602 549
602 595
602 601
602 603
602 611
603 549
603 595
603 596
603 602
604 550
604 599
604 600
604 605
605 550
605 600
605 604
605 606
606 550
606 551
606 605
606 607
607 551
607 552
607 606
607 608
608 552
608 553
608 607
608 609
609 554
609 555
609 608
609 610
610 548
610 555
610 601
610 609
610 611
611 555
611 601
611 602
611 610
612 223
612 614
612 616
612 618
613 212
613 213
613 224
613 615
613 617
614 215
614 227
614 612
614 615
614 618
615 216
615 228
615 613
615 614
615 619
616 220
616 223
616 612
616 618
617 212
617 224
617 613
617 619
618 215
618 227
618 612
618 614
618 616
619 216
619 228
619 615
619 617
