0 1
0 2
0 3
0 4
1 0
1 3
1 4
1 5
2 0
2 3
2 6
2 7
2 10
3 0
3 1
3 2
3 4
3 6
3 7
4 0
4 1
4 3
4 5
4 8
5 1
5 4
5 8
5 10
5 11
6 2
6 3
6 7
6 10
6 13
7 2
7 3
7 6
7 10
8 4
8 5
8 9
8 10
8 11
9 8
9 11
9 12
9 15
9 16
9 17
9 18
10 2
10 5
10 6
10 7
10 8
10 11
10 14
11 5
11 8
11 9
11 10
11 12
12 9
12 11
12 16
12 17
12 18
13 6
13 14
13 19
13 20
14 10
14 13
14 15
14 20
15 9
15 14
15 16
15 17
15 18
16 9
16 12
16 15
16 17
16 18
16 22
16 24
17 9
17 12
17 15
17 16
17 18
18 9
18 12
18 15
18 16
18 17
19 13
19 20
19 25
19 26
20 13
20 14
20 19
20 21
20 26
21 20
21 22
21 23
21 27
21 29
22 16
22 21
22 23
22 24
22 28
22 29
22 30
23 21
23 22
23 24
23 29
24 16
24 22
24 23
24 29
25 19
25 26
25 31
25 32
26 19
26 20
26 25
26 27
26 31
26 32
27 21
27 26
27 29
27 30
27 33
28 22
28 29
28 30
28 36
29 21
29 22
29 23
29 24
29 27
29 28
29 30
30 22
30 27
30 28
30 29
30 36
31 25
31 26
31 32
31 38
32 25
32 26
32 31
32 33
32 38
32 39
33 27
33 32
33 34
33 40
34 33
34 35
34 36
34 37
35 34
35 36
35 37
35 43
36 28
36 30
36 34
36 35
36 37
37 34
37 35
37 36
37 43
38 31
38 32
38 39
38 45
39 32
39 38
39 40
39 45
39 46
40 33
40 39
40 41
40 47
41 40
41 42
41 43
41 44
42 41
42 43
42 44
42 50
43 35
43 37
43 41
43 42
43 44
43 50
44 41
44 42
44 43
44 50
45 38
45 39
45 46
45 52
46 39
46 45
46 47
46 52
46 53
47 40
47 46
47 48
47 54
48 47
48 49
48 50
48 51
48 55
49 48
49 50
49 51
49 56
49 57
50 42
50 43
50 44
50 48
50 49
50 51
51 48
51 49
51 50
51 57
52 45
52 46
52 53
52 58
53 46
53 52
53 54
53 59
54 47
54 53
54 55
54 60
55 48
55 54
55 57
55 61
56 49
56 57
56 62
56 64
57 49
57 51
57 55
57 56
58 52
58 59
58 66
58 67
59 53
59 58
59 60
59 66
59 67
60 54
60 59
60 61
60 68
61 55
61 60
61 62
61 69
62 56
62 61
62 63
62 64
62 65
63 62
63 64
63 65
63 73
64 56
64 62
64 63
64 65
64 72
65 62
65 63
65 64
65 71
65 72
65 73
66 58
66 59
66 67
66 74
67 58
67 59
67 66
67 68
67 75
68 60
68 67
68 69
68 76
69 61
69 68
69 70
69 77
70 69
70 71
70 72
70 73
70 78
71 65
71 70
71 72
71 73
71 80
72 64
72 65
72 70
72 71
72 73
73 63
73 65
73 70
73 71
73 72
74 66
74 75
74 81
74 82
75 67
75 74
75 76
75 81
75 82
76 68
76 75
76 77
76 83
77 69
77 76
77 78
77 84
78 70
78 77
78 79
78 80
78 85
79 78
79 80
79 86
79 87
80 71
80 78
80 79
80 87
81 74
81 75
81 82
81 88
82 74
82 75
82 81
82 83
82 88
83 76
83 82
83 84
83 89
84 77
84 83
84 85
84 90
85 78
85 84
85 86
85 91
86 79
86 85
86 87
86 92
86 94
87 79
87 80
87 86
87 94
88 81
88 82
88 89
88 96
89 83
89 88
89 90
89 96
89 97
90 84
90 89
90 91
90 98
91 85
91 90
91 92
91 99
92 86
92 91
92 93
92 94
92 95
92 102
93 92
93 94
93 95
93 100
93 102
94 86
94 87
94 92
94 93
94 95
94 102
95 92
95 93
95 94
95 102
95 103
96 88
96 89
96 97
96 104
97 89
97 96
97 98
97 104
97 105
98 90
98 97
98 99
98 106
99 91
99 98
99 100
99 107
100 93
100 99
100 101
100 102
100 103
100 108
101 100
101 102
101 103
101 109
101 110
102 92
102 93
102 94
102 95
102 100
102 101
102 103
103 95
103 100
103 101
103 102
103 109
103 110
104 96
104 97
104 105
104 111
105 97
105 104
105 106
105 111
105 112
106 98
106 105
106 107
106 113
107 99
107 106
107 108
107 114
108 100
108 107
108 109
108 110
108 115
109 101
109 103
109 108
109 110
109 116
110 101
110 103
110 108
110 109
110 116
111 104
111 105
111 112
111 117
112 105
112 111
112 113
112 117
112 118
113 106
113 112
113 114
113 119
114 107
114 113
114 115
114 120
115 108
115 114
115 116
115 121
116 109
116 110
116 115
116 122
117 111
117 112
117 118
117 123
118 112
118 117
118 119
118 123
118 124
119 113
119 118
119 120
119 125
120 114
120 119
120 121
120 126
121 115
121 120
121 122
121 127
122 116
122 121
122 128
122 129
123 117
123 118
123 124
123 130
124 118
124 123
124 125
124 131
125 119
125 124
125 126
125 132
126 120
126 125
126 127
126 133
127 121
127 126
127 128
127 134
128 122
128 127
128 129
128 135
129 122
129 128
129 135
129 136
130 123
130 131
130 137
130 138
131 124
131 130
131 132
131 137
131 138
132 125
132 131
132 133
132 139
133 126
133 132
133 134
133 140
134 127
134 133
134 135
134 141
135 128
135 129
135 134
135 136
135 142
136 129
136 135
136 142
136 143
137 130
137 131
137 138
137 139
138 130
138 131
138 137
138 139
138 144
139 132
139 137
139 138
139 140
139 144
139 145
140 133
140 139
140 141
140 145
140 146
141 134
141 140
141 142
141 147
142 135
142 136
142 141
142 143
142 148
142 149
143 136
143 142
143 148
143 149
144 138
144 139
144 145
144 150
144 156
145 139
145 140
145 144
145 146
145 150
146 140
146 145
146 147
146 152
147 141
147 146
147 148
147 153
148 142
148 143
148 147
148 149
148 154
148 155
149 142
149 143
149 148
149 155
150 144
150 145
150 151
150 156
151 150
151 152
151 156
151 157
152 146
152 151
152 153
152 157
152 158
153 147
153 152
153 154
153 158
154 148
154 153
154 155
154 160
155 148
155 149
155 154
155 161
156 144
156 150
156 151
156 157
157 151
157 152
157 156
157 158
158 152
158 153
158 157
158 159
158 163
159 158
159 160
159 163
159 164
159 168
159 169
159 173
160 154
160 159
160 161
160 165
161 155
161 160
161 162
161 166
161 167
162 161
162 166
162 167
162 172
163 158
163 159
163 164
163 168
163 173
163 174
164 159
164 163
164 165
164 173
164 174
165 160
165 164
165 166
165 175
166 161
166 162
166 165
166 167
166 176
167 161
167 162
167 166
167 172
167 176
167 177
168 159
168 163
168 169
168 173
168 174
169 159
169 168
169 174
169 178
170 171
170 175
170 179
170 180
171 170
171 172
171 176
171 180
172 162
172 167
172 171
172 177
172 181
173 159
173 163
173 164
173 168
173 174
174 163
174 164
174 168
174 169
174 173
174 178
174 182
175 165
175 170
175 176
175 182
175 183
176 166
176 167
176 171
176 175
176 177
176 184
177 167
177 172
177 176
177 185
178 169
178 174
178 179
178 182
179 170
179 178
179 180
179 183
179 186
180 170
180 171
180 179
180 181
180 184
180 187
181 172
181 180
181 185
181 188
182 174
182 175
182 178
182 183
183 175
183 179
183 182
183 184
183 189
184 176
184 180
184 183
184 185
184 190
185 177
185 181
185 184
185 191
186 179
186 187
186 189
186 192
187 180
187 186
187 188
187 193
188 181
188 187
188 191
188 194
189 183
189 186
189 190
189 195
190 184
190 189
190 191
190 196
191 185
191 188
191 190
191 197
192 186
192 193
192 195
192 198
193 187
193 192
193 194
193 196
193 199
194 188
194 193
194 197
194 200
195 189
195 192
195 196
195 202
196 190
196 193
196 195
196 197
196 203
197 191
197 194
197 196
197 204
198 192
198 199
198 202
198 206
199 193
199 198
199 203
199 207
200 194
200 201
200 204
200 205
201 200
201 204
201 205
201 208
201 209
201 212
201 213
202 195
202 198
202 203
202 210
203 196
203 199
203 202
203 211
204 197
204 200
204 201
204 205
204 212
205 200
205 201
205 204
205 208
205 209
205 212
205 213
206 198
206 207
206 210
206 211
206 214
207 199
207 206
207 210
207 211
208 201
208 205
208 209
208 213
209 201
209 205
209 208
209 212
209 213
209 217
210 202
210 206
210 207
210 211
210 218
211 203
211 206
211 207
211 210
211 219
212 201
212 204
212 205
212 209
212 213
213 201
213 205
213 208
213 209
213 212
213 221
214 206
214 215
214 218
214 222
215 214
215 216
215 219
215 223
215 224
216 215
216 217
216 220
216 224
217 209
217 216
217 221
217 225
218 210
218 214
218 219
218 226
219 211
219 215
219 218
219 220
219 227
220 216
220 219
220 221
220 228
221 213
221 217
221 220
221 229
222 214
222 223
222 226
222 227
222 230
222 234
223 215
223 222
223 224
223 227
224 215
224 216
224 223
224 225
224 228
225 217
225 224
225 229
225 233
226 218
226 222
226 227
226 234
227 219
227 222
227 223
227 226
227 228
227 234
228 220
228 224
228 227
228 229
229 221
229 225
229 228
229 237
230 222
230 231
230 234
230 235
231 230
231 232
231 234
231 235
231 238
232 231
232 233
232 236
232 239
233 225
233 232
233 237
233 240
234 222
234 226
234 227
234 230
234 231
234 235
235 230
235 231
235 234
235 236
235 242
236 232
236 235
236 237
236 243
237 229
237 233
237 236
237 244
238 231
238 239
238 242
238 246
239 232
239 238
239 243
239 247
240 233
240 241
240 244
240 245
241 240
241 244
241 245
241 248
241 249
241 252
242 235
242 238
242 243
242 250
243 236
243 239
243 242
243 251
244 237
244 240
244 241
244 245
244 252
245 240
245 241
245 244
245 252
245 253
246 238
246 247
246 250
246 254
247 239
247 246
247 254
247 255
248 241
248 249
248 253
248 256
249 241
249 248
249 252
249 253
249 256
249 257
250 242
250 246
250 251
250 258
251 243
251 250
251 258
251 259
252 241
252 244
252 245
252 249
252 253
252 260
253 245
253 248
253 249
253 252
253 260
253 261
254 246
254 247
254 255
254 258
254 259
255 247
255 254
255 259
255 263
256 248
256 249
256 257
256 264
257 249
257 256
257 261
257 265
258 250
258 251
258 254
258 259
259 251
259 254
259 255
259 258
259 267
260 252
260 253
260 261
260 268
261 253
261 257
261 260
261 269
262 263
262 266
262 267
262 270
263 255
263 262
263 266
263 267
264 256
264 265
264 268
264 272
265 257
265 264
265 269
265 273
266 262
266 263
266 267
266 274
266 275
267 259
267 262
267 263
267 266
267 275
268 260
268 264
268 269
268 276
269 261
269 265
269 268
269 277
270 262
270 271
270 274
270 278
271 270
271 272
271 278
271 279
272 264
272 271
272 273
272 280
273 265
273 272
273 277
273 281
274 266
274 270
274 275
274 278
274 282
275 266
275 267
275 274
275 282
275 283
276 268
276 277
276 284
276 285
277 269
277 273
277 276
277 285
278 270
278 271
278 274
278 279
278 282
278 283
279 271
279 278
279 280
279 282
279 283
280 272
280 279
280 281
280 284
281 273
281 280
281 284
281 285
282 274
282 275
282 278
282 279
282 283
283 275
283 278
283 279
283 282
283 284
284 276
284 280
284 281
284 283
284 285
285 276
285 277
285 281
285 284
