0 1
0 9
0 10
0 216
0 217
0 225
0 226
1 0
1 2
1 10
1 11
1 217
1 226
2 1
2 3
2 11
2 218
3 2
3 4
3 12
3 219
4 3
4 5
4 13
4 220
5 4
5 6
5 14
5 221
6 5
6 7
6 14
6 15
6 222
7 6
7 15
7 16
7 223
7 227
7 228
8 9
8 19
8 20
8 224
8 231
9 0
9 8
9 10
9 20
10 0
10 1
10 9
10 11
10 21
11 1
11 2
11 10
11 12
11 22
12 3
12 11
12 13
12 23
13 4
13 12
13 14
13 24
14 5
14 6
14 13
14 15
14 25
15 6
15 7
15 14
15 16
15 26
16 7
16 15
16 17
16 27
17 16
17 27
17 28
17 229
17 232
18 19
18 31
18 230
18 231
19 8
19 18
19 20
19 32
20 8
20 9
20 19
20 21
20 33
21 10
21 20
21 22
21 34
22 11
22 21
22 23
22 35
23 12
23 22
23 24
23 36
24 13
24 23
24 25
24 37
25 14
25 24
25 26
25 38
26 15
26 25
26 27
26 39
27 16
27 17
27 26
27 28
27 40
28 17
28 27
28 29
28 41
28 232
29 28
29 42
29 233
29 236
30 31
30 45
30 46
30 234
30 235
31 18
31 30
31 32
31 46
31 235
32 19
32 31
32 33
32 47
33 20
33 32
33 34
33 48
34 21
34 33
34 35
34 49
35 22
35 34
35 36
35 50
36 23
36 35
36 37
36 51
37 24
37 36
37 38
37 52
38 25
38 37
38 39
38 53
39 26
39 38
39 40
39 54
40 27
40 39
40 41
40 55
41 28
41 40
41 42
41 56
42 29
42 41
42 43
42 57
43 42
43 57
43 58
43 236
43 237
44 45
44 60
44 61
44 238
44 239
44 243
45 30
45 44
45 46
45 61
46 30
46 31
46 45
46 47
46 62
47 32
47 46
47 48
47 63
48 33
48 47
48 49
48 64
49 34
49 48
49 50
49 65
50 35
50 49
50 51
50 66
51 36
51 50
51 52
51 67
52 37
52 51
52 53
52 68
53 38
53 52
53 54
53 69
54 39
54 53
54 55
54 70
55 40
55 54
55 56
55 71
56 41
56 55
56 57
56 72
57 42
57 43
57 56
57 58
57 73
58 43
58 57
58 59
58 74
59 58
59 74
59 75
59 240
59 241
59 244
59 245
60 44
60 61
60 76
60 77
60 242
61 44
61 45
61 60
61 62
61 77
62 46
62 61
62 63
62 78
63 47
63 62
63 64
63 79
64 48
64 63
64 65
64 80
65 49
65 64
65 66
65 81
66 50
66 65
66 67
66 82
67 51
67 66
67 68
67 83
68 52
68 67
68 69
68 84
69 53
69 68
69 70
69 85
70 54
70 69
70 71
70 86
71 55
71 70
71 72
71 87
72 56
72 71
72 73
72 88
73 57
73 72
73 74
73 89
74 58
74 59
74 73
74 75
74 90
75 59
75 74
75 90
75 91
75 244
75 245
76 60
76 77
76 92
76 246
77 60
77 61
77 76
77 78
77 93
78 62
78 77
78 79
78 94
79 63
79 78
79 80
79 95
80 64
80 79
80 81
80 96
81 65
81 80
81 82
81 97
82 66
82 81
82 83
82 98
83 67
83 82
83 84
83 99
84 68
84 83
84 85
84 100
85 69
85 84
85 86
85 101
86 70
86 85
86 87
86 102
87 71
87 86
87 88
87 103
88 72
88 87
88 89
88 104
89 73
89 88
89 90
89 105
90 74
90 75
90 89
90 91
90 106
91 75
91 90
91 107
91 247
92 76
92 93
92 108
92 248
93 77
93 92
93 94
93 109
94 78
94 93
94 95
94 110
95 79
95 94
95 96
95 111
96 80
96 95
96 97
96 112
97 81
97 96
97 98
97 113
98 82
98 97
98 99
98 114
99 83
99 98
99 100
99 115
100 84
100 99
100 101
100 116
101 85
101 100
101 102
101 117
102 86
102 101
102 103
102 118
103 87
103 102
103 104
103 119
104 88
104 103
104 105
104 120
105 89
105 104
105 106
105 121
106 90
106 105
106 107
106 122
107 91
107 106
107 123
107 249
108 92
108 109
108 124
108 250
109 93
109 108
109 110
109 125
110 94
110 109
110 111
110 126
111 95
111 110
111 112
111 127
112 96
112 111
112 113
112 128
113 97
113 112
113 114
113 129
114 98
114 113
114 115
114 130
115 99
115 114
115 116
115 131
116 100
116 115
116 117
116 132
117 101
117 116
117 118
117 133
118 102
118 117
118 119
118 134
119 103
119 118
119 120
119 135
120 104
120 119
120 121
120 136
121 105
121 120
121 122
121 137
122 106
122 121
122 123
122 138
123 107
123 122
123 139
123 251
124 108
124 125
124 140
124 252
125 109
125 124
125 126
125 140
125 141
126 110
126 125
126 127
126 142
127 111
127 126
127 128
127 143
128 112
128 127
128 129
128 144
129 113
129 128
129 130
129 145
130 114
130 129
130 131
130 146
131 115
131 130
131 132
131 147
132 116
132 131
132 133
132 148
133 117
133 132
133 134
133 149
134 118
134 133
134 135
134 150
135 119
135 134
135 136
135 151
136 120
136 135
136 137
136 152
137 121
137 136
137 138
137 153
138 122
138 137
138 139
138 154
138 155
139 123
139 138
139 155
139 253
140 124
140 125
140 141
140 156
140 254
140 255
141 125
141 140
141 142
141 156
141 157
142 126
142 141
142 143
142 158
143 127
143 142
143 144
143 159
144 128
144 143
144 145
144 160
145 129
145 144
145 146
145 161
146 130
146 145
146 147
146 162
147 131
147 146
147 148
147 163
148 132
148 147
148 149
148 164
149 133
149 148
149 150
149 165
150 134
150 149
150 151
150 166
151 135
151 150
151 152
151 167
152 136
152 151
152 153
152 168
153 137
153 152
153 154
153 169
154 138
154 153
154 155
154 170
154 171
155 138
155 139
155 154
155 171
155 257
156 140
156 141
156 157
156 254
156 255
156 258
156 259
157 141
157 156
157 158
157 172
158 142
158 157
158 159
158 172
158 173
159 143
159 158
159 160
159 174
160 144
160 159
160 161
160 175
161 145
161 160
161 162
161 176
162 146
162 161
162 163
162 177
163 147
163 162
163 164
163 178
164 148
164 163
164 165
164 179
165 149
165 164
165 166
165 180
166 150
166 165
166 167
166 181
167 151
167 166
167 168
167 182
168 152
168 167
168 169
168 183
169 153
169 168
169 170
169 184
169 185
170 154
170 169
170 171
170 185
171 154
171 155
171 170
171 256
171 260
171 261
172 157
172 158
172 173
172 262
172 263
173 158
173 172
173 174
173 186
173 263
174 159
174 173
174 175
174 187
175 160
175 174
175 176
175 188
176 161
176 175
176 177
176 189
177 162
177 176
177 178
177 190
178 163
178 177
178 179
178 191
179 164
179 178
179 180
179 192
180 165
180 179
180 181
180 193
181 166
181 180
181 182
181 194
182 167
182 181
182 183
182 195
183 168
183 182
183 184
183 196
184 169
184 183
184 185
184 197
184 264
185 169
185 170
185 184
185 264
185 265
186 173
186 187
186 266
186 267
187 174
187 186
187 188
187 198
187 267
188 175
188 187
188 189
188 198
188 199
189 176
189 188
189 190
189 200
190 177
190 189
190 191
190 201
191 178
191 190
191 192
191 202
192 179
192 191
192 193
192 203
193 180
193 192
193 194
193 204
194 181
194 193
194 195
194 205
195 182
195 194
195 196
195 206
195 207
196 183
196 195
196 197
196 207
197 184
197 196
197 268
197 269
198 187
198 188
198 199
198 267
198 270
199 188
199 198
199 200
199 208
199 271
200 189
200 199
200 201
200 208
200 209
201 190
201 200
201 202
201 209
201 210
202 191
202 201
202 203
202 211
203 192
203 202
203 204
203 212
204 193
204 203
204 205
204 213
204 214
205 194
205 204
205 206
205 214
205 215
206 195
206 205
206 207
206 215
207 195
207 196
207 206
207 268
207 275
208 199
208 200
208 209
208 271
208 272
208 276
209 200
209 201
209 208
209 210
209 277
210 201
210 209
210 211
210 278
211 202
211 210
211 212
211 279
212 203
212 211
212 213
212 280
213 204
213 212
213 214
213 281
214 204
214 205
214 213
214 215
214 273
214 282
215 205
215 206
215 214
215 273
215 274
215 282
215 283
216 0
216 217
216 225
216 226
216 284
217 0
217 1
217 216
217 218
217 226
218 2
218 217
218 219
218 286
219 3
219 218
219 220
219 287
220 4
220 219
220 221
220 288
221 5
221 220
221 222
221 289
222 6
222 221
222 223
222 227
222 290
223 7
223 222
223 227
223 228
224 8
224 225
224 231
224 292
225 0
225 216
225 224
225 226
225 293
226 0
226 1
226 216
226 217
226 225
227 7
227 222
227 223
227 228
228 7
228 223
228 227
228 229
228 296
229 17
229 228
229 232
229 297
230 18
230 231
230 235
230 298
231 8
231 18
231 224
231 230
231 299
232 17
232 28
232 229
232 233
232 300
233 29
233 232
233 236
233 301
234 30
234 235
234 239
234 302
235 30
235 31
235 230
235 234
235 303
236 29
236 43
236 233
236 237
236 304
237 43
237 236
237 240
237 305
238 44
238 239
238 242
238 243
239 44
239 234
239 238
239 243
239 307
240 59
240 237
240 241
240 244
241 59
241 240
241 244
241 245
241 309
242 60
242 238
242 243
242 246
242 310
243 44
243 238
243 239
243 242
244 59
244 75
244 240
244 241
244 245
245 59
245 75
245 241
245 244
245 247
246 76
246 242
246 248
246 314
247 91
247 245
247 249
247 315
248 92
248 246
248 250
248 317
249 107
249 247
249 251
249 318
249 319
250 108
250 248
250 252
250 320
251 123
251 249
251 253
251 321
251 322
252 124
252 250
252 254
252 323
253 139
253 251
253 257
253 324
254 140
254 156
254 252
254 255
254 258
255 140
255 156
255 254
255 258
255 259
256 171
256 257
256 260
256 261
257 155
257 253
257 256
257 261
257 329
258 156
258 254
258 255
258 259
258 330
259 156
259 255
259 258
259 262
259 331
260 171
260 256
260 261
260 265
260 332
261 171
261 256
261 257
261 260
262 172
262 259
262 263
262 334
263 172
263 173
263 262
263 266
263 335
264 184
264 185
264 265
264 269
264 336
265 185
265 260
265 264
265 337
266 186
266 263
266 267
266 338
267 186
267 187
267 198
267 266
267 270
267 339
268 197
268 207
268 269
268 275
268 340
269 197
269 264
269 268
269 341
270 198
270 267
270 271
270 342
271 199
271 208
271 270
271 272
271 276
271 343
272 208
272 271
272 276
272 277
273 214
273 215
273 274
273 282
273 283
274 215
274 273
274 275
274 283
274 346
275 207
275 268
275 274
275 347
276 208
276 271
276 272
276 277
277 209
277 272
277 276
277 278
277 349
278 210
278 277
278 279
278 350
279 211
279 278
279 280
279 351
280 212
280 279
280 281
280 352
281 213
281 280
281 282
281 353
282 214
282 215
282 273
282 281
282 283
283 215
283 273
283 274
283 282
283 355
284 216
284 285
284 293
284 294
284 356
285 284
285 286
285 294
285 357
286 218
286 285
286 287
286 358
287 219
287 286
287 288
287 359
288 220
288 287
288 289
288 360
289 221
289 288
289 290
289 361
290 222
290 289
290 291
290 295
290 362
291 290
291 295
291 296
291 363
292 224
292 293
292 299
292 364
293 225
293 284
293 292
293 294
293 365
294 284
294 285
294 293
294 366
295 290
295 291
295 296
295 367
296 228
296 291
296 295
296 297
296 368
297 229
297 296
297 300
297 369
298 230
298 299
298 303
298 370
299 231
299 292
299 298
299 371
300 232
300 297
300 301
300 372
301 233
301 300
301 304
301 373
302 234
302 303
302 307
302 374
303 235
303 298
303 302
303 375
304 236
304 301
304 305
304 376
305 237
305 304
305 308
305 377
306 307
306 310
306 311
306 378
307 239
307 302
307 306
307 311
307 379
308 305
308 309
308 312
308 380
309 241
309 308
309 312
309 313
310 242
310 306
310 311
310 314
310 382
311 306
311 307
311 310
311 383
312 308
312 309
312 313
312 384
313 309
313 312
313 315
313 385
314 246
314 310
314 317
314 386
315 247
315 313
315 316
315 318
315 387
315 2017
316 315
316 319
316 388
316 2017
316 2023
317 248
317 314
317 320
317 389
318 249
318 315
318 319
318 321
318 390
319 249
319 316
319 318
319 2017
319 2018
320 250
320 317
320 323
320 391
321 251
321 318
321 322
321 392
322 251
322 321
322 325
322 2020
323 252
323 320
323 326
323 393
324 253
324 325
324 329
324 394
325 322
325 324
325 395
325 2022
325 2031
326 323
326 327
326 330
326 396
327 326
327 330
327 331
327 397
328 329
328 332
328 333
328 398
329 257
329 324
329 328
329 333
330 258
330 326
330 327
330 331
330 400
331 259
331 327
331 330
331 334
331 401
332 260
332 328
332 333
332 337
332 402
333 328
333 329
333 332
333 403
334 262
334 331
334 335
334 404
335 263
335 334
335 338
335 405
336 264
336 337
336 341
336 406
337 265
337 332
337 336
337 407
338 266
338 335
338 339
338 408
339 267
339 338
339 342
339 409
340 268
340 341
340 347
340 410
341 269
341 336
341 340
341 411
342 270
342 339
342 343
342 412
343 271
343 342
343 344
343 348
343 413
344 343
344 348
344 349
344 414
345 346
345 354
345 355
345 415
346 274
346 345
346 347
346 355
346 416
347 275
347 340
347 346
347 417
348 343
348 344
348 349
348 418
349 277
349 344
349 348
349 350
349 419
350 278
350 349
350 351
350 420
351 279
351 350
351 352
351 421
352 280
352 351
352 353
352 422
353 281
353 352
353 354
353 423
354 345
354 353
354 355
354 424
355 283
355 345
355 346
355 354
355 425
356 284
356 357
356 365
356 366
357 285
357 356
357 358
357 366
358 286
358 357
358 359
358 428
359 287
359 358
359 360
359 429
360 288
360 359
360 361
360 430
361 289
361 360
361 362
361 431
362 290
362 361
362 363
362 367
363 291
363 362
363 367
363 368
364 292
364 365
364 371
364 434
365 293
365 356
365 364
365 366
366 294
366 356
366 357
366 365
367 295
367 362
367 363
367 368
368 296
368 363
368 367
368 369
369 297
369 368
369 372
369 439
370 298
370 371
370 375
370 440
371 299
371 364
371 370
371 441
372 300
372 369
372 373
372 442
373 301
373 372
373 376
373 443
374 302
374 375
374 379
374 444
375 303
375 370
375 374
375 445
376 304
376 373
376 377
376 446
377 305
377 376
377 380
377 447
378 306
378 379
378 382
378 383
379 307
379 374
379 378
379 383
380 308
380 377
380 381
380 384
381 380
381 384
381 385
381 451
382 310
382 378
382 383
382 386
383 311
383 378
383 379
383 382
384 312
384 380
384 381
384 385
385 313
385 381
385 384
385 387
386 314
386 382
386 389
386 456
387 315
387 385
387 388
387 390
388 316
388 387
388 458
388 2017
388 2023
389 317
389 386
389 391
389 459
390 318
390 387
390 392
390 460
391 320
391 389
391 393
391 461
392 321
392 390
392 394
392 462
393 323
393 391
393 396
393 463
394 324
394 392
394 395
394 399
395 325
395 394
395 399
395 2022
395 2031
396 326
396 393
396 397
396 400
397 327
397 396
397 400
397 401
398 328
398 399
398 402
398 403
399 394
399 395
399 398
399 403
400 330
400 396
400 397
400 401
401 331
401 397
401 400
401 404
402 332
402 398
402 403
402 407
403 333
403 398
403 399
403 402
404 334
404 401
404 405
404 475
405 335
405 404
405 408
405 476
406 336
406 407
406 411
406 477
407 337
407 402
407 406
407 478
408 338
408 405
408 409
408 479
409 339
409 408
409 412
409 480
410 340
410 411
410 417
410 481
411 341
411 406
411 410
411 482
412 342
412 409
412 413
412 483
413 343
413 412
413 414
413 418
414 344
414 413
414 418
414 419
415 345
415 416
415 424
415 425
416 346
416 415
416 417
416 425
417 347
417 410
417 416
417 488
418 348
418 413
418 414
418 419
419 349
419 414
419 418
419 420
420 350
420 419
420 421
420 491
421 351
421 420
421 422
421 492
422 352
422 421
422 423
422 493
423 353
423 422
423 424
423 494
424 354
424 415
424 423
424 425
425 355
425 415
425 416
425 424
426 427
426 435
426 436
426 497
427 426
427 428
427 436
427 498
428 358
428 427
428 429
428 499
429 359
429 428
429 430
429 500
430 360
430 429
430 431
430 501
431 361
431 430
431 432
431 502
432 431
432 433
432 437
432 503
433 432
433 437
433 438
433 504
434 364
434 435
434 441
434 505
434 512
435 426
435 434
435 436
435 506
436 426
436 427
436 435
436 507
437 432
437 433
437 438
437 508
438 433
438 437
438 439
438 509
439 369
439 438
439 442
439 510
439 513
440 370
440 441
440 445
440 511
441 371
441 434
441 440
441 505
441 512
442 372
442 439
442 443
442 510
442 513
443 373
443 442
443 446
443 514
444 374
444 445
444 449
444 515
444 516
445 375
445 440
445 444
445 515
445 516
446 376
446 443
446 447
446 517
446 518
447 377
447 446
447 450
447 518
448 449
448 452
448 453
448 519
449 444
449 448
449 453
449 520
450 447
450 451
450 454
450 521
451 381
451 450
451 454
451 455
451 522
452 448
452 453
452 456
452 523
453 448
453 449
453 452
453 524
454 450
454 451
454 455
454 525
455 451
455 454
455 457
455 458
455 526
456 386
456 452
456 459
456 527
457 455
457 458
457 460
457 528
458 388
458 455
458 457
458 2034
459 389
459 456
459 461
459 530
460 390
460 457
460 462
460 531
461 391
461 459
461 463
461 532
462 392
462 460
462 464
462 533
463 393
463 461
463 466
463 534
464 462
464 465
464 469
464 470
464 535
465 464
465 469
465 470
465 2045
466 463
466 467
466 471
466 537
467 466
467 471
467 472
467 538
468 469
468 473
468 474
468 539
469 464
469 465
469 468
469 470
469 474
469 540
470 464
470 465
470 469
470 536
470 541
470 2045
471 466
471 467
471 472
471 542
472 467
472 471
472 475
472 543
473 468
473 474
473 478
473 544
474 468
474 469
474 473
474 545
475 404
475 472
475 476
475 546
476 405
476 475
476 479
476 546
476 547
477 406
477 478
477 482
477 548
477 549
478 407
478 473
478 477
478 549
479 408
479 476
479 480
479 550
480 409
480 479
480 483
480 551
480 554
481 410
481 482
481 488
481 552
481 559
482 411
482 477
482 481
482 553
483 412
483 480
483 484
483 551
483 554
484 483
484 485
484 489
484 555
485 484
485 489
485 490
485 556
486 487
486 495
486 496
486 557
487 486
487 488
487 496
487 558
488 417
488 481
488 487
488 552
488 559
489 484
489 485
489 490
489 560
490 485
490 489
490 491
490 561
491 420
491 490
491 492
491 562
492 421
492 491
492 493
492 563
493 422
493 492
493 494
493 564
494 423
494 493
494 495
494 565
495 486
495 494
495 496
495 566
496 486
496 487
496 495
496 567
497 426
497 498
497 506
497 507
497 568
498 427
498 497
498 499
498 507
499 428
499 498
499 500
499 570
500 429
500 499
500 501
500 571
501 430
501 500
501 502
501 572
502 431
502 501
502 503
502 573
503 432
503 502
503 504
503 508
503 574
504 433
504 503
504 508
504 509
505 434
505 441
505 506
505 512
505 576
506 435
506 497
506 505
506 507
507 436
507 497
507 498
507 506
508 437
508 503
508 504
508 509
508 579
509 438
509 504
509 508
509 510
510 439
510 442
510 509
510 513
510 581
511 440
511 512
511 516
511 582
512 434
512 441
512 505
512 511
512 583
513 439
513 442
513 510
513 514
513 584
514 443
514 513
514 517
514 585
515 444
515 445
515 516
515 520
515 586
516 444
516 445
516 511
516 515
516 587
517 446
517 514
517 518
517 588
518 446
518 447
518 517
518 521
518 589
519 448
519 520
519 523
519 524
520 449
520 515
520 519
520 524
521 450
521 518
521 522
521 525
522 451
522 521
522 525
522 526
523 452
523 519
523 524
523 527
523 594
524 453
524 519
524 520
524 523
524 595
525 454
525 521
525 522
525 526
526 455
526 522
526 525
526 528
527 456
527 523
527 530
527 598
528 457
528 526
528 529
528 531
528 599
529 528
529 600
529 2048
529 2065
530 459
530 527
530 532
530 601
531 460
531 528
531 533
531 602
532 461
532 530
532 534
532 604
533 462
533 531
533 535
533 605
534 463
534 532
534 537
534 607
535 464
535 533
535 536
535 540
535 541
536 470
536 535
536 541
536 609
536 614
536 2061
536 2078
537 466
537 534
537 538
537 542
538 467
538 537
538 542
538 543
539 468
539 540
539 544
539 545
539 612
540 469
540 535
540 539
540 541
540 545
541 470
541 535
541 536
541 540
541 614
541 2061
542 471
542 537
542 538
542 543
542 615
543 472
543 538
543 542
543 546
544 473
544 539
544 545
544 549
545 474
545 539
545 540
545 544
546 475
546 476
546 543
546 547
546 619
547 476
547 546
547 550
547 620
548 477
548 549
548 553
548 621
549 477
549 478
549 544
549 548
549 622
550 479
550 547
550 551
550 623
551 480
551 483
551 550
551 554
551 624
552 481
552 488
552 553
552 559
552 625
553 482
553 548
553 552
553 626
554 480
554 483
554 551
554 555
554 627
555 484
555 554
555 556
555 560
556 485
556 555
556 560
556 561
556 629
557 486
557 558
557 566
557 567
558 487
558 557
558 559
558 567
559 481
559 488
559 552
559 558
559 632
560 489
560 555
560 556
560 561
561 490
561 556
561 560
561 562
562 491
562 561
562 563
562 635
563 492
563 562
563 564
563 636
564 493
564 563
564 565
564 637
565 494
565 564
565 566
565 638
566 495
566 557
566 565
566 567
567 496
567 557
567 558
567 566
567 640
568 497
568 569
568 577
568 578
568 641
569 568
569 570
569 578
569 642
570 499
570 569
570 571
570 643
571 500
571 570
571 572
571 644
572 501
572 571
572 573
572 645
573 502
573 572
573 574
573 646
574 503
574 573
574 575
574 579
574 647
575 574
575 579
575 580
575 648
576 505
576 577
576 583
576 649
577 568
577 576
577 578
577 650
578 568
578 569
578 577
578 651
579 508
579 574
579 575
579 580
579 652
580 575
580 579
580 581
580 653
581 510
581 580
581 584
581 654
582 511
582 583
582 587
582 655
583 512
583 576
583 582
583 656
584 513
584 581
584 585
584 657
585 514
585 584
585 588
585 658
586 515
586 587
586 591
586 659
587 516
587 582
587 586
587 660
588 517
588 585
588 589
588 661
589 518
589 588
589 592
589 662
590 591
590 594
590 595
590 663
591 586
591 590
591 595
591 664
592 589
592 593
592 596
592 665
593 592
593 596
593 597
593 666
594 523
594 590
594 595
594 598
594 667
595 524
595 590
595 591
595 594
595 668
596 592
596 593
596 597
596 669
597 593
597 596
597 599
597 670
598 527
598 594
598 601
598 671
599 528
599 597
599 600
599 672
600 529
600 599
600 673
600 2065
601 530
601 598
601 604
601 674
602 531
602 603
602 605
602 675
602 2066
603 602
603 673
603 676
603 2065
603 2066
604 532
604 601
604 607
604 677
605 533
605 602
605 606
605 678
605 2072
606 605
606 678
606 679
606 682
606 2072
606 2078
607 534
607 604
607 610
607 680
608 609
608 613
608 614
608 681
609 536
609 608
609 614
609 682
609 2078
610 607
610 611
610 615
610 683
611 610
611 615
611 616
611 684
612 539
612 613
612 617
612 618
612 685
613 608
613 612
613 614
613 618
614 536
614 541
614 608
614 609
614 613
615 542
615 610
615 611
615 616
615 687
616 611
616 615
616 619
616 688
617 612
617 618
617 622
617 689
618 612
618 613
618 617
618 690
619 546
619 616
619 620
619 691
620 547
620 619
620 623
620 692
621 548
621 622
621 626
621 693
622 549
622 617
622 621
622 694
623 550
623 620
623 624
623 695
624 551
624 623
624 627
624 696
625 552
625 626
625 632
625 697
626 553
626 621
626 625
626 698
627 554
627 624
627 628
627 699
628 627
628 629
628 633
628 700
629 556
629 628
629 633
629 634
630 631
630 639
630 640
630 702
631 630
631 632
631 640
631 703
632 559
632 625
632 631
632 704
633 628
633 629
633 634
633 705
634 629
634 633
634 635
634 706
635 562
635 634
635 636
635 707
636 563
636 635
636 637
636 708
637 564
637 636
637 638
637 709
638 565
638 637
638 639
638 710
639 630
639 638
639 640
639 711
640 567
640 630
640 631
640 639
640 712
641 568
641 642
641 650
641 651
641 713
642 569
642 641
642 643
642 651
642 714
643 570
643 642
643 644
643 715
644 571
644 643
644 645
644 716
645 572
645 644
645 646
645 717
646 573
646 645
646 647
646 718
647 574
647 646
647 648
647 652
647 719
648 575
648 647
648 652
648 653
648 720
649 576
649 650
649 656
649 721
650 577
650 641
650 649
650 651
650 722
651 578
651 641
651 642
651 650
652 579
652 647
652 648
652 653
653 580
653 648
653 652
653 654
653 725
654 581
654 653
654 657
654 726
655 582
655 656
655 660
655 727
656 583
656 649
656 655
656 728
657 584
657 654
657 658
657 729
658 585
658 657
658 661
658 730
659 586
659 660
659 664
659 731
660 587
660 655
660 659
660 732
661 588
661 658
661 662
661 733
662 589
662 661
662 665
662 734
663 590
663 664
663 667
663 668
663 735
664 591
664 659
664 663
664 668
664 736
665 592
665 662
665 666
665 669
665 737
666 593
666 665
666 669
666 670
666 738
667 594
667 663
667 668
667 671
667 739
668 595
668 663
668 664
668 667
669 596
669 665
669 666
669 670
670 597
670 666
670 669
670 672
670 742
671 598
671 667
671 674
671 743
672 599
672 670
672 673
672 744
673 600
673 603
673 672
673 676
674 601
674 671
674 677
674 746
675 602
675 676
675 678
675 747
676 603
676 673
676 675
676 679
677 604
677 674
677 680
677 749
678 605
678 606
678 675
678 679
678 750
679 606
679 676
679 678
679 751
680 607
680 677
680 683
680 752
681 608
681 682
681 686
681 753
682 606
682 609
682 681
682 754
683 610
683 680
683 684
683 687
683 755
684 611
684 683
684 687
684 688
685 612
685 686
685 689
685 690
686 681
686 685
686 690
686 758
687 615
687 683
687 684
687 688
688 616
688 684
688 687
688 691
688 760
689 617
689 685
689 690
689 694
690 618
690 685
690 686
690 689
690 762
691 619
691 688
691 692
691 763
692 620
692 691
692 695
692 764
693 621
693 694
693 698
693 765
694 622
694 689
694 693
694 766
695 623
695 692
695 696
695 767
696 624
696 695
696 699
696 768
697 625
697 698
697 704
697 769
698 626
698 693
698 697
698 770
699 627
699 696
699 700
699 771
700 628
700 699
700 701
700 705
700 772
701 700
701 705
701 706
701 773
702 630
702 703
702 711
702 712
703 631
703 702
703 704
703 712
703 775
704 632
704 697
704 703
704 776
705 633
705 700
705 701
705 706
705 777
706 634
706 701
706 705
706 707
706 778
707 635
707 706
707 708
707 779
708 636
708 707
708 709
708 780
709 637
709 708
709 710
709 781
710 638
710 709
710 711
710 782
711 639
711 702
711 710
711 712
711 783
712 640
712 702
712 703
712 711
712 784
713 641
713 714
713 722
713 723
713 785
714 642
714 713
714 715
714 723
715 643
715 714
715 716
715 787
716 644
716 715
716 717
716 788
717 645
717 716
717 718
717 789
718 646
718 717
718 719
718 790
719 647
719 718
719 720
719 724
720 648
720 719
720 724
720 725
720 792
721 649
721 722
721 728
721 793
722 650
722 713
722 721
722 723
722 794
723 713
723 714
723 722
723 795
724 719
724 720
724 725
724 796
725 653
725 720
725 724
725 726
726 654
726 725
726 729
726 798
727 655
727 728
727 732
727 799
728 656
728 721
728 727
728 800
729 657
729 726
729 730
729 801
730 658
730 729
730 733
730 802
731 659
731 732
731 736
731 803
732 660
732 727
732 731
732 804
733 661
733 730
733 734
733 805
734 662
734 733
734 737
734 806
735 663
735 736
735 739
735 740
735 807
736 664
736 731
736 735
736 740
737 665
737 734
737 738
737 741
737 809
738 666
738 737
738 741
738 742
738 810
739 667
739 735
739 740
739 743
740 735
740 736
740 739
740 812
741 737
741 738
741 742
741 813
742 670
742 738
742 741
742 744
742 814
743 671
743 739
743 746
743 815
744 672
744 742
744 745
744 817
745 744
745 747
745 748
745 817
746 674
746 743
746 749
746 818
747 675
747 745
747 748
747 750
748 745
748 747
748 751
748 820
749 677
749 746
749 752
749 821
750 678
750 747
750 751
750 754
750 822
751 679
751 748
751 750
751 754
751 823
752 680
752 749
752 755
752 824
753 681
753 754
753 758
753 825
753 826
754 682
754 750
754 751
754 753
754 826
755 683
755 752
755 756
755 759
756 755
756 759
756 760
756 828
757 758
757 761
757 762
757 829
758 686
758 753
758 757
758 762
758 830
759 755
759 756
759 760
759 831
760 688
760 756
760 759
760 763
760 832
761 757
761 762
761 766
761 833
762 690
762 757
762 758
762 761
762 834
763 691
763 760
763 764
763 835
764 692
764 763
764 767
764 836
765 693
765 766
765 770
765 837
766 694
766 761
766 765
766 838
767 695
767 764
767 768
767 839
768 696
768 767
768 771
768 840
769 697
769 770
769 776
769 841
770 698
770 765
770 769
770 842
771 699
771 768
771 772
771 843
772 700
772 771
772 773
772 777
773 701
773 772
773 777
773 778
774 775
774 783
774 784
774 846
775 703
775 774
775 776
775 784
775 847
776 704
776 769
776 775
776 848
777 705
777 772
777 773
777 778
777 849
778 706
778 773
778 777
778 779
778 850
779 707
779 778
779 780
779 851
780 708
780 779
780 781
780 852
781 709
781 780
781 782
781 853
782 710
782 781
782 783
782 854
783 711
783 774
783 782
783 784
784 712
784 774
784 775
784 783
785 713
785 786
785 794
785 795
786 785
786 787
786 795
786 858
787 715
787 786
787 788
787 859
788 716
788 787
788 789
788 860
789 717
789 788
789 790
789 861
790 718
790 789
790 791
790 862
791 790
791 792
791 796
791 863
792 720
792 791
792 796
792 797
793 721
793 794
793 800
793 865
794 722
794 785
794 793
794 795
795 723
795 785
795 786
795 794
795 867
796 724
796 791
796 792
796 797
796 868
797 792
797 796
797 798
797 869
798 726
798 797
798 801
798 870
799 727
799 800
799 804
799 871
800 728
800 793
800 799
800 872
801 729
801 798
801 802
801 873
802 730
802 801
802 805
802 874
803 731
803 804
803 808
803 875
804 732
804 799
804 803
804 876
805 733
805 802
805 806
805 877
806 734
806 805
806 809
806 878
807 735
807 808
807 811
807 812
808 803
808 807
808 812
808 880
809 737
809 806
809 810
809 813
809 881
810 738
810 809
810 813
810 814
811 807
811 812
811 815
811 883
812 740
812 807
812 808
812 811
812 884
813 741
813 809
813 810
813 814
813 885
814 742
814 810
814 813
814 816
815 743
815 811
815 818
815 887
816 814
816 817
816 819
816 888
817 744
817 745
817 816
817 819
817 820
818 746
818 815
818 821
818 889
819 816
819 817
819 820
819 891
820 748
820 817
820 819
820 822
820 823
820 891
821 749
821 818
821 824
821 892
822 750
822 820
822 823
822 826
822 893
823 751
823 820
823 822
823 826
823 894
824 752
824 821
824 827
824 895
825 753
825 826
825 830
825 896
826 753
826 754
826 822
826 823
826 825
827 824
827 828
827 831
827 897
828 756
828 827
828 831
828 832
828 898
829 757
829 830
829 833
829 834
829 899
830 758
830 825
830 829
830 834
831 759
831 827
831 828
831 832
831 901
832 760
832 828
832 831
832 835
833 761
833 829
833 834
833 838
834 762
834 829
834 830
834 833
835 763
835 832
835 836
835 905
836 764
836 835
836 839
836 906
837 765
837 838
837 842
837 907
838 766
838 833
838 837
838 908
839 767
839 836
839 840
839 909
840 768
840 839
840 843
840 910
841 769
841 842
841 848
841 911
842 770
842 837
842 841
842 912
843 771
843 840
843 844
843 913
844 843
844 845
844 849
844 914
845 844
845 849
845 850
845 915
846 774
846 847
846 855
846 856
846 916
847 775
847 846
847 848
847 856
848 776
848 841
848 847
848 918
849 777
849 844
849 845
849 850
850 778
850 845
850 849
850 851
851 779
851 850
851 852
851 921
852 780
852 851
852 853
852 922
853 781
853 852
853 854
853 923
854 782
854 853
854 855
854 924
855 846
855 854
855 856
855 925
856 846
856 847
856 855
856 926
857 858
857 866
857 867
857 927
858 786
858 857
858 859
858 867
858 928
859 787
859 858
859 860
859 929
860 788
860 859
860 861
860 930
861 789
861 860
861 862
861 931
862 790
862 861
862 863
862 932
863 791
863 862
863 864
863 868
863 933
864 863
864 868
864 869
864 934
865 793
865 866
865 872
865 935
866 857
866 865
866 867
866 936
867 795
867 857
867 858
867 866
868 796
868 863
868 864
868 869
869 797
869 864
869 868
869 870
869 939
870 798
870 869
870 873
870 940
871 799
871 872
871 876
871 941
872 800
872 865
872 871
872 942
873 801
873 870
873 874
873 943
874 802
874 873
874 877
874 944
875 803
875 876
875 880
875 945
876 804
876 871
876 875
876 946
877 805
877 874
877 878
877 947
878 806
878 877
878 881
878 948
879 880
879 883
879 884
879 949
880 808
880 875
880 879
880 884
880 950
881 809
881 878
881 882
881 885
882 881
882 885
882 886
882 952
883 811
883 879
883 884
883 887
883 953
884 812
884 879
884 880
884 883
885 813
885 881
885 882
885 886
886 882
886 885
886 888
886 956
887 815
887 883
887 889
887 957
888 816
888 886
888 890
888 958
889 818
889 887
889 892
889 959
890 888
890 891
890 894
890 960
891 819
891 820
891 890
891 893
891 894
892 821
892 889
892 895
892 961
893 822
893 891
893 894
893 896
893 962
894 823
894 890
894 891
894 893
895 824
895 892
895 897
895 963
896 825
896 893
896 900
896 964
897 827
897 895
897 898
897 901
897 965
898 828
898 897
898 901
898 902
899 829
899 900
899 903
899 904
900 896
900 899
900 904
900 968
901 831
901 897
901 898
901 902
902 898
902 901
902 905
902 970
903 899
903 904
903 908
903 971
904 899
904 900
904 903
904 972
905 835
905 902
905 906
905 973
906 836
906 905
906 909
906 974
907 837
907 908
907 912
907 975
908 838
908 903
908 907
908 976
909 839
909 906
909 910
909 977
910 840
910 909
910 913
910 978
911 841
911 912
911 918
911 979
912 842
912 907
912 911
912 980
913 843
913 910
913 914
913 981
914 844
914 913
914 915
914 919
914 982
915 845
915 914
915 919
915 920
916 846
916 917
916 925
916 926
917 916
917 918
917 926
917 985
918 848
918 911
918 917
918 986
919 914
919 915
919 920
919 987
920 915
920 919
920 921
920 988
921 851
921 920
921 922
921 989
922 852
922 921
922 923
922 990
923 853
923 922
923 924
923 991
924 854
924 923
924 925
924 992
925 855
925 916
925 924
925 926
925 993
926 856
926 916
926 917
926 925
926 994
927 857
927 928
927 936
927 937
927 995
928 858
928 927
928 929
928 937
928 996
929 859
929 928
929 930
929 997
930 860
930 929
930 931
930 998
931 861
931 930
931 932
931 999
932 862
932 931
932 933
932 1000
933 863
933 932
933 934
933 938
933 1001
934 864
934 933
934 938
934 939
934 1002
935 865
935 936
935 942
935 1003
936 866
936 927
936 935
936 937
936 1004
937 927
937 928
937 936
937 1005
938 933
938 934
938 939
938 1006
939 869
939 934
939 938
939 940
939 1007
940 870
940 939
940 943
940 1008
941 871
941 942
941 946
941 1009
942 872
942 935
942 941
942 1010
943 873
943 940
943 944
943 1011
944 874
944 943
944 947
944 1012
945 875
945 946
945 950
945 1013
945 1014
946 876
946 941
946 945
946 1014
947 877
947 944
947 948
947 1015
948 878
948 947
948 951
948 1016
949 879
949 950
949 953
949 954
949 1017
950 880
950 945
950 949
950 954
950 1018
951 948
951 952
951 955
951 1019
952 882
952 951
952 955
952 956
952 1020
953 883
953 949
953 954
953 957
953 1021
954 949
954 950
954 953
954 1022
955 951
955 952
955 956
955 1023
956 886
956 952
956 955
956 958
956 1024
957 887
957 953
957 959
957 1025
958 888
958 956
958 960
958 1026
959 889
959 957
959 961
959 1027
960 890
960 958
960 962
960 1028
961 892
961 959
961 963
961 1029
962 893
962 960
962 964
962 1030
963 895
963 961
963 965
963 1031
964 896
964 962
964 968
964 1032
965 897
965 963
965 966
965 969
965 1033
966 965
966 969
966 970
966 1034
967 968
967 971
967 972
967 1035
968 900
968 964
968 967
968 972
968 1036
969 965
969 966
969 970
969 1037
970 902
970 966
970 969
970 973
970 1038
971 903
971 967
971 972
971 976
971 1039
972 904
972 967
972 968
972 971
973 905
973 970
973 974
973 1041
974 906
974 973
974 977
974 1042
975 907
975 976
975 980
975 1043
976 908
976 971
976 975
976 1044
977 909
977 974
977 978
977 1045
978 910
978 977
978 981
978 1046
979 911
979 980
979 986
979 1047
980 912
980 975
980 979
980 1048
981 913
981 978
981 982
981 1046
981 1049
982 914
982 981
982 983
982 987
982 1050
983 982
983 987
983 988
983 1051
984 985
984 993
984 994
984 1052
985 917
985 984
985 986
985 994
985 1053
986 918
986 979
986 985
986 1054
987 919
987 982
987 983
987 988
987 1055
988 920
988 983
988 987
988 989
988 1056
989 921
989 988
989 990
989 1057
990 922
990 989
990 991
990 1058
991 923
991 990
991 992
991 1059
992 924
992 991
992 993
992 1060
993 925
993 984
993 992
993 994
993 1061
994 926
994 984
994 985
994 993
994 1062
995 927
995 996
995 1004
995 1005
996 928
996 995
996 997
996 1005
996 1064
997 929
997 996
997 998
997 1065
998 930
998 997
998 999
998 1066
999 931
999 998
999 1000
999 1067
1000 932
1000 999
1000 1001
1000 1068
1001 933
1001 1000
1001 1002
1001 1006
1002 934
1002 1001
1002 1006
1002 1007
1002 1070
1003 935
1003 1004
1003 1010
1003 1071
1004 936
1004 995
1004 1003
1004 1005
1005 937
1005 995
1005 996
1005 1004
1006 938
1006 1001
1006 1002
1006 1007
1007 939
1007 1002
1007 1006
1007 1008
1008 940
1008 1007
1008 1011
1008 1076
1009 941
1009 1010
1009 1014
1009 1077
1010 942
1010 1003
1010 1009
1010 1078
1011 943
1011 1008
1011 1012
1011 1079
1012 944
1012 1011
1012 1015
1012 1080
1013 945
1013 1014
1013 1018
1013 1081
1014 945
1014 946
1014 1009
1014 1013
1014 1082
1015 947
1015 1012
1015 1016
1015 1083
1016 948
1016 1015
1016 1019
1016 1084
1017 949
1017 1018
1017 1021
1017 1022
1018 950
1018 1013
1018 1017
1018 1022
1019 951
1019 1016
1019 1020
1019 1023
1019 1087
1020 952
1020 1019
1020 1023
1020 1024
1021 953
1021 1017
1021 1022
1021 1025
1022 954
1022 1017
1022 1018
1022 1021
1023 955
1023 1019
1023 1020
1023 1024
1024 956
1024 1020
1024 1023
1024 1026
1024 1092
1025 957
1025 1021
1025 1027
1025 1093
1026 958
1026 1024
1026 1028
1026 1094
1027 959
1027 1025
1027 1029
1027 1095
1028 960
1028 1026
1028 1030
1028 1096
1029 961
1029 1027
1029 1031
1029 1097
1030 962
1030 1028
1030 1032
1030 1098
1031 963
1031 1029
1031 1033
1031 1099
1032 964
1032 1030
1032 1036
1032 1100
1033 965
1033 1031
1033 1034
1033 1037
1034 966
1034 1033
1034 1037
1034 1038
1035 967
1035 1036
1035 1039
1035 1040
1036 968
1036 1032
1036 1035
1036 1040
1037 969
1037 1033
1037 1034
1037 1038
1038 970
1038 1034
1038 1037
1038 1041
1039 971
1039 1035
1039 1040
1039 1044
1040 1035
1040 1036
1040 1039
1040 1108
1041 973
1041 1038
1041 1042
1041 1109
1042 974
1042 1041
1042 1045
1042 1110
1043 975
1043 1044
1043 1048
1043 1111
1044 976
1044 1039
1044 1043
1044 1112
1045 977
1045 1042
1045 1046
1045 1113
1046 978
1046 981
1046 1045
1046 1049
1046 1114
1047 979
1047 1048
1047 1054
1047 1115
1048 980
1048 1043
1048 1047
1048 1116
1049 981
1049 1046
1049 1050
1049 1117
1050 982
1050 1049
1050 1051
1050 1055
1051 983
1051 1050
1051 1055
1051 1056
1052 984
1052 1053
1052 1061
1052 1062
1053 985
1053 1052
1053 1054
1053 1062
1054 986
1054 1047
1054 1053
1054 1122
1055 987
1055 1050
1055 1051
1055 1056
1056 988
1056 1051
1056 1055
1056 1057
1057 989
1057 1056
1057 1058
1057 1125
1058 990
1058 1057
1058 1059
1058 1126
1059 991
1059 1058
1059 1060
1059 1127
1060 992
1060 1059
1060 1061
1060 1128
1061 993
1061 1052
1061 1060
1061 1062
1061 1129
1062 994
1062 1052
1062 1053
1062 1061
1063 1064
1063 1072
1063 1073
1063 1142
1064 996
1064 1063
1064 1065
1064 1073
1065 997
1065 1064
1065 1066
1065 1133
1066 998
1066 1065
1066 1067
1066 1134
1067 999
1067 1066
1067 1068
1067 1135
1068 1000
1068 1067
1068 1069
1068 1136
1069 1068
1069 1070
1069 1074
1069 1137
1070 1002
1070 1069
1070 1074
1070 1075
1071 1003
1071 1072
1071 1078
1071 1140
1072 1063
1072 1071
1072 1073
1072 1141
1073 1063
1073 1064
1073 1072
1073 1142
1074 1069
1074 1070
1074 1075
1074 1143
1075 1070
1075 1074
1075 1076
1075 1144
1076 1008
1076 1075
1076 1079
1076 1145
1077 1009
1077 1078
1077 1082
1077 1148
1078 1010
1078 1071
1078 1077
1078 1149
1079 1011
1079 1076
1079 1080
1079 1150
1080 1012
1080 1079
1080 1083
1080 1151
1081 1013
1081 1082
1081 1086
1081 1153
1082 1014
1082 1077
1082 1081
1082 1154
1083 1015
1083 1080
1083 1084
1083 1155
1084 1016
1084 1083
1084 1087
1084 1156
1085 1086
1085 1089
1085 1090
1085 1162
1086 1081
1086 1085
1086 1090
1086 1158
1087 1019
1087 1084
1087 1088
1087 1091
1088 1087
1088 1091
1088 1092
1088 1163
1089 1085
1089 1090
1089 1093
1089 1161
1090 1085
1090 1086
1090 1089
1090 1162
1091 1087
1091 1088
1091 1092
1091 1163
1092 1024
1092 1088
1092 1091
1092 1094
1093 1025
1093 1089
1093 1095
1093 1165
1094 1026
1094 1092
1094 1096
1094 1166
1095 1027
1095 1093
1095 1097
1095 1167
1096 1028
1096 1094
1096 1098
1096 1168
1097 1029
1097 1095
1097 1099
1097 1169
1098 1030
1098 1096
1098 1100
1098 1170
1099 1031
1099 1097
1099 1101
1099 1171
1100 1032
1100 1098
1100 1104
1100 1172
1101 1099
1101 1102
1101 1105
1101 1173
1102 1101
1102 1105
1102 1106
1102 1174
1103 1104
1103 1107
1103 1108
1103 1175
1104 1100
1104 1103
1104 1108
1104 1176
1105 1101
1105 1102
1105 1106
1105 1174
1106 1102
1106 1105
1106 1109
1106 1178
1107 1103
1107 1108
1107 1112
1107 1179
1108 1040
1108 1103
1108 1104
1108 1107
1109 1041
1109 1106
1109 1110
1109 1181
1110 1042
1110 1109
1110 1113
1110 1182
1111 1043
1111 1112
1111 1116
1111 1183
1112 1044
1112 1107
1112 1111
1112 1184
1113 1045
1113 1110
1113 1114
1113 1186
1114 1046
1114 1113
1114 1117
1114 1187
1115 1047
1115 1116
1115 1122
1115 1188
1116 1048
1116 1111
1116 1115
1116 1189
1117 1049
1117 1114
1117 1118
1117 1192
1118 1117
1118 1119
1118 1123
1118 1193
1119 1118
1119 1123
1119 1124
1119 1194
1120 1121
1120 1129
1120 1130
1120 1195
1121 1120
1121 1122
1121 1130
1121 1196
1122 1054
1122 1115
1122 1121
1122 1197
1123 1118
1123 1119
1123 1124
1123 1194
1124 1119
1124 1123
1124 1125
1124 1200
1125 1057
1125 1124
1125 1126
1125 1201
1126 1058
1126 1125
1126 1127
1126 1202
1127 1059
1127 1126
1127 1128
1127 1203
1128 1060
1128 1127
1128 1129
1128 1204
1129 1061
1129 1120
1129 1128
1129 1130
1130 1120
1130 1121
1130 1129
1130 1195
1131 1132
1131 1141
1131 1142
1131 1218
1132 1131
1132 1133
1132 1142
1132 1208
1133 1065
1133 1132
1133 1134
1133 1209
1134 1066
1134 1133
1134 1135
1134 1210
1135 1067
1135 1134
1135 1136
1135 1211
1136 1068
1136 1135
1136 1137
1136 1212
1137 1069
1137 1136
1137 1138
1137 1143
1138 1137
1138 1143
1138 1144
1138 1219
1139 1140
1139 1148
1139 1149
1139 1215
1139 1225
1140 1071
1140 1139
1140 1141
1140 1149
1140 1216
1141 1072
1141 1131
1141 1140
1141 1142
1141 1217
1142 1063
1142 1073
1142 1131
1142 1132
1142 1141
1143 1074
1143 1137
1143 1138
1143 1144
1143 1219
1144 1075
1144 1138
1144 1143
1144 1145
1145 1076
1145 1144
1145 1146
1145 1150
1146 1145
1146 1150
1146 1151
1146 1222
1146 1226
1147 1148
1147 1153
1147 1154
1147 1223
1148 1077
1148 1139
1148 1147
1148 1149
1148 1154
1149 1078
1149 1139
1149 1140
1149 1148
1149 1225
1150 1079
1150 1145
1150 1146
1150 1151
1150 1226
1151 1080
1151 1146
1151 1150
1151 1152
1151 1155
1152 1151
1152 1155
1152 1156
1152 1231
1153 1081
1153 1147
1153 1154
1153 1158
1154 1082
1154 1147
1154 1148
1154 1153
1155 1083
1155 1151
1155 1152
1155 1156
1156 1084
1156 1152
1156 1155
1156 1159
1156 1232
1157 1158
1157 1161
1157 1162
1157 1238
1158 1086
1158 1153
1158 1157
1158 1162
1159 1156
1159 1160
1159 1163
1159 1235
1160 1159
1160 1163
1160 1164
1160 1239
1161 1089
1161 1157
1161 1162
1161 1165
1162 1085
1162 1090
1162 1157
1162 1158
1162 1161
1162 1238
1163 1088
1163 1091
1163 1159
1163 1160
1163 1164
1164 1160
1164 1163
1164 1166
1164 1240
1165 1093
1165 1161
1165 1167
1165 1241
1166 1094
1166 1164
1166 1168
1166 1242
1167 1095
1167 1165
1167 1169
1167 1243
1168 1096
1168 1166
1168 1170
1168 1244
1169 1097
1169 1167
1169 1171
1169 1245
1170 1098
1170 1168
1170 1172
1170 1246
1171 1099
1171 1169
1171 1173
1171 1247
1172 1100
1172 1170
1172 1176
1172 1248
1173 1101
1173 1171
1173 1174
1173 1177
1173 1249
1174 1102
1174 1105
1174 1173
1174 1177
1174 1178
1175 1103
1175 1176
1175 1179
1175 1180
1175 1251
1176 1104
1176 1172
1176 1175
1176 1180
1177 1173
1177 1174
1177 1178
1177 1250
1178 1106
1178 1174
1178 1177
1178 1181
1178 1254
1179 1107
1179 1175
1179 1180
1179 1184
1180 1175
1180 1176
1180 1179
1180 1256
1181 1109
1181 1178
1181 1182
1181 1185
1181 1257
1182 1110
1182 1181
1182 1185
1182 1186
1182 1258
1183 1111
1183 1184
1183 1189
1183 1190
1183 1259
1184 1112
1184 1179
1184 1183
1184 1190
1185 1181
1185 1182
1185 1186
1185 1258
1185 1261
1186 1113
1186 1182
1186 1185
1186 1187
1186 1191
1187 1114
1187 1186
1187 1191
1187 1192
1188 1115
1188 1189
1188 1197
1188 1198
1188 1264
1189 1116
1189 1183
1189 1188
1189 1190
1189 1198
1190 1183
1190 1184
1190 1189
1190 1259
1190 1266
1191 1186
1191 1187
1191 1192
1191 1267
1192 1117
1192 1187
1192 1191
1192 1193
1193 1118
1193 1192
1193 1194
1193 1199
1194 1119
1194 1123
1194 1193
1194 1199
1194 1200
1194 1270
1195 1120
1195 1130
1195 1196
1195 1205
1195 1206
1196 1121
1196 1195
1196 1197
1196 1206
1196 1272
1197 1122
1197 1188
1197 1196
1197 1198
1197 1273
1198 1188
1198 1189
1198 1197
1198 1264
1198 1274
1199 1193
1199 1194
1199 1200
1199 1270
1200 1124
1200 1194
1200 1199
1200 1201
1201 1125
1201 1200
1201 1202
1201 1277
1202 1126
1202 1201
1202 1203
1202 1278
1203 1127
1203 1202
1203 1204
1203 1279
1204 1128
1204 1203
1204 1205
1204 1280
1205 1195
1205 1204
1205 1206
1205 1281
1206 1195
1206 1196
1206 1205
1206 1271
1207 1208
1207 1217
1207 1218
1207 1283
1207 1294
1208 1132
1208 1207
1208 1209
1208 1218
1208 1284
1209 1133
1209 1208
1209 1210
1209 1285
1210 1134
1210 1209
1210 1211
1210 1286
1211 1135
1211 1210
1211 1212
1211 1287
1212 1136
1212 1211
1212 1213
1212 1288
1213 1212
1213 1214
1213 1219
1213 1289
1213 1295
1214 1213
1214 1219
1214 1220
1214 1295
1215 1139
1215 1216
1215 1224
1215 1225
1215 1301
1216 1140
1216 1215
1216 1217
1216 1225
1216 1292
1217 1141
1217 1207
1217 1216
1217 1218
1217 1293
1218 1131
1218 1207
1218 1208
1218 1217
1218 1294
1219 1138
1219 1143
1219 1213
1219 1214
1219 1220
1219 1295
1220 1214
1220 1219
1220 1221
1220 1295
1221 1220
1221 1222
1221 1226
1221 1297
1222 1146
1222 1221
1222 1226
1222 1227
1223 1147
1223 1224
1223 1229
1223 1230
1224 1215
1224 1223
1224 1225
1224 1230
1225 1139
1225 1149
1225 1215
1225 1216
1225 1224
1226 1146
1226 1150
1226 1221
1226 1222
1226 1227
1226 1302
1227 1222
1227 1226
1227 1228
1227 1231
1228 1227
1228 1231
1228 1232
1228 1304
1228 1307
1229 1223
1229 1230
1229 1234
1229 1305
1230 1223
1230 1224
1230 1229
1230 1306
1231 1152
1231 1227
1231 1228
1231 1232
1232 1156
1232 1228
1232 1231
1232 1235
1233 1234
1233 1237
1233 1238
1233 1314
1234 1229
1234 1233
1234 1238
1234 1314
1235 1159
1235 1232
1235 1236
1235 1239
1235 1311
1236 1235
1236 1239
1236 1240
1236 1312
1236 1315
1237 1233
1237 1238
1237 1241
1237 1313
1237 1314
1238 1157
1238 1162
1238 1233
1238 1234
1238 1237
1238 1314
1239 1160
1239 1235
1239 1236
1239 1240
1239 1315
1240 1164
1240 1236
1240 1239
1240 1242
1240 1316
1241 1165
1241 1237
1241 1243
1241 1317
1242 1166
1242 1240
1242 1244
1242 1318
1243 1167
1243 1241
1243 1245
1243 1319
1244 1168
1244 1242
1244 1246
1244 1320
1245 1169
1245 1243
1245 1247
1245 1322
1246 1170
1246 1244
1246 1248
1246 1323
1247 1171
1247 1245
1247 1249
1247 1325
1248 1172
1248 1246
1248 1252
1248 1326
1249 1173
1249 1247
1249 1250
1249 1253
1249 1327
1250 1177
1250 1249
1250 1253
1250 1254
1250 1328
1251 1175
1251 1252
1251 1255
1251 1256
1251 1329
1252 1248
1252 1251
1252 1256
1252 1329
1252 1330
1253 1249
1253 1250
1253 1254
1253 1328
1253 1331
1254 1178
1254 1250
1254 1253
1254 1257
1254 1332
1255 1251
1255 1256
1255 1260
1255 1329
1256 1180
1256 1251
1256 1252
1256 1255
1256 1329
1257 1181
1257 1254
1257 1258
1257 1261
1257 1335
1258 1182
1258 1185
1258 1257
1258 1261
1258 1262
1259 1183
1259 1190
1259 1260
1259 1265
1259 1266
1260 1255
1260 1259
1260 1266
1260 1338
1261 1185
1261 1257
1261 1258
1261 1262
1261 1336
1262 1258
1262 1261
1262 1263
1262 1267
1263 1262
1263 1267
1263 1268
1263 1341
1264 1188
1264 1198
1264 1265
1264 1273
1264 1274
1265 1259
1265 1264
1265 1266
1265 1274
1266 1190
1266 1259
1266 1260
1266 1265
1266 1337
1267 1191
1267 1262
1267 1263
1267 1268
1268 1263
1268 1267
1268 1269
1268 1346
1269 1268
1269 1270
1269 1275
1269 1348
1270 1194
1270 1199
1270 1269
1270 1275
1270 1276
1270 1348
1271 1206
1271 1272
1271 1281
1271 1282
1271 1349
1272 1196
1272 1271
1272 1273
1272 1282
1272 1350
1273 1197
1273 1264
1273 1272
1273 1274
1273 1351
1274 1198
1274 1264
1274 1265
1274 1273
1274 1342
1275 1269
1275 1270
1275 1276
1275 1348
1276 1270
1276 1275
1276 1277
1276 1348
1276 1354
1277 1201
1277 1276
1277 1278
1277 1355
1278 1202
1278 1277
1278 1279
1278 1356
1279 1203
1279 1278
1279 1280
1279 1357
1280 1204
1280 1279
1280 1281
1280 1358
1281 1205
1281 1271
1281 1280
1281 1282
1281 1359
1282 1271
1282 1272
1282 1281
1282 1349
1282 1360
1283 1207
1283 1284
1283 1293
1283 1294
1283 1361
1284 1208
1284 1283
1284 1285
1284 1294
1284 1362
1285 1209
1285 1284
1285 1286
1285 1363
1286 1210
1286 1285
1286 1287
1286 1364
1287 1211
1287 1286
1287 1288
1287 1365
1288 1212
1288 1287
1288 1289
1288 1366
1289 1213
1289 1288
1289 1290
1289 1295
1289 1367
1290 1289
1290 1295
1290 1296
1290 1368
1291 1292
1291 1300
1291 1301
1291 1369
1292 1216
1292 1291
1292 1293
1292 1301
1293 1217
1293 1283
1293 1292
1293 1294
1293 1371
1294 1207
1294 1218
1294 1283
1294 1284
1294 1293
1295 1213
1295 1214
1295 1219
1295 1220
1295 1289
1295 1290
1295 1296
1296 1290
1296 1295
1296 1297
1296 1372
1297 1221
1297 1296
1297 1298
1297 1302
1297 1373
1298 1297
1298 1302
1298 1303
1298 1374
1299 1300
1299 1305
1299 1306
1299 1375
1300 1291
1300 1299
1300 1301
1300 1306
1301 1215
1301 1291
1301 1292
1301 1300
1302 1226
1302 1297
1302 1298
1302 1303
1303 1298
1303 1302
1303 1304
1303 1307
1304 1228
1304 1303
1304 1307
1304 1308
1304 1380
1305 1229
1305 1299
1305 1306
1305 1310
1305 1381
1306 1230
1306 1299
1306 1300
1306 1305
1306 1382
1307 1228
1307 1303
1307 1304
1307 1308
1308 1304
1308 1307
1308 1311
1308 1384
1309 1310
1309 1313
1309 1314
1309 1385
1310 1305
1310 1309
1310 1314
1310 1386
1311 1235
1311 1308
1311 1312
1311 1315
1311 1387
1312 1236
1312 1311
1312 1315
1312 1316
1312 1388
1313 1237
1313 1309
1313 1314
1313 1317
1313 1389
1314 1233
1314 1234
1314 1237
1314 1238
1314 1309
1314 1310
1314 1313
1315 1236
1315 1239
1315 1311
1315 1312
1315 1316
1316 1240
1316 1312
1316 1315
1316 1318
1316 1390
1317 1241
1317 1313
1317 1319
1317 1391
1318 1242
1318 1316
1318 1320
1318 1392
1319 1243
1319 1317
1319 1322
1319 1393
1320 1244
1320 1318
1320 1321
1320 1324
1321 1320
1321 1323
1321 1324
1321 1394
1321 1395
1321 1398
1322 1245
1322 1319
1322 1325
1322 1396
1323 1246
1323 1321
1323 1324
1323 1326
1324 1320
1324 1321
1324 1323
1324 1395
1324 1397
1324 1398
1325 1247
1325 1322
1325 1327
1325 1399
1326 1248
1326 1323
1326 1330
1326 1400
1327 1249
1327 1325
1327 1328
1327 1331
1327 1401
1328 1250
1328 1253
1328 1327
1328 1331
1328 1332
1329 1251
1329 1252
1329 1255
1329 1256
1329 1330
1329 1333
1329 1334
1330 1252
1330 1326
1330 1329
1330 1334
1330 1402
1331 1253
1331 1327
1331 1328
1331 1332
1331 1403
1332 1254
1332 1328
1332 1331
1332 1335
1332 1404
1333 1329
1333 1334
1333 1338
1333 1405
1334 1329
1334 1330
1334 1333
1334 1406
1335 1257
1335 1332
1335 1336
1335 1339
1336 1261
1336 1335
1336 1339
1336 1340
1337 1266
1337 1338
1337 1343
1337 1344
1338 1260
1338 1333
1338 1337
1338 1344
1338 1410
1339 1335
1339 1336
1339 1340
1339 1411
1340 1336
1340 1339
1340 1341
1340 1345
1341 1263
1341 1340
1341 1345
1341 1346
1341 1413
1342 1274
1342 1343
1342 1351
1342 1352
1343 1337
1343 1342
1343 1344
1343 1352
1344 1337
1344 1338
1344 1343
1344 1416
1345 1340
1345 1341
1345 1346
1345 1417
1346 1268
1346 1341
1346 1345
1346 1347
1346 1418
1347 1346
1347 1348
1347 1353
1347 1419
1348 1269
1348 1270
1348 1275
1348 1276
1348 1347
1348 1353
1348 1354
1349 1271
1349 1282
1349 1350
1349 1359
1349 1360
1350 1272
1350 1349
1350 1351
1350 1360
1350 1420
1351 1273
1351 1342
1351 1350
1351 1352
1352 1342
1352 1343
1352 1351
1352 1422
1353 1347
1353 1348
1353 1354
1353 1423
1354 1276
1354 1348
1354 1353
1354 1355
1354 1424
1355 1277
1355 1354
1355 1356
1355 1425
1356 1278
1356 1355
1356 1357
1356 1426
1357 1279
1357 1356
1357 1358
1357 1427
1358 1280
1358 1357
1358 1359
1358 1428
1359 1281
1359 1349
1359 1358
1359 1360
1359 1429
1360 1282
1360 1349
1360 1350
1360 1359
1360 1430
1361 1283
1361 1362
1361 1371
1361 1431
1362 1284
1362 1361
1362 1363
1362 1432
1363 1285
1363 1362
1363 1364
1363 1433
1364 1286
1364 1363
1364 1365
1364 1434
1365 1287
1365 1364
1365 1366
1365 1435
1366 1288
1366 1365
1366 1367
1366 1436
1367 1289
1367 1366
1367 1368
1367 1437
1368 1290
1368 1367
1368 1372
1368 1438
1369 1291
1369 1370
1369 1376
1369 1377
1369 1447
1370 1369
1370 1371
1370 1377
1370 1440
1371 1293
1371 1361
1371 1370
1371 1441
1372 1296
1372 1368
1372 1373
1372 1442
1373 1297
1373 1372
1373 1374
1373 1378
1374 1298
1374 1373
1374 1378
1374 1379
1375 1299
1375 1376
1375 1381
1375 1382
1376 1369
1376 1375
1376 1377
1376 1382
1377 1369
1377 1370
1377 1376
1377 1447
1378 1373
1378 1374
1378 1379
1378 1448
1379 1374
1379 1378
1379 1380
1379 1383
1380 1304
1380 1379
1380 1383
1380 1384
1381 1305
1381 1375
1381 1382
1381 1386
1381 1451
1382 1306
1382 1375
1382 1376
1382 1381
1382 1452
1383 1379
1383 1380
1383 1384
1383 1453
1384 1308
1384 1380
1384 1383
1384 1387
1384 1454
1385 1309
1385 1386
1385 1389
1385 1455
1386 1310
1386 1381
1386 1385
1386 1456
1387 1311
1387 1384
1387 1388
1387 1457
1388 1312
1388 1387
1388 1390
1388 1458
1389 1313
1389 1385
1389 1391
1389 1459
1390 1316
1390 1388
1390 1392
1390 1460
1391 1317
1391 1389
1391 1393
1391 1461
1392 1318
1392 1390
1392 1394
1392 1462
1393 1319
1393 1391
1393 1396
1393 1464
1394 1321
1394 1392
1394 1395
1394 1398
1395 1321
1395 1324
1395 1394
1395 1397
1395 1398
1395 1466
1396 1322
1396 1393
1396 1399
1396 1467
1397 1324
1397 1395
1397 1398
1397 1400
1398 1321
1398 1324
1398 1394
1398 1395
1398 1397
1398 1469
1399 1325
1399 1396
1399 1401
1399 1470
1400 1326
1400 1397
1400 1402
1400 1471
1401 1327
1401 1399
1401 1403
1401 1473
1402 1330
1402 1400
1402 1406
1402 1474
1403 1331
1403 1401
1403 1404
1403 1475
1404 1332
1404 1403
1404 1407
1404 1476
1405 1333
1405 1406
1405 1410
1405 1477
1406 1334
1406 1402
1406 1405
1406 1478
1407 1404
1407 1408
1407 1411
1407 1479
1408 1407
1408 1411
1408 1412
1408 1480
1409 1410
1409 1415
1409 1416
1409 1481
1410 1338
1410 1405
1410 1409
1410 1416
1411 1339
1411 1407
1411 1408
1411 1412
1411 1480
1412 1408
1412 1411
1412 1413
1412 1417
1413 1341
1413 1412
1413 1417
1413 1418
1413 1485
1414 1415
1414 1421
1414 1422
1414 1486
1415 1409
1415 1414
1415 1416
1415 1422
1416 1344
1416 1409
1416 1410
1416 1415
1417 1345
1417 1412
1417 1413
1417 1418
1418 1346
1418 1413
1418 1417
1418 1419
1418 1490
1419 1347
1419 1418
1419 1423
1419 1491
1420 1350
1420 1421
1420 1430
1420 1492
1421 1414
1421 1420
1421 1422
1421 1493
1422 1352
1422 1414
1422 1415
1422 1421
1422 1486
1423 1353
1423 1419
1423 1424
1423 1495
1424 1354
1424 1423
1424 1425
1424 1496
1425 1355
1425 1424
1425 1426
1425 1497
1426 1356
1426 1425
1426 1427
1426 1498
1427 1357
1427 1426
1427 1428
1427 1499
1428 1358
1428 1427
1428 1429
1428 1500
1429 1359
1429 1428
1429 1430
1429 1501
1430 1360
1430 1420
1430 1429
1430 1502
1431 1361
1431 1432
1431 1441
1431 1505
1432 1362
1432 1431
1432 1433
1432 1506
1433 1363
1433 1432
1433 1434
1433 1507
1434 1364
1434 1433
1434 1435
1434 1508
1435 1365
1435 1434
1435 1436
1435 1509
1436 1366
1436 1435
1436 1437
1436 1510
1437 1367
1437 1436
1437 1438
1437 1511
1438 1368
1438 1437
1438 1442
1438 1512
1439 1440
1439 1446
1439 1447
1439 1513
1440 1370
1440 1439
1440 1441
1440 1447
1440 1514
1441 1371
1441 1431
1441 1440
1441 1515
1442 1372
1442 1438
1442 1443
1442 1512
1442 1516
1443 1442
1443 1444
1443 1448
1443 1517
1444 1443
1444 1448
1444 1449
1444 1518
1445 1446
1445 1451
1445 1452
1445 1519
1446 1439
1446 1445
1446 1447
1446 1452
1447 1369
1447 1377
1447 1439
1447 1440
1447 1446
1448 1378
1448 1443
1448 1444
1448 1449
1448 1522
1449 1444
1449 1448
1449 1450
1449 1453
1450 1449
1450 1453
1450 1454
1450 1524
1451 1381
1451 1445
1451 1452
1451 1456
1451 1525
1452 1382
1452 1445
1452 1446
1452 1451
1452 1526
1453 1383
1453 1449
1453 1450
1453 1454
1454 1384
1454 1450
1454 1453
1454 1457
1454 1528
1455 1385
1455 1456
1455 1459
1455 1529
1456 1386
1456 1451
1456 1455
1456 1529
1456 1530
1457 1387
1457 1454
1457 1458
1457 1531
1457 1532
1458 1388
1458 1457
1458 1460
1458 1532
1459 1389
1459 1455
1459 1461
1459 1533
1460 1390
1460 1458
1460 1462
1460 1534
1461 1391
1461 1459
1461 1464
1461 1535
1462 1392
1462 1460
1462 1463
1462 1536
1463 1462
1463 1465
1463 1466
1463 1536
1463 1537
1464 1393
1464 1461
1464 1467
1464 1538
1464 1539
1465 1463
1465 1466
1465 1468
1465 1540
1466 1395
1466 1463
1466 1465
1466 1541
1467 1396
1467 1464
1467 1470
1467 1543
1468 1465
1468 1469
1468 1472
1468 1544
1469 1398
1469 1468
1469 1472
1469 1545
1470 1399
1470 1467
1470 1473
1470 1546
1471 1400
1471 1472
1471 1474
1471 1547
1472 1468
1472 1469
1472 1471
1472 1547
1472 1548
1473 1401
1473 1470
1473 1475
1473 1549
1474 1402
1474 1471
1474 1478
1474 1550
1475 1403
1475 1473
1475 1476
1475 1551
1476 1404
1476 1475
1476 1479
1476 1552
1477 1405
1477 1478
1477 1482
1477 1553
1477 1554
1478 1406
1478 1474
1478 1477
1478 1554
1479 1407
1479 1476
1479 1480
1479 1483
1479 1555
1480 1408
1480 1411
1480 1479
1480 1483
1480 1484
1481 1409
1481 1482
1481 1487
1481 1488
1481 1564
1482 1477
1482 1481
1482 1488
1482 1558
1483 1479
1483 1480
1483 1484
1483 1559
1484 1480
1484 1483
1484 1485
1484 1489
1485 1413
1485 1484
1485 1489
1485 1490
1485 1561
1486 1414
1486 1422
1486 1487
1486 1493
1486 1494
1487 1481
1487 1486
1487 1488
1487 1494
1488 1481
1488 1482
1488 1487
1488 1564
1489 1484
1489 1485
1489 1490
1489 1565
1490 1418
1490 1485
1490 1489
1490 1491
1490 1566
1491 1419
1491 1490
1491 1495
1491 1567
1491 1571
1492 1420
1492 1493
1492 1502
1492 1568
1493 1421
1493 1486
1493 1492
1493 1494
1493 1569
1494 1486
1494 1487
1494 1493
1494 1570
1495 1423
1495 1491
1495 1496
1495 1571
1496 1424
1496 1495
1496 1497
1496 1572
1497 1425
1497 1496
1497 1498
1497 1573
1498 1426
1498 1497
1498 1499
1498 1574
1499 1427
1499 1498
1499 1500
1499 1575
1500 1428
1500 1499
1500 1501
1500 1576
1501 1429
1501 1500
1501 1502
1501 1577
1502 1430
1502 1492
1502 1501
1502 1578
1503 1504
1503 1508
1503 1509
1503 1583
1503 1591
1504 1503
1504 1508
1504 1509
1504 1584
1504 1592
1505 1431
1505 1506
1505 1515
1505 1599
1506 1432
1506 1505
1506 1507
1506 1589
1507 1433
1507 1506
1507 1508
1507 1590
1508 1434
1508 1503
1508 1504
1508 1507
1508 1509
1509 1435
1509 1503
1509 1504
1509 1508
1509 1510
1510 1436
1510 1509
1510 1511
1510 1593
1511 1437
1511 1510
1511 1512
1511 1594
1512 1438
1512 1442
1512 1511
1512 1516
1513 1439
1513 1514
1513 1520
1513 1521
1513 1605
1514 1440
1514 1513
1514 1515
1514 1521
1515 1441
1515 1505
1515 1514
1515 1599
1516 1442
1516 1512
1516 1517
1516 1600
1517 1443
1517 1516
1517 1518
1517 1522
1518 1444
1518 1517
1518 1522
1518 1523
1518 1606
1519 1445
1519 1520
1519 1525
1519 1526
1519 1611
1520 1513
1520 1519
1520 1521
1520 1526
1521 1513
1521 1514
1521 1520
1521 1605
1522 1448
1522 1517
1522 1518
1522 1523
1522 1606
1523 1518
1523 1522
1523 1524
1523 1527
1524 1450
1524 1523
1524 1527
1524 1528
1524 1612
1525 1451
1525 1519
1525 1526
1525 1530
1526 1452
1526 1519
1526 1520
1526 1525
1526 1611
1527 1523
1527 1524
1527 1528
1527 1612
1528 1454
1528 1524
1528 1527
1528 1531
1529 1455
1529 1456
1529 1530
1529 1533
1530 1456
1530 1525
1530 1529
1530 1616
1531 1457
1531 1528
1531 1532
1531 1617
1532 1457
1532 1458
1532 1531
1532 1534
1533 1459
1533 1529
1533 1535
1533 1620
1534 1460
1534 1532
1534 1536
1534 1621
1535 1461
1535 1533
1535 1539
1535 1624
1536 1462
1536 1463
1536 1534
1536 1537
1536 1626
1537 1463
1537 1536
1537 1540
1537 1541
1537 1626
1537 1630
1538 1464
1538 1539
1538 1542
1538 1543
1539 1464
1539 1535
1539 1538
1539 1542
1540 1465
1540 1537
1540 1541
1540 1630
1540 2145
1541 1466
1541 1537
1541 1540
1541 1630
1541 2145
1542 1538
1542 1539
1542 1543
1542 1627
1542 1628
1542 1631
1542 1632
1543 1467
1543 1538
1543 1542
1543 1546
1544 1468
1544 1545
1544 1548
1544 1634
1544 2151
1545 1469
1545 1544
1545 1548
1545 1634
1545 2151
1546 1470
1546 1543
1546 1549
1546 1636
1547 1471
1547 1472
1547 1548
1547 1550
1547 1638
1548 1472
1548 1544
1548 1545
1548 1547
1548 1634
1548 1638
1549 1473
1549 1546
1549 1551
1549 1640
1550 1474
1550 1547
1550 1554
1550 1641
1551 1475
1551 1549
1551 1552
1551 1644
1552 1476
1552 1551
1552 1555
1552 1644
1553 1477
1553 1554
1553 1558
1553 1645
1554 1477
1554 1478
1554 1550
1554 1553
1555 1479
1555 1552
1555 1556
1555 1559
1556 1555
1556 1559
1556 1560
1556 1649
1557 1558
1557 1563
1557 1564
1557 1650
1558 1482
1558 1553
1558 1557
1558 1564
1559 1483
1559 1555
1559 1556
1559 1560
1559 1649
1560 1556
1560 1559
1560 1561
1560 1565
1561 1485
1561 1560
1561 1565
1561 1566
1561 1655
1562 1563
1562 1569
1562 1570
1562 1656
1563 1557
1563 1562
1563 1564
1563 1570
1564 1481
1564 1488
1564 1557
1564 1558
1564 1563
1564 1650
1565 1489
1565 1560
1565 1561
1565 1566
1565 1655
1566 1490
1566 1561
1566 1565
1566 1567
1567 1491
1567 1566
1567 1571
1567 1661
1568 1492
1568 1569
1568 1578
1568 1662
1569 1493
1569 1562
1569 1568
1569 1570
1570 1494
1570 1562
1570 1563
1570 1569
1570 1656
1571 1491
1571 1495
1571 1567
1571 1572
1572 1496
1572 1571
1572 1573
1572 1667
1573 1497
1573 1572
1573 1574
1573 1668
1574 1498
1574 1573
1574 1579
1574 1580
1575 1499
1575 1576
1575 1579
1575 1580
1576 1500
1576 1575
1576 1577
1576 1671
1577 1501
1577 1576
1577 1578
1577 1672
1578 1502
1578 1568
1578 1577
1578 1662
1579 1574
1579 1575
1579 1580
1579 1669
1579 1677
1580 1574
1580 1575
1580 1579
1580 1670
1580 1678
1581 1582
1581 1589
1581 1590
1581 1681
1581 1682
1581 1689
1581 1690
1582 1581
1582 1583
1582 1590
1582 1591
1582 1690
1582 1691
1583 1503
1583 1582
1583 1584
1583 1591
1583 1691
1584 1504
1584 1583
1584 1592
1584 1684
1584 1692
1585 1586
1585 1593
1585 1685
1585 1692
1585 1693
1586 1585
1586 1593
1586 1594
1586 1685
1586 1686
1586 1693
1586 1694
1587 1588
1587 1598
1587 1599
1587 1687
1587 1699
1587 1700
1588 1587
1588 1589
1588 1599
1588 1700
1589 1506
1589 1581
1589 1588
1589 1590
1589 1689
1590 1507
1590 1581
1590 1582
1590 1589
1590 1690
1591 1503
1591 1582
1591 1583
1591 1592
1591 1691
1592 1504
1592 1584
1592 1591
1592 1692
1593 1510
1593 1585
1593 1586
1593 1594
1593 1693
1594 1511
1594 1586
1594 1593
1594 1595
1594 1694
1595 1594
1595 1596
1595 1600
1595 1701
1596 1595
1596 1600
1596 1601
1596 1701
1597 1598
1597 1604
1597 1605
1597 1698
1598 1587
1598 1597
1598 1599
1598 1605
1599 1505
1599 1515
1599 1587
1599 1588
1599 1598
1599 1700
1600 1516
1600 1595
1600 1596
1600 1601
1600 1701
1601 1596
1601 1600
1601 1602
1601 1606
1602 1601
1602 1606
1602 1607
1602 1703
1603 1604
1603 1610
1603 1611
1603 1705
1604 1597
1604 1603
1604 1605
1604 1611
1605 1513
1605 1521
1605 1597
1605 1598
1605 1604
1606 1518
1606 1522
1606 1601
1606 1602
1606 1607
1607 1602
1607 1606
1607 1608
1607 1612
1608 1607
1608 1612
1608 1613
1608 1708
1609 1610
1609 1615
1609 1616
1609 1714
1610 1603
1610 1609
1610 1611
1610 1616
1611 1519
1611 1526
1611 1603
1611 1604
1611 1610
1612 1524
1612 1527
1612 1607
1612 1608
1612 1613
1613 1608
1613 1612
1613 1614
1613 1617
1613 1711
1614 1613
1614 1617
1614 1618
1614 1712
1614 1715
1615 1609
1615 1616
1615 1620
1615 1714
1616 1530
1616 1609
1616 1610
1616 1615
1616 1714
1617 1531
1617 1613
1617 1614
1617 1618
1617 1715
1618 1614
1618 1617
1618 1621
1618 1715
1619 1620
1619 1623
1619 1624
1619 1717
1619 1718
1619 1721
1619 1722
1620 1533
1620 1615
1620 1619
1620 1624
1620 1718
1621 1534
1621 1618
1621 1622
1621 1625
1621 1719
1622 1621
1622 1625
1622 1719
1622 1720
1622 1723
1623 1619
1623 1624
1623 1721
1623 1722
1623 1726
1624 1535
1624 1619
1624 1620
1624 1623
1624 1722
1625 1621
1625 1622
1625 1626
1625 1630
1625 2157
1626 1536
1626 1537
1626 1625
1626 1630
1626 2157
1627 1542
1627 1628
1627 1631
1627 1725
1627 1726
1628 1542
1628 1627
1628 1632
1628 1726
1629 1630
1629 1633
1629 1727
1629 1996
1629 2145
1629 2158
1630 1537
1630 1540
1630 1541
1630 1625
1630 1626
1630 1629
1630 2145
1630 2157
1630 2158
1631 1542
1631 1627
1631 1632
1631 1635
1631 1730
1632 1542
1632 1628
1632 1631
1632 1635
1632 1730
1633 1629
1633 1634
1633 1731
1633 1996
1633 2164
1634 1544
1634 1545
1634 1548
1634 1633
1634 1637
1634 1638
1634 2151
1634 2164
1634 2170
1635 1631
1635 1632
1635 1636
1635 1639
1635 1730
1635 1734
1636 1546
1636 1635
1636 1639
1636 1640
1636 1734
1637 1634
1637 1638
1637 1641
1637 1642
1637 2170
1638 1547
1638 1548
1638 1634
1638 1637
1638 2170
1639 1635
1639 1636
1639 1640
1639 1733
1639 1734
1639 1737
1639 1738
1640 1549
1640 1636
1640 1639
1640 1643
1640 1738
1641 1550
1641 1637
1641 1642
1641 1646
1641 1739
1642 1637
1642 1641
1642 1735
1642 1739
1643 1640
1643 1644
1643 1647
1643 1742
1644 1551
1644 1552
1644 1643
1644 1647
1644 1648
1644 1742
1645 1553
1645 1646
1645 1651
1645 1652
1645 1743
1646 1641
1646 1645
1646 1652
1646 1743
1647 1643
1647 1644
1647 1648
1647 1742
1647 1745
1647 1746
1648 1644
1648 1647
1648 1649
1648 1653
1649 1556
1649 1559
1649 1648
1649 1653
1649 1654
1650 1557
1650 1564
1650 1651
1650 1657
1650 1658
1651 1645
1651 1650
1651 1652
1651 1658
1652 1645
1652 1646
1652 1651
1652 1743
1653 1648
1653 1649
1653 1654
1653 1749
1654 1649
1654 1653
1654 1655
1654 1659
1655 1561
1655 1565
1655 1654
1655 1659
1655 1660
1656 1562
1656 1570
1656 1657
1656 1663
1656 1664
1657 1650
1657 1656
1657 1658
1657 1664
1658 1650
1658 1651
1658 1657
1658 1752
1659 1654
1659 1655
1659 1660
1659 1754
1660 1655
1660 1659
1660 1661
1660 1665
1661 1567
1661 1660
1661 1665
1661 1666
1661 1756
1662 1568
1662 1578
1662 1663
1662 1673
1662 1674
1662 1757
1663 1656
1663 1662
1663 1664
1663 1674
1664 1656
1664 1657
1664 1663
1664 1759
1665 1660
1665 1661
1665 1666
1665 1756
1666 1661
1666 1665
1666 1667
1666 1756
1666 1762
1667 1572
1667 1666
1667 1668
1667 1675
1667 1763
1668 1573
1668 1667
1668 1675
1668 1676
1668 1764
1669 1579
1669 1670
1669 1677
1669 1765
1670 1580
1670 1669
1670 1678
1670 1679
1670 1766
1671 1576
1671 1672
1671 1679
1671 1680
1671 1767
1672 1577
1672 1671
1672 1673
1672 1680
1672 1768
1673 1662
1673 1672
1673 1674
1673 1757
1673 1769
1674 1662
1674 1663
1674 1673
1674 1757
1674 1758
1674 1770
1675 1667
1675 1668
1675 1676
1675 1763
1675 1764
1675 1771
1676 1668
1676 1675
1676 1764
1676 1765
1676 1772
1677 1579
1677 1669
1677 1678
1677 1765
1677 1773
1678 1580
1678 1670
1678 1677
1678 1679
1678 1766
1679 1670
1679 1671
1679 1678
1679 1680
1679 1766
1679 1767
1680 1671
1680 1672
1680 1679
1680 1767
1680 1768
1680 1775
1680 1776
1681 1581
1681 1682
1681 1689
1681 1797
1681 1798
1682 1581
1682 1681
1682 1683
1682 1690
1682 1786
1682 1798
1683 1682
1683 1684
1683 1691
1683 1787
1684 1584
1684 1683
1684 1692
1684 1788
1685 1585
1685 1586
1685 1686
1685 1693
1685 1799
1686 1586
1686 1685
1686 1693
1686 1694
1686 1799
1686 1800
1687 1587
1687 1688
1687 1699
1687 1700
1687 1795
1688 1687
1688 1689
1688 1700
1688 1796
1689 1581
1689 1589
1689 1681
1689 1688
1689 1798
1690 1581
1690 1582
1690 1590
1690 1682
1690 1798
1691 1582
1691 1583
1691 1591
1691 1683
1692 1584
1692 1585
1692 1592
1692 1684
1693 1585
1693 1586
1693 1593
1693 1685
1693 1686
1694 1586
1694 1594
1694 1686
1694 1695
1694 1799
1694 1800
1695 1694
1695 1696
1695 1701
1695 1801
1696 1695
1696 1701
1696 1702
1696 1807
1697 1698
1697 1705
1697 1706
1697 1804
1697 1813
1698 1597
1698 1697
1698 1699
1698 1706
1698 1813
1699 1587
1699 1687
1699 1698
1699 1700
1699 1806
1700 1587
1700 1588
1700 1599
1700 1687
1700 1688
1700 1699
1701 1595
1701 1596
1701 1600
1701 1695
1701 1696
1701 1702
1702 1696
1702 1701
1702 1703
1702 1807
1703 1602
1703 1702
1703 1704
1703 1707
1703 1814
1704 1703
1704 1707
1704 1708
1704 1809
1704 1814
1705 1603
1705 1697
1705 1706
1705 1710
1705 1813
1706 1697
1706 1698
1706 1705
1706 1813
1707 1703
1707 1704
1707 1708
1707 1814
1708 1608
1708 1704
1708 1707
1708 1711
1708 1814
1709 1710
1709 1713
1709 1714
1709 1819
1710 1705
1710 1709
1710 1714
1710 1819
1711 1613
1711 1708
1711 1712
1711 1715
1711 1820
1712 1614
1712 1711
1712 1715
1712 1716
1713 1709
1713 1714
1713 1718
1713 1824
1714 1609
1714 1615
1714 1616
1714 1709
1714 1710
1714 1713
1715 1614
1715 1617
1715 1618
1715 1711
1715 1712
1715 1716
1716 1712
1716 1715
1716 1719
1716 1825
1717 1619
1717 1718
1717 1721
1717 1722
1717 1829
1717 1835
1718 1619
1718 1620
1718 1713
1718 1717
1718 1835
1719 1621
1719 1622
1719 1716
1719 1720
1719 1836
1720 1622
1720 1719
1720 1723
1720 1724
1720 1830
1720 1836
1721 1619
1721 1623
1721 1717
1721 1722
1721 1834
1721 1835
1722 1619
1722 1623
1722 1624
1722 1717
1722 1721
1723 1622
1723 1720
1723 1724
1723 1836
1723 2173
1724 1720
1724 1723
1724 1836
1724 1837
1724 2173
1725 1627
1725 1726
1725 1729
1725 1840
1726 1623
1726 1627
1726 1628
1726 1725
1727 1629
1727 1728
1727 1996
1727 2157
1727 2158
1728 1727
1728 1732
1728 1841
1728 2176
1729 1725
1729 1730
1729 1733
1729 1844
1730 1631
1730 1632
1730 1635
1730 1729
1731 1633
1731 1732
1731 1996
1731 2164
1731 2170
1732 1728
1732 1731
1732 1845
1732 2181
1733 1639
1733 1729
1733 1734
1733 1737
1733 1848
1733 1849
1734 1635
1734 1636
1734 1639
1734 1733
1734 1849
1735 1642
1735 1736
1735 1740
1735 1850
1735 2186
1736 1735
1736 1740
1736 1850
1736 1851
1736 2186
1737 1639
1737 1733
1737 1738
1737 1849
1737 1855
1738 1639
1738 1640
1738 1737
1738 1741
1738 1849
1739 1641
1739 1642
1739 1740
1739 1744
1739 1850
1740 1735
1740 1736
1740 1739
1740 1850
1740 1856
1741 1738
1741 1742
1741 1745
1741 1860
1742 1643
1742 1644
1742 1647
1742 1741
1742 1745
1742 1746
1743 1645
1743 1646
1743 1652
1743 1744
1743 1747
1743 1748
1744 1739
1744 1743
1744 1748
1744 1861
1745 1647
1745 1741
1745 1742
1745 1746
1745 1864
1746 1647
1746 1742
1746 1745
1746 1749
1746 1865
1747 1743
1747 1748
1747 1752
1747 1866
1748 1743
1748 1744
1748 1747
1748 1866
1749 1653
1749 1746
1749 1750
1749 1753
1749 1871
1750 1749
1750 1753
1750 1754
1750 1871
1751 1752
1751 1759
1751 1760
1751 1872
1752 1658
1752 1747
1752 1751
1752 1760
1753 1749
1753 1750
1753 1754
1753 1871
1753 1876
1754 1659
1754 1750
1754 1753
1754 1755
1754 1871
1755 1754
1755 1756
1755 1761
1755 1878
1755 1883
1756 1661
1756 1665
1756 1666
1756 1755
1756 1761
1756 1762
1757 1662
1757 1673
1757 1674
1757 1758
1757 1769
1757 1770
1758 1674
1758 1757
1758 1759
1758 1770
1758 1879
1759 1664
1759 1751
1759 1758
1759 1760
1759 1872
1760 1751
1760 1752
1760 1759
1760 1872
1761 1755
1761 1756
1761 1762
1761 1878
1762 1666
1762 1756
1762 1761
1762 1763
1762 1894
1762 2002
1763 1667
1763 1675
1763 1762
1763 1771
1763 1886
1763 1894
1764 1668
1764 1675
1764 1676
1764 1771
1764 1772
1764 1886
1764 1896
1765 1669
1765 1676
1765 1677
1765 1773
1766 1670
1766 1678
1766 1679
1766 1774
1767 1671
1767 1679
1767 1680
1767 1775
1767 1887
1768 1672
1768 1680
1768 1769
1768 1776
1768 1887
1769 1673
1769 1757
1769 1768
1769 1770
1770 1674
1770 1757
1770 1758
1770 1769
1771 1675
1771 1763
1771 1764
1771 1772
1771 1886
1772 1676
1772 1764
1772 1771
1772 1886
1772 1896
1773 1677
1773 1765
1773 1774
1773 1897
1774 1766
1774 1773
1774 1775
1774 1898
1775 1680
1775 1767
1775 1774
1775 1776
1775 1887
1776 1680
1776 1768
1776 1775
1776 1887
1776 1888
1777 1778
1777 1785
1777 1909
1777 1910
1777 1917
1777 1918
1778 1777
1778 1786
1778 1910
1778 1918
1779 1780
1779 1787
1779 1911
1779 1912
1779 1919
1779 1920
1780 1779
1780 1788
1780 1911
1780 1912
1780 1919
1780 1920
1781 1782
1781 1789
1781 1913
1781 1921
1782 1781
1782 1790
1782 1913
1782 1914
1782 1921
1782 1922
1783 1795
1783 1915
1783 1916
1783 1927
1783 1928
1784 1785
1784 1796
1784 1797
1784 1916
1784 1928
1785 1777
1785 1784
1785 1797
1785 1917
1786 1682
1786 1778
1786 1798
1786 1918
1787 1683
1787 1779
1787 1788
1787 1911
1787 1919
1788 1684
1788 1780
1788 1787
1788 1912
1788 1920
1789 1781
1789 1790
1789 1799
1789 1921
1790 1782
1790 1789
1790 1799
1790 1800
1790 1922
1791 1792
1791 1801
1791 1923
1791 1929
1792 1791
1792 1802
1792 1923
1792 1924
1792 1929
1792 1930
1793 1925
1793 1926
1793 1934
1793 1935
1794 1805
1794 1806
1794 1926
1794 1935
1795 1687
1795 1783
1795 1796
1795 1806
1795 1927
1796 1688
1796 1784
1796 1795
1796 1928
1797 1681
1797 1784
1797 1785
1797 1798
1798 1681
1798 1682
1798 1689
1798 1690
1798 1786
1798 1797
1799 1685
1799 1686
1799 1694
1799 1789
1799 1790
1799 1800
1800 1686
1800 1694
1800 1790
1800 1799
1800 1801
1801 1695
1801 1791
1801 1800
1801 1929
1802 1792
1802 1803
1802 1807
1802 1930
1803 1802
1803 1807
1803 1808
1803 1931
1803 1932
1804 1697
1804 1805
1804 1812
1804 1934
1805 1794
1805 1804
1805 1806
1805 1935
1806 1699
1806 1794
1806 1795
1806 1805
1807 1696
1807 1702
1807 1802
1807 1803
1807 1808
1808 1803
1808 1807
1808 1809
1808 1936
1809 1704
1809 1808
1809 1815
1809 1937
1809 1941
1810 1816
1810 1937
1810 1938
1810 1941
1810 1942
1811 1812
1811 1818
1811 1819
1811 1933
1811 1939
1811 1940
1812 1804
1812 1811
1812 1819
1812 1940
1813 1697
1813 1698
1813 1705
1813 1706
1814 1703
1814 1704
1814 1707
1814 1708
1814 1815
1815 1809
1815 1814
1815 1820
1815 1941
1816 1810
1816 1820
1816 1821
1816 1941
1816 1942
1817 1818
1817 1823
1817 1943
1817 1944
1817 1947
1817 1948
1818 1811
1818 1817
1818 1819
1818 1944
1819 1709
1819 1710
1819 1811
1819 1812
1819 1818
1820 1711
1820 1815
1820 1816
1820 1821
1821 1816
1821 1820
1821 1822
1821 1825
1821 1945
1822 1821
1822 1945
1822 1946
1822 1949
1822 1950
1823 1817
1823 1824
1823 1947
1823 1948
1824 1713
1824 1823
1824 1829
1824 1948
1825 1716
1825 1821
1825 1826
1825 1830
1825 1949
1826 1825
1826 1830
1826 1831
1826 1949
1826 1950
1827 1828
1827 1833
1827 1951
1827 1952
1827 1955
1827 1956
1828 1827
1828 1829
1828 1835
1828 1952
1829 1717
1829 1824
1829 1828
1829 1835
1830 1720
1830 1825
1830 1826
1830 1831
1830 1836
1831 1826
1831 1830
1831 1832
1831 1837
1831 1953
1832 1831
1832 1838
1832 1953
1832 1954
1832 1957
1832 1958
1833 1827
1833 1834
1833 1955
1833 1956
1834 1721
1834 1833
1834 1835
1834 1956
1835 1717
1835 1718
1835 1721
1835 1828
1835 1829
1835 1834
1836 1719
1836 1720
1836 1723
1836 1724
1836 1830
1836 1837
1837 1724
1837 1831
1837 1836
1837 1841
1837 1957
1838 1832
1838 1954
1838 1957
1838 1958
1838 2190
1838 2191
1839 1840
1839 1843
1839 1959
1839 1960
1840 1725
1840 1839
1840 1959
1840 1960
1841 1728
1841 1837
1841 1845
1841 1961
1842 1846
1842 1961
1842 1962
1842 2193
1843 1839
1843 1844
1843 1959
1843 1960
1843 1963
1843 1964
1844 1729
1844 1843
1844 1847
1844 1963
1844 1964
1845 1732
1845 1841
1845 1846
1845 1965
1846 1842
1846 1845
1846 1962
1846 1965
1846 1966
1846 2195
1847 1844
1847 1848
1847 1967
1847 1968
1848 1733
1848 1847
1848 1849
1848 1968
1849 1733
1849 1734
1849 1737
1849 1738
1849 1848
1849 1855
1850 1735
1850 1736
1850 1739
1850 1740
1850 1851
1850 1856
1850 1857
1851 1736
1851 1850
1851 1969
1851 2198
1852 1969
1852 1970
1852 2199
1852 2202
1853 1854
1853 1967
1853 1968
1853 1971
1853 1972
1854 1853
1854 1855
1854 1859
1854 1971
1854 1972
1855 1737
1855 1849
1855 1854
1855 1859
1855 1860
1856 1740
1856 1850
1856 1857
1856 1861
1857 1850
1857 1856
1857 1858
1857 1973
1857 2202
1858 1857
1858 1973
1858 1974
1858 2202
1859 1854
1859 1855
1859 1860
1859 1975
1859 1976
1860 1741
1860 1855
1860 1859
1860 1976
1861 1744
1861 1856
1861 1862
1861 1977
1862 1861
1862 1868
1862 1977
1862 1978
1863 1975
1863 1976
1863 1979
1863 1980
1864 1745
1864 1865
1864 1869
1864 1980
1865 1746
1865 1864
1865 1869
1865 1870
1866 1747
1866 1748
1866 1867
1866 1873
1866 1874
1867 1866
1867 1868
1867 1874
1867 1981
1868 1862
1868 1867
1868 1977
1868 1978
1868 1981
1868 1982
1869 1864
1869 1865
1869 1870
1869 1875
1869 1983
1869 1984
1870 1865
1870 1869
1870 1876
1870 1984
1871 1749
1871 1750
1871 1753
1871 1754
1872 1751
1872 1759
1872 1760
1872 1880
1873 1866
1873 1874
1873 1881
1873 1985
1874 1866
1874 1867
1874 1873
1874 1985
1874 1986
1874 1992
1875 1869
1875 1983
1875 1984
1875 1987
1875 1988
1876 1753
1876 1870
1876 1877
1876 1988
1877 1876
1877 1878
1877 1882
1877 1989
1877 1994
1878 1755
1878 1761
1878 1877
1878 1883
1879 1758
1879 1880
1879 1890
1879 1891
1880 1872
1880 1879
1880 1881
1880 1891
1880 1990
1881 1873
1881 1880
1881 1892
1881 1990
1881 1991
1882 1877
1882 1893
1882 1989
1882 1993
1882 1994
1882 2001
1883 1755
1883 1878
1883 1884
1883 1885
1883 1995
1884 1883
1884 1885
1884 1895
1884 1995
1884 2003
1885 1883
1885 1884
1885 1894
1885 1895
1885 1995
1885 2002
1885 2003
1885 2004
1886 1763
1886 1764
1886 1771
1886 1772
1886 1895
1886 1896
1886 1903
1886 2011
1887 1767
1887 1768
1887 1775
1887 1776
1887 1888
1887 1899
1888 1776
1888 1887
1888 1900
1888 1901
1889 1890
1889 1901
1889 1902
1889 1997
1890 1879
1890 1889
1890 1902
1890 1998
1891 1879
1891 1880
1891 1892
1891 1990
1891 1999
1892 1881
1892 1891
1892 1990
1892 1991
1892 1999
1892 2000
1893 1882
1893 1894
1893 1994
1893 2001
1894 1762
1894 1763
1894 1885
1894 1893
1894 2001
1894 2002
1895 1884
1895 1885
1895 1886
1895 2002
1895 2003
1895 2004
1896 1764
1896 1772
1896 1886
1896 1904
1896 2004
1897 1773
1897 1898
1897 1905
1897 2005
1897 2013
1898 1774
1898 1897
1898 1905
1898 1906
1898 2006
1898 2014
1899 1887
1899 1907
1899 2007
1899 2015
1900 1888
1900 1901
1900 1908
1900 2008
1901 1888
1901 1889
1901 1900
1901 1997
1901 2009
1902 1889
1902 1890
1902 1997
1902 1998
1902 2009
1902 2010
1903 1886
1903 1904
1903 2011
1903 2012
1904 1896
1904 1903
1904 2011
1904 2012
1905 1897
1905 1898
1905 1906
1905 2005
1905 2006
1905 2013
1905 2014
1906 1898
1906 1905
1906 2005
1906 2006
1906 2013
1906 2014
1907 1899
1907 1908
1907 2007
1907 2015
1907 2016
1908 1900
1908 1907
1908 2007
1908 2008
1908 2015
1908 2016
1909 1777
1909 1910
1909 1917
1909 1918
1910 1777
1910 1778
1910 1909
1910 1918
1911 1779
1911 1780
1911 1787
1911 1912
1911 1919
1912 1779
1912 1780
1912 1788
1912 1911
1912 1920
1913 1781
1913 1782
1913 1914
1913 1921
1914 1782
1914 1913
1914 1921
1914 1922
1915 1783
1915 1916
1915 1927
1915 1928
1916 1783
1916 1784
1916 1915
1916 1917
1916 1928
1917 1777
1917 1785
1917 1909
1917 1916
1918 1777
1918 1778
1918 1786
1918 1909
1918 1910
1919 1779
1919 1780
1919 1787
1919 1911
1920 1779
1920 1780
1920 1788
1920 1912
1921 1781
1921 1782
1921 1789
1921 1913
1921 1914
1922 1782
1922 1790
1922 1914
1922 1923
1923 1791
1923 1792
1923 1922
1923 1924
1923 1929
1924 1792
1924 1923
1924 1929
1924 1930
1925 1793
1925 1926
1925 1934
1925 1935
1926 1793
1926 1794
1926 1925
1926 1935
1927 1783
1927 1795
1927 1915
1927 1928
1928 1783
1928 1784
1928 1796
1928 1915
1928 1916
1928 1927
1929 1791
1929 1792
1929 1801
1929 1923
1929 1924
1929 1930
1930 1792
1930 1802
1930 1924
1930 1929
1930 1931
1931 1803
1931 1930
1931 1932
1931 1936
1932 1803
1932 1931
1932 1936
1932 1937
1933 1811
1933 1934
1933 1939
1933 1940
1934 1793
1934 1804
1934 1925
1934 1933
1934 1940
1935 1793
1935 1794
1935 1805
1935 1925
1935 1926
1936 1808
1936 1931
1936 1932
1936 1937
1937 1809
1937 1810
1937 1932
1937 1936
1937 1938
1938 1810
1938 1937
1938 1941
1938 1942
1939 1811
1939 1933
1939 1940
1939 1944
1940 1811
1940 1812
1940 1933
1940 1934
1940 1939
1941 1809
1941 1810
1941 1815
1941 1816
1941 1938
1941 1942
1942 1810
1942 1816
1942 1938
1942 1941
1942 1945
1943 1817
1943 1944
1943 1947
1943 1948
1944 1817
1944 1818
1944 1939
1944 1943
1944 1948
1945 1821
1945 1822
1945 1942
1945 1946
1946 1822
1946 1945
1946 1949
1946 1950
1947 1817
1947 1823
1947 1943
1947 1948
1947 1952
1948 1817
1948 1823
1948 1824
1948 1943
1948 1944
1948 1947
1949 1822
1949 1825
1949 1826
1949 1946
1949 1950
1950 1822
1950 1826
1950 1946
1950 1949
1950 1953
1951 1827
1951 1952
1951 1955
1951 1956
1952 1827
1952 1828
1952 1947
1952 1951
1953 1831
1953 1832
1953 1950
1953 1954
1954 1832
1954 1838
1954 1953
1954 1958
1955 1827
1955 1833
1955 1951
1955 1956
1956 1827
1956 1833
1956 1834
1956 1951
1956 1955
1957 1832
1957 1837
1957 1838
1957 1958
1958 1832
1958 1838
1958 1954
1958 1957
1959 1839
1959 1840
1959 1843
1959 1960
1959 1963
1960 1839
1960 1840
1960 1843
1960 1959
1961 1841
1961 1842
1961 1962
1961 1966
1962 1842
1962 1846
1962 1961
1962 1966
1962 2193
1963 1843
1963 1844
1963 1959
1963 1964
1964 1843
1964 1844
1964 1963
1964 1968
1965 1845
1965 1846
1965 1966
1965 1969
1966 1846
1966 1961
1966 1962
1966 1965
1966 2195
1967 1847
1967 1853
1967 1968
1967 1971
1968 1847
1968 1848
1968 1853
1968 1964
1968 1967
1969 1851
1969 1852
1969 1965
1969 1970
1969 2202
1970 1852
1970 1969
1970 1974
1970 2199
1971 1853
1971 1854
1971 1967
1971 1972
1972 1853
1972 1854
1972 1971
1972 1975
1973 1857
1973 1858
1973 1974
1973 2202
1974 1858
1974 1970
1974 1973
1974 2202
1975 1859
1975 1863
1975 1972
1975 1976
1975 1979
1976 1859
1976 1860
1976 1863
1976 1975
1976 1979
1977 1861
1977 1862
1977 1868
1977 1978
1977 1981
1977 1982
1978 1862
1978 1868
1978 1977
1978 1982
1979 1863
1979 1975
1979 1976
1979 1980
1980 1863
1980 1864
1980 1979
1980 1983
1981 1867
1981 1868
1981 1977
1981 1982
1981 1986
1982 1868
1982 1977
1982 1978
1982 1981
1983 1869
1983 1875
1983 1980
1983 1984
1983 1987
1984 1869
1984 1870
1984 1875
1984 1983
1984 1987
1985 1873
1985 1874
1985 1986
1985 1992
1986 1874
1986 1981
1986 1985
1986 1992
1987 1875
1987 1983
1987 1984
1987 1988
1988 1875
1988 1876
1988 1987
1988 1989
1988 1993
1989 1877
1989 1882
1989 1988
1989 1993
1989 1994
1990 1880
1990 1881
1990 1891
1990 1892
1990 1991
1990 1999
1990 2000
1991 1881
1991 1892
1991 1990
1991 1992
1991 2000
1992 1874
1992 1985
1992 1986
1992 1991
1993 1882
1993 1988
1993 1989
1993 1994
1994 1877
1994 1882
1994 1893
1994 1989
1994 1993
1994 2001
1995 1883
1995 1884
1995 1885
1995 2003
1996 1629
1996 1633
1996 1727
1996 1731
1997 1889
1997 1901
1997 1902
1997 2009
1997 2010
1998 1890
1998 1902
1998 1999
1998 2010
1999 1891
1999 1892
1999 1990
1999 1998
1999 2000
2000 1892
2000 1990
2000 1991
2000 1999
2001 1882
2001 1893
2001 1894
2001 1994
2002 1762
2002 1885
2002 1894
2002 1895
2003 1884
2003 1885
2003 1895
2003 1995
2003 2004
2004 1885
2004 1895
2004 1896
2004 2003
2005 1897
2005 1905
2005 1906
2005 2012
2005 2013
2006 1898
2006 1905
2006 1906
2006 2014
2007 1899
2007 1907
2007 1908
2007 2015
2008 1900
2008 1908
2008 2009
2008 2016
2009 1901
2009 1902
2009 1997
2009 2008
2009 2010
2010 1902
2010 1997
2010 1998
2010 2009
2011 1886
2011 1903
2011 1904
2011 2012
2012 1903
2012 1904
2012 2005
2012 2011
2013 1897
2013 1905
2013 1906
2013 2005
2013 2014
2014 1898
2014 1905
2014 1906
2014 2006
2014 2013
2015 1899
2015 1907
2015 1908
2015 2007
2015 2016
2016 1907
2016 1908
2016 2008
2016 2015
2017 315
2017 316
2017 319
2017 388
2017 2018
2017 2023
2018 319
2018 2017
2018 2019
2018 2020
2018 2021
2019 2018
2019 2020
2019 2021
2019 2025
2020 322
2020 2018
2020 2019
2020 2021
2020 2022
2021 2018
2021 2019
2021 2020
2021 2025
2021 2028
2022 325
2022 395
2022 2020
2022 2031
2023 316
2023 388
2023 2017
2023 2024
2024 2023
2024 2025
2024 2035
2024 2036
2025 2019
2025 2021
2025 2024
2025 2026
2026 2025
2026 2027
2026 2030
2026 2036
2026 2038
2027 2026
2027 2029
2027 2030
2027 2038
2027 2039
2028 2021
2028 2029
2028 2032
2028 2033
2029 2027
2029 2028
2029 2030
2029 2033
2029 2042
2030 2026
2030 2027
2030 2029
2030 2039
2030 2042
2030 2043
2031 325
2031 395
2031 2022
2031 2032
2032 2028
2032 2031
2032 2033
2032 2046
2033 2028
2033 2029
2033 2032
2033 2042
2033 2047
2034 458
2034 2035
2034 2037
2034 2048
2035 2024
2035 2034
2035 2036
2035 2037
2036 2024
2036 2026
2036 2035
2036 2037
2036 2038
2036 2050
2037 2034
2037 2035
2037 2036
2037 2050
2038 2026
2038 2027
2038 2036
2038 2039
2039 2027
2039 2030
2039 2038
2039 2040
2039 2052
2040 2039
2040 2044
2040 2052
2040 2053
2041 2046
2041 2055
2041 2056
2041 2062
2042 2029
2042 2030
2042 2033
2042 2043
2042 2047
2042 2063
2043 2030
2043 2042
2043 2044
2043 2058
2043 2064
2044 2040
2044 2043
2044 2053
2044 2059
2045 465
2045 470
2045 2046
2045 2062
2046 2032
2046 2041
2046 2045
2046 2047
2046 2062
2047 2033
2047 2042
2047 2046
2047 2063
2048 529
2048 2034
2048 2049
2048 2065
2049 2048
2049 2050
2049 2065
2049 2066
2050 2036
2050 2037
2050 2049
2050 2051
2050 2056
2051 2050
2051 2052
2051 2067
2051 2073
2052 2039
2052 2040
2052 2051
2052 2053
2052 2067
2053 2040
2053 2044
2053 2052
2053 2054
2053 2069
2054 2053
2054 2060
2054 2069
2054 2070
2055 2041
2055 2056
2055 2062
2055 2072
2056 2041
2056 2050
2056 2055
2056 2057
2056 2062
2057 2056
2057 2063
2057 2064
2057 2073
2058 2043
2058 2059
2058 2063
2058 2064
2059 2044
2059 2058
2059 2060
2059 2075
2060 2054
2060 2059
2060 2075
2060 2076
2061 536
2061 541
2061 2062
2061 2078
2062 2041
2062 2045
2062 2046
2062 2055
2062 2056
2062 2061
2063 2042
2063 2047
2063 2057
2063 2058
2063 2064
2064 2043
2064 2057
2064 2058
2064 2063
2065 529
2065 600
2065 603
2065 2048
2065 2049
2065 2066
2066 602
2066 603
2066 2049
2066 2065
2066 2072
2067 2051
2067 2052
2067 2068
2067 2073
2068 2067
2068 2069
2068 2074
2068 2079
2069 2053
2069 2054
2069 2068
2069 2079
2070 2054
2070 2071
2070 2076
2070 2077
2070 2081
2071 2070
2071 2076
2071 2077
2071 2081
2071 2082
2071 2086
2072 605
2072 606
2072 2055
2072 2066
2072 2078
2073 2051
2073 2057
2073 2067
2073 2074
2074 2068
2074 2073
2074 2075
2074 2079
2074 2083
2075 2059
2075 2060
2075 2074
2075 2076
2076 2060
2076 2070
2076 2071
2076 2075
2076 2077
2076 2085
2077 2070
2077 2071
2077 2076
2077 2082
2077 2085
2077 2086
2078 536
2078 606
2078 609
2078 2061
2078 2072
2079 2068
2079 2069
2079 2074
2079 2080
2079 2083
2079 2084
2080 2079
2080 2083
2080 2084
2080 2087
2080 2091
2081 2070
2081 2071
2081 2082
2081 2087
2081 2088
2082 2071
2082 2077
2082 2081
2082 2086
2082 2089
2083 2074
2083 2079
2083 2080
2083 2084
2084 2079
2084 2080
2084 2083
2084 2091
2085 2076
2085 2077
2085 2086
2085 2092
2086 2071
2086 2077
2086 2082
2086 2085
2086 2093
2087 2080
2087 2081
2087 2088
2087 2091
2088 2081
2088 2087
2088 2089
2088 2095
2089 2082
2089 2088
2089 2090
2089 2094
2089 2096
2090 2089
2090 2093
2090 2094
2090 2097
2090 2205
2091 2080
2091 2084
2091 2087
2091 2092
2092 2085
2092 2091
2092 2093
2092 2098
2093 2086
2093 2090
2093 2092
2093 2094
2093 2099
2094 2089
2094 2090
2094 2093
2094 2097
2094 2100
2095 2088
2095 2096
2095 2098
2095 2101
2095 2203
2096 2089
2096 2095
2096 2097
2096 2203
2096 2204
2097 2090
2097 2094
2097 2096
2097 2100
2097 2204
2097 2205
2098 2092
2098 2095
2098 2203
2098 2206
2099 2093
2099 2100
2099 2206
2099 2207
2099 2208
2100 2094
2100 2097
2100 2099
2100 2205
2100 2207
2100 2208
2101 2095
2101 2104
2101 2203
2101 2209
2101 2212
2102 2103
2102 2108
2102 2204
2102 2209
2102 2210
2103 2102
2103 2109
2103 2205
2103 2211
2104 2101
2104 2105
2104 2206
2104 2209
2104 2212
2104 2213
2105 2104
2105 2111
2105 2207
2105 2213
2106 2112
2106 2208
2106 2214
2106 2220
2107 2108
2107 2110
2107 2215
2107 2216
2107 2218
2108 2102
2108 2107
2108 2210
2108 2215
2108 2216
2109 2103
2109 2211
2109 2217
2109 2221
2110 2107
2110 2212
2110 2215
2110 2218
2110 2219
2111 2105
2111 2213
2111 2218
2111 2219
2112 2106
2112 2214
2112 2220
2112 2221
2113 2114
2113 2115
2113 2117
2113 2235
2113 2236
2113 2238
2113 2241
2114 2113
2114 2117
2114 2118
2114 2235
2114 2236
2114 2241
2114 2242
2115 2113
2115 2116
2115 2120
2115 2235
2115 2238
2115 2239
2115 2244
2116 2115
2116 2121
2116 2238
2116 2239
2116 2245
2117 2113
2117 2114
2117 2118
2117 2120
2117 2241
2117 2242
2117 2247
2118 2114
2118 2117
2118 2241
2118 2242
2119 2122
2119 2125
2119 2237
2119 2242
2119 2243
2119 2246
2119 2249
2120 2115
2120 2117
2120 2121
2120 2241
2120 2244
2120 2245
2120 2250
2121 2116
2121 2120
2121 2244
2121 2245
2121 2251
2122 2119
2122 2128
2122 2246
2122 2252
2123 2124
2123 2126
2123 2130
2123 2247
2124 2123
2124 2125
2124 2131
2124 2248
2124 2253
2124 2254
2125 2119
2125 2124
2125 2132
2125 2248
2125 2249
2125 2253
2125 2254
2126 2123
2126 2134
2126 2247
2126 2250
2127 2128
2127 2135
2127 2251
2127 2252
2127 2256
2128 2122
2128 2127
2128 2136
2128 2251
2128 2252
2128 2254
2128 2256
2129 2130
2129 2133
2129 2138
2129 2139
2130 2123
2130 2129
2130 2131
2130 2139
2131 2124
2131 2130
2131 2132
2131 2140
2131 2253
2132 2125
2132 2131
2132 2136
2132 2249
2132 2253
2132 2254
2132 2256
2133 2129
2133 2134
2133 2138
2133 2142
2134 2126
2134 2133
2134 2135
2134 2143
2135 2127
2135 2134
2135 2136
2135 2144
2135 2256
2136 2128
2136 2132
2136 2135
2136 2252
2136 2256
2137 2138
2137 2141
2137 2142
2137 2147
2137 2148
2138 2129
2138 2133
2138 2137
2138 2141
2138 2142
2138 2148
2139 2129
2139 2130
2139 2140
2139 2149
2139 2150
2140 2131
2140 2139
2140 2144
2140 2150
2140 2156
2141 2137
2141 2138
2141 2142
2141 2153
2142 2133
2142 2137
2142 2138
2142 2141
2143 2134
2143 2144
2143 2155
2143 2156
2144 2135
2144 2140
2144 2143
2144 2150
2144 2156
2145 1540
2145 1541
2145 1629
2145 1630
2145 2151
2146 2147
2146 2152
2146 2160
2146 2166
2147 2137
2147 2146
2147 2148
2147 2152
2147 2153
2148 2137
2148 2138
2148 2147
2148 2149
2148 2163
2149 2139
2149 2148
2149 2150
2149 2155
2149 2156
2149 2163
2150 2139
2150 2140
2150 2144
2150 2149
2150 2155
2150 2156
2151 1544
2151 1545
2151 1634
2151 2145
2152 2146
2152 2147
2152 2153
2152 2160
2152 2166
2153 2141
2153 2147
2153 2152
2153 2154
2154 2153
2154 2155
2154 2168
2154 2169
2155 2143
2155 2149
2155 2150
2155 2154
2155 2156
2155 2163
2155 2169
2156 2140
2156 2143
2156 2144
2156 2149
2156 2150
2156 2155
2157 1625
2157 1626
2157 1630
2157 1727
2157 2158
2157 2173
2157 2176
2158 1629
2158 1630
2158 1727
2158 2157
2158 2176
2158 2177
2159 2160
2159 2165
2159 2176
2159 2177
2160 2146
2160 2152
2160 2159
2160 2161
2161 2160
2161 2162
2161 2179
2161 2180
2162 2161
2162 2163
2162 2168
2162 2180
2162 2185
2163 2148
2163 2149
2163 2155
2163 2162
2163 2169
2164 1633
2164 1634
2164 1731
2164 2170
2164 2181
2164 2182
2165 2159
2165 2166
2165 2181
2165 2182
2166 2146
2166 2152
2166 2165
2166 2171
2166 2172
2167 2168
2167 2171
2167 2172
2167 2184
2167 2189
2168 2154
2168 2162
2168 2167
2168 2169
2168 2185
2169 2154
2169 2155
2169 2163
2169 2168
2170 1634
2170 1637
2170 1638
2170 1731
2170 2164
2170 2181
2171 2166
2171 2167
2171 2172
2171 2188
2171 2189
2172 2166
2172 2167
2172 2171
2172 2189
2173 1723
2173 1724
2173 2157
2173 2190
2174 2175
2174 2177
2174 2190
2174 2191
2175 2174
2175 2178
2175 2192
2175 2194
2176 1728
2176 2157
2176 2158
2176 2159
2176 2177
2177 2158
2177 2159
2177 2174
2177 2176
2178 2175
2178 2179
2178 2192
2178 2194
2179 2161
2179 2178
2179 2180
2179 2197
2180 2161
2180 2162
2180 2179
2180 2185
2181 1732
2181 2164
2181 2165
2181 2170
2181 2182
2182 2164
2182 2165
2182 2181
2182 2187
2183 2184
2183 2188
2183 2189
2183 2196
2183 2197
2183 2200
2184 2167
2184 2183
2184 2185
2184 2189
2184 2197
2185 2162
2185 2168
2185 2180
2185 2184
2186 1735
2186 1736
2186 2187
2186 2198
2186 2201
2187 2182
2187 2186
2187 2188
2187 2201
2188 2171
2188 2183
2188 2187
2188 2189
2188 2200
2189 2167
2189 2171
2189 2172
2189 2183
2189 2184
2189 2188
2190 1838
2190 2173
2190 2174
2190 2191
2191 1838
2191 2174
2191 2190
2191 2192
2192 2175
2192 2178
2192 2191
2192 2193
2192 2194
2193 1842
2193 1962
2193 2192
2193 2194
2194 2175
2194 2178
2194 2192
2194 2193
2194 2197
2195 1846
2195 1966
2195 2196
2195 2200
2196 2183
2196 2195
2196 2197
2196 2200
2197 2179
2197 2183
2197 2184
2197 2194
2197 2196
2198 1851
2198 2186
2198 2199
2198 2201
2198 2202
2199 1852
2199 1970
2199 2198
2199 2201
2199 2202
2200 2183
2200 2188
2200 2195
2200 2196
2201 2186
2201 2187
2201 2198
2201 2199
2202 1852
2202 1857
2202 1858
2202 1969
2202 1973
2202 1974
2202 2198
2202 2199
2203 2095
2203 2096
2203 2098
2203 2101
2203 2206
2203 2209
2204 2096
2204 2097
2204 2102
2204 2205
2204 2210
2205 2090
2205 2097
2205 2100
2205 2103
2205 2204
2205 2208
2205 2211
2206 2098
2206 2099
2206 2104
2206 2203
2206 2212
2207 2099
2207 2100
2207 2105
2207 2213
2208 2099
2208 2100
2208 2106
2208 2205
2208 2214
2209 2101
2209 2102
2209 2104
2209 2203
2209 2210
2209 2212
2210 2102
2210 2108
2210 2204
2210 2209
2211 2103
2211 2109
2211 2205
2211 2214
2211 2217
2212 2101
2212 2104
2212 2110
2212 2206
2212 2209
2213 2104
2213 2105
2213 2111
2213 2207
2214 2106
2214 2112
2214 2208
2214 2211
2214 2220
2215 2107
2215 2108
2215 2110
2215 2216
2215 2218
2216 2107
2216 2108
2216 2215
2216 2218
2216 2222
2216 2224
2217 2109
2217 2211
2217 2221
2217 2223
2218 2107
2218 2110
2218 2111
2218 2215
2218 2216
2218 2219
2218 2224
2219 2110
2219 2111
2219 2218
2219 2224
2219 2225
2220 2106
2220 2112
2220 2214
2220 2221
2220 2226
2221 2109
2221 2112
2221 2217
2221 2220
2221 2223
2221 2226
2221 2227
2222 2216
2222 2224
2222 2225
2222 2228
2223 2217
2223 2221
2223 2227
2223 2229
2224 2216
2224 2218
2224 2219
2224 2222
2224 2225
2225 2219
2225 2222
2225 2224
2225 2232
2226 2220
2226 2221
2226 2227
2226 2233
2227 2221
2227 2223
2227 2226
2227 2230
2227 2234
2228 2222
2228 2231
2228 2232
2228 2236
2229 2223
2229 2230
2229 2234
2229 2237
2230 2227
2230 2229
2230 2233
2230 2234
2231 2228
2231 2232
2231 2235
2231 2238
2232 2225
2232 2228
2232 2231
2232 2255
2233 2226
2233 2230
2233 2234
2233 2240
2233 2255
2234 2227
2234 2229
2234 2230
2234 2233
2234 2255
2235 2113
2235 2114
2235 2115
2235 2231
2235 2236
2235 2238
2236 2113
2236 2114
2236 2228
2236 2235
2236 2238
2237 2119
2237 2229
2237 2240
2237 2243
2238 2113
2238 2115
2238 2116
2238 2231
2238 2235
2238 2236
2238 2239
2239 2115
2239 2116
2239 2238
2239 2245
2240 2233
2240 2237
2240 2246
2240 2255
2241 2113
2241 2114
2241 2117
2241 2118
2241 2120
2241 2242
2241 2244
2241 2247
2242 2114
2242 2117
2242 2118
2242 2119
2242 2241
2242 2243
2243 2119
2243 2237
2243 2242
2243 2246
2244 2115
2244 2120
2244 2121
2244 2241
2244 2245
2244 2250
2245 2116
2245 2120
2245 2121
2245 2239
2245 2244
2246 2119
2246 2122
2246 2240
2246 2243
2247 2117
2247 2123
2247 2126
2247 2241
2247 2248
2247 2250
2248 2124
2248 2125
2248 2247
2248 2253
2248 2254
2249 2119
2249 2125
2249 2132
2249 2253
2249 2254
2250 2120
2250 2126
2250 2244
2250 2247
2251 2121
2251 2127
2251 2128
2251 2252
2252 2122
2252 2127
2252 2128
2252 2136
2252 2251
2252 2254
2252 2256
2253 2124
2253 2125
2253 2131
2253 2132
2253 2248
2253 2249
2253 2254
2254 2124
2254 2125
2254 2128
2254 2132
2254 2248
2254 2249
2254 2252
2254 2253
2255 2232
2255 2233
2255 2234
2255 2240
2256 2127
2256 2128
2256 2132
2256 2135
2256 2136
2256 2252
